1 1.2180588376526524 0.46581182881580246
2 -3.929082224226782 0.7180463634104881
3 1.2716697610237306 -2.08000746446218e-15
4 3.929082224226693 0.7180463634104491
5 1.218058837652675 -0.46581182881586836
6 -8.473696825670075 4.58765590389769
7 -5.557810284874233 2.920210823894873
8 -2.806841907154231 9.987970017473671
9 -5.292760034896229 -9.625501770711708e-15
10 2.8068419071542507 9.98797001747363
11 -5.557810284874228 -2.9202108238948856
12 8.473696825670103 4.587655903897743
13 7.272306950564857 -7.187394028826471
14 -4.925459906500308 0.8072889662425178
15 -1.5658765779304296 3.758442064693078
16 5.166285160849577 -8.092938999816983
17 1.6236527878101366 -4.1482539373678596e-16
18 -5.166285160849578 -8.092938999817001
19 -1.565876577930439 -3.758442064693059
20 4.925459906500307 0.8072889662425129
21 7.272306950564848 7.18739402882647
22 -1.4745045290498486 6.189201495338625
23 4.006957851840205 6.048434057604981
24 0.2197464962482919 5.492606397764707
25 -6.868626795810977 2.856730267858063
26 1.592963603612155 -2.6772770976066553
27 -4.502626831934571 -9.555617529993191e-16
28 -1.592963603612093 -2.6772770976066425
29 -6.868626795810924 -2.8567302678581132
30 -0.21974649624832776 5.492606397764768
31 4.006957851840171 -6.048434057604895
32 1.474504529049904 6.189201495338639
33 -0.5083846231469383 -0.5700027318630276
34 -1.8226477919519757 1.0213185997924654
35 1.4627465654088685 3.3590495923373873
36 1.7479311907378148 -1.7016933864357382
37 2.851230022064951 -4.922860484333068
38 -2.6253241740329036 -0.07560321355014579
39 0.5885381551747618 2.5616516424617878e-15
40 2.625324174032922 -0.07560321355014882
41 2.851230022064964 4.92286048433298
42 -1.7479311907377628 -1.701693386435762
43 1.4627465654088554 -3.359049592337398
44 1.822647791951884 1.0213185997925305
45 -0.5083846231469635 0.5700027318630042
46 -0.9364426117444578 3.3223268851495806
47 -1.5980266369729623 -0.7711037023195618
48 -1.0357819004868103 0.7926321897470437
49 -1.709966699663843 -0.3944304292522379
50 0.73404441584747 -0.14871149810511522
51 -2.026273863327044 3.4557012919684893
52 -0.6148359405596558 2.543075989489499
53 -1.4336320268136888 -3.146945421632072e-15
54 0.6148359405596392 2.5430759894894726
55 -2.0262738633270208 -3.4557012919685066
56 -0.7340444158473985 -0.14871149810513373
57 -1.7099666996638778 0.3944304292522082
58 1.0357819004867541 0.7926321897470818
59 -1.5980266369729283 0.7711037023195568
60 0.9364426117445076 3.322326885149535
61 -1.5938521530145282 -3.1642930509094294
62 -1.6995555218419671 -0.8811279766936125
63 3.1054499999026786 -0.38105849906062345
64 1.6688708976999083 -0.47509728581080557
65 1.7068946164155223 -1.5539632668433383
66 1.53580890328572 -1.8338798026116616
67 -0.3528949325930579 -0.5747381969101053
68 1.8560381591361008 1.119013336529249
69 2.447806125569454 -1.9714757438347308e-15
70 -1.8560381591360975 1.1190133365292532
71 -0.35289493259306426 0.5747381969101006
72 -1.5358089032856779 -1.833879802611642
73 1.7068946164155465 1.5539632668433305
74 -1.6688708976999047 -0.4750972858108034
75 3.105449999902677 0.38105849906065103
76 1.6995555218419802 -0.881127976693577
77 -1.5938521530145306 3.164293050909431
78 -1.2596304640090403 0.6935689751122411
79 -0.16813398033884103 2.9606608668043486
80 0.8316819790369845 -0.9938416767110101
81 -3.618528527409006 -0.11438045995501785
82 -0.5476810961104225 -0.6163630155209794
83 0.6173428861078765 -2.4145643345010943
84 3.5142987895849163 3.2491174771877023
85 -0.742484226253477 3.202139651606283
86 1.4879726518480947 -0.30756519573664354
87 2.8773405245996786 1.4264342074353389e-15
88 -1.4879726518480998 -0.30756519573663826
89 -0.7424842262534691 -3.2021396516062888
90 -3.5142987895849114 3.249117477187695
91 0.6173428861078776 2.4145643345011005
92 0.5476810961104237 -0.6163630155209842
93 -3.618528527409016 0.11438045995504086
94 -0.831681979036972 -0.9938416767109892
95 -0.16813398033883872 -2.9606608668043486
96 1.2596304640090497 0.6935689751122369
97 0.8479845044538377 -0.0885840745031614
98 1.1356352219473558 0.10493541616549881
99 1.2546231329805004 -1.387991484078393
100 -0.275057200624192 1.022282599952297
101 -1.6167842385612161 2.3557453987737644
102 -1.3597620935659114 -1.8442535200629895
103 0.35973719495442674 0.4773175859875754
104 -0.12738703619040675 1.4225221507009387
105 1.3338896090942032 2.21020159868972
106 -2.4214915864916176 3.4886710580622027
107 1.353514343248329 -2.851553424570928e-15
108 2.4214915864916207 3.4886710580622036
109 1.3338896090942074 -2.2102015986897294
110 0.1273870361904076 1.4225221507009314
111 0.35973719495443035 -0.47731758598756724
112 1.3597620935659211 -1.8442535200629924
113 -1.6167842385612061 -2.3557453987737684
114 0.27505720062420524 1.022282599952291
115 1.2546231329805058 1.387991484078394
116 -1.1356352219473465 0.10493541616549609
117 0.8479845044538395 0.08858407450316268
