1 -4.768841390797954 -0.42261498958454063
2 -2.5161278081598386 0.9248734507530825
3 27.6893722796162 9.18731305768222e-15
4 2.5161278081599043 0.9248734507531196
5 -4.76884139079795 0.4226149895845777
6 -3.198751873507084 4.119149482293561
7 8.67989723893275 -3.4915947865089376
8 13.371251672250978 -7.270908387479555
9 -9.721733924118581 3.534100800398167e-14
10 -13.371251672251013 -7.2709083874795395
11 8.679897238932794 3.491594786508951
12 3.1987518735070033 4.1191494822934835
13 -3.769636233362317 -4.601044433984121
14 0.45793581104619635 2.526104962938907
15 -0.30373600270229784 -2.768211939559544
16 -9.39962428154737 -3.6650675406274056
17 -1.5523294869215998 -1.2682540020145836e-14
18 9.399624281547379 -3.665067540627477
19 -0.30373600270232765 2.7682119395595883
20 -0.4579358110462276 2.526104962938892
21 -3.7696362333623243 4.601044433984126
22 -0.37847732563465136 -0.9394339333986403
23 -0.44964853260863236 -4.633228881347531
24 -0.9073068505521373 3.6220112887298592
25 1.6461337994277563 6.081001430130907
26 5.041968446260523 3.621803225009039
27 -3.43538614195737 5.576966364251589e-15
28 -5.041968446260489 3.621803225009053
29 1.6461337994277436 -6.081001430130908
30 0.907306850552114 3.622011288729895
31 -0.44964853260866156 4.633228881347558
32 0.37847732563464653 -0.9394339333986469
33 0.9688186963045526 2.9346682453906614
34 -0.5680876947850225 1.235940974816521
35 0.2216150225116367 2.1946343530044903
36 -2.9581033954584566 -0.03328305050672541
37 -2.1395928094558365 -2.7349575660317815
38 4.514121987160065 3.4726274110157167
39 -1.8193885177733966 7.065186407468041e-15
40 -4.514121987160067 3.4726274110157354
41 -2.1395928094558014 2.7349575660317873
42 2.958103395458447 -0.03328305050675023
43 0.22161502251165072 -2.194634353004479
44 0.5680876947850247 1.23594097481652
45 0.9688186963045526 -2.9346682453907107
46 0.3727769855180333 -1.0600631527477913
47 0.35696101366914557 -1.07575755183863
48 -1.5669465363681023 -1.6850007499465829
49 -1.9899340807213366 1.5623639633597877
50 -1.9276350500328172 -1.9314123770990939
51 -0.9600604602425891 -0.6219366233971341
52 -2.740944747695821 1.7857529551267253
53 -1.9478572092151394 -1.877060159525036e-15
54 2.740944747695812 1.7857529551267333
55 -0.96006046024259 0.6219366233971203
56 1.9276350500328074 -1.9314123770990947
57 -1.989934080721338 -1.5623639633597868
58 1.5669465363681054 -1.6850007499465813
59 0.35696101366914557 1.0757575518386215
60 -0.37277698551803534 -1.0600631527478028
61 -2.642771084206664 -1.3996365557902053
62 -1.5932534262366873 3.1625938376778207
63 0.31952774536075595 -2.930037891429423
64 -0.292986031912918 -1.0795154340220476
65 -4.532503371902403 0.20690954252399776
66 1.0187828207003675 0.4841709136294056
67 -0.13082360128062537 -0.45095282972919326
68 1.0793809001222594 2.5765006674216053
69 0.5075562322342374 5.710746193545488e-15
70 -1.0793809001222787 2.5765006674215973
71 -0.13082360128063145 0.4509528297291882
72 -1.018782820700356 0.4841709136293825
73 -4.5325033719024015 -0.20690954252401375
74 0.29298603191288 -1.0795154340220685
75 0.31952774536074136 2.9300378914294165
76 1.593253426236682 3.1625938376777927
77 -2.642771084206679 1.3996365557902153
78 0.7190690563624342 -0.17459220322993832
79 0.8641207097661447 1.8410087550755776
80 2.417309979099505 -2.570571661156707
81 -0.4388426823061248 2.893010463291961
82 0.7138447040908364 -0.6253001679174894
83 0.625618088845677 -2.1699164752222826
84 -2.402134321608704 0.07933739997797015
85 -0.04716342143339308 0.5600475837267809
86 1.3266317619157 -0.8523084212064392
87 2.404496228744332 4.127179015205296e-15
88 -1.3266317619157109 -0.8523084212064522
89 -0.047163421433378414 -0.5600475837268027
90 2.402134321608691 0.07933739997796872
91 0.6256180888456919 2.1699164752222795
92 -0.7138447040908473 -0.6253001679174823
93 -0.438842682306133 -2.8930104632919345
94 -2.417309979099475 -2.5705716611567015
95 0.8641207097661187 -1.841008755075589
96 -0.71906905636243 -0.17459220322994348
97 -1.5058398823694081 -1.3379989711756302
98 0.36767194215678556 -2.224617314694903
99 1.0457418802071499 -1.050776194004575
100 3.1553191852875715 -2.678881668028489
101 -0.6252459450012819 1.086768901931521
102 0.9422454242117262 0.32250738176710275
103 0.8399524319157666 0.9722419296558557
104 0.9011393293004474 0.8092067972198
105 -0.03250641716724187 -0.1880237044123847
106 -0.05157532275656117 0.8786695182235696
107 1.6540002441045984 -5.921990828304081e-15
108 0.051575322756550704 0.8786695182235534
109 -0.03250641716723166 0.18802370441236743
110 -0.9011393293004286 0.8092067972197543
111 0.8399524319157692 -0.9722419296558283
112 -0.942245424211716 0.3225073817670917
113 -0.6252459450012786 -1.0867689019315505
114 -3.155319185287559 -2.6788816680285055
115 1.0457418802071627 1.050776194004557
116 -0.3676719421567912 -2.224617314694908
117 -1.5058398823694135 1.337998971175655
