1 -7.844285741003566 3.4750694496045615
2 -11.189895772570171 -1.1380858614882998
3 8.74704233593142 -7.845028448529977e-15
4 11.189895772570148 -1.1380858614882798
5 -7.844285741003558 -3.475069449604581
6 3.041233490997317 -5.846993559263821
7 8.951502124432846 1.9454844930195796
8 1.0690824584873289 -4.193300835754236
9 -1.4208298092216198 4.766552600171879e-15
10 -1.0690824584873404 -4.193300835754198
11 8.95150212443283 -1.945484493019576
12 -3.0412334909973135 -5.846993559263857
13 -3.760300318580421 -4.7540331502709785
14 2.083431482879421 0.540308096577419
15 4.183593059506884 0.4842360791265465
16 -12.044674442690484 -1.5351061058209847
17 3.7487933178081163 -6.073599676618794e-15
18 12.044674442690479 -1.5351061058210527
19 4.183593059506836 -0.4842360791264387
20 -2.0834314828794485 0.5403080965773605
21 -3.7603003185804487 4.754033150271067
22 -1.707245558134918 -0.75831584256516
23 -6.09602241232473 3.406356872180041
24 -4.213651602689459 -6.20935856240992
25 3.0812880413426607 0.16986757478210213
26 6.574112107288094 3.12244759831977
27 -1.3160319520791135 -1.5960984901824727e-15
28 -6.574112107288042 3.1224475983197824
29 3.081288041342699 -0.16986757478214423
30 4.213651602689426 -6.209358562409867
31 -6.0960224123247695 -3.4063568721799715
32 1.707245558134958 -0.7583158425651594
33 3.3099227764271792 -2.513926348973761
34 0.6015264955645334 0.15710733979960553
35 2.7325740729303662 3.0992411961668873
36 0.4261277157635655 1.3821490194517758
37 0.28946825210234134 0.41366273016846156
38 -5.131269992842459 1.500304851155406
39 -7.3302782478384385 -3.4263734405101065e-16
40 5.1312699928424665 1.5003048511554011
41 0.28946825210234506 -0.41366273016849503
42 -0.4261277157635495 1.382149019451762
43 2.732574072930357 -3.099241196166894
44 -0.6015264955645669 0.15710733979963576
45 3.309922776427178 2.513926348973755
46 -0.17316739529867667 -5.181244918888824
47 1.3188907524921512 -0.24274181423462204
48 2.302611719713855 -1.115206192876585
49 -4.135500022682884 0.5802531450179006
50 1.606669206260806 2.2795763794220756
51 0.6491711059782966 -0.07367313100453322
52 -1.7310270762816535 -1.3498423766774066
53 -0.8255861881385724 4.013965832994562e-15
54 1.73102707628164 -1.3498423766774095
55 0.6491711059783208 0.07367313100451352
56 -1.6066692062608317 2.279576379422071
57 -4.135500022682884 -0.580253145017926
58 -2.3026117197138722 -1.1152061928765729
59 1.3188907524921376 0.24274181423464783
60 0.17316739529867387 -5.181244918888841
61 4.104927010260217 -1.8589976209944408
62 2.0475388968533808 1.8769130739288384
63 -1.0097343626036464 -1.8453679253590842
64 2.815633871368927 -0.1934493458023038
65 1.5137641927943681 2.5093644080709736
66 1.8421115298462403 -0.931017891867281
67 -0.9484796928801805 0.8708066458435634
68 0.9089969624324277 -0.45988856526541083
69 4.6175820084317625 8.35649766021536e-15
70 -0.9089969624324369 -0.45988856526542216
71 -0.9484796928801983 -0.8708066458435741
72 -1.8421115298462305 -0.931017891867305
73 1.513764192794384 -2.5093644080709847
74 -2.815633871368976 -0.19344934580233222
75 -1.0097343626036617 1.8453679253590833
76 -2.047538896853396 1.8769130739288087
77 4.104927010260198 1.858997620994449
78 -1.200096615253595 -2.2880904990477577
79 -1.9972760643610634 -0.17374164997330166
80 -1.4949607726466012 -1.3635873791027953
81 -1.022074457884368 -2.332826297911342
82 3.4203842424008615 1.3025351589100036
83 -5.692830790565275 0.30078736977913356
84 3.3493157708124284 0.13219777183262937
85 -2.151057608474456 0.09339509899925624
86 -3.236984872484029 1.8106447109595938
87 0.31827720070292165 -2.381616599158268e-15
88 3.236984872484024 1.8106447109595887
89 -2.1510576084744444 -0.09339509899925999
90 -3.349315770812432 0.1321977718326329
91 -5.692830790565261 -0.30078736977913395
92 -3.420384242400861 1.3025351589100105
93 -1.022074457884363 2.3328262979113594
94 1.494960772646631 -1.3635873791027948
95 -1.9972760643610672 0.17374164997329203
96 1.200096615253607 -2.2880904990477573
97 -1.6142394672251976 -1.0520202114001578
98 0.3596135840603985 1.8612026047732892
99 1.2202712463848562 -1.6795539166463265
100 0.7385895560153121 -0.8622761990763363
101 0.2964243077720511 -0.9492108519280407
102 -0.7720233470165614 -0.4007913852390457
103 -3.1674766467058686 1.2009756650203296
104 -0.9767293035163725 2.0601688123797213
105 -0.26524255196403573 0.4962932051625965
106 0.1491338239141236 0.9481375758653168
107 -2.3638669974625954 1.986289696565938e-15
108 -0.14913382391412192 0.9481375758653224
109 -0.26524255196403235 -0.4962932051625881
110 0.9767293035163609 2.060168812379729
111 -3.167476646705868 -1.200975665020336
112 0.77202334701656 -0.4007913852390426
113 0.2964243077720505 0.9492108519280495
114 -0.7385895560153063 -0.8622761990763361
115 1.220271246384848 1.6795539166463243
116 -0.3596135840603977 1.8612026047732884
117 -1.6142394672251899 1.0520202114001622
