1 26.933732371536486 -13.490878961292786
2 -2.305385809840713 10.530266354558853
3 -9.802224684640652 -9.013877678049352e-15
4 2.3053858098406077 10.53026635455883
5 26.93373237153651 13.490878961292678
6 -6.211729288195568 -1.0147936253189092
7 -4.579174930628081 -5.379294227727029
8 6.5309898435053535 6.196302357580047
9 -0.44815568954370316 -3.814502052032926e-14
10 -6.530989843505301 6.196302357580044
11 -4.579174930628141 5.379294227726991
12 6.211729288195667 -1.0147936253188203
13 -0.3830571352166894 0.1346909070157214
14 1.2164843349455763 7.539212312471902
15 -2.8904638007345773 -0.23105770684850022
16 -3.404161373272185 -8.482101281230522
17 1.5702284344775346 8.997768083680898e-15
18 3.4041613732721814 -8.48210128123047
19 -2.8904638007345587 0.2310577068484624
20 -1.216484334945548 7.539212312471918
21 -0.3830571352166555 -0.13469090701573788
22 -1.3918385877278328 -2.174382733079488
23 4.473164456815383 -1.2702979985527614
24 3.162821693686171 -0.4123891068499009
25 -6.0262811473962445 1.8895739261674258
26 -2.510364368260915 1.3376238210431992
27 1.147395052822211 -5.19831134029684e-17
28 2.510364368260884 1.337623821043199
29 -6.026281147396247 -1.8895739261674183
30 -3.162821693686167 -0.4123891068499209
31 4.473164456815383 1.2702979985527494
32 1.3918385877278188 -2.174382733079491
33 2.340320728406943 -1.8355238874872835
34 -0.8034995306980531 -1.4596808830653363
35 -3.540361757796851 -2.9074228165018967
36 -4.73835596933901 -1.6141403597093429
37 1.1096356509334222 -2.8727448993456637
38 4.512958054105822 -0.4105859864161225
39 -0.9323759097421451 3.762285862320432e-15
40 -4.512958054105826 -0.4105859864161131
41 1.1096356509334402 2.872744899345678
42 4.738355969339001 -1.6141403597093447
43 -3.5403617577968527 2.907422816501891
44 0.8034995306980641 -1.4596808830653398
45 2.340320728406945 1.8355238874872684
46 0.03315082220249989 1.1166021203369803
47 1.3516915296217975 2.8995638576501834
48 1.0941261796482338 1.3938416580840172
49 0.6964712381628437 -4.815156710920781
50 0.40087136442315763 -0.3270228634034551
51 -1.8822482163599403 -1.9352516271286062
52 0.10855583188189546 -0.5492758911451099
53 -3.115930797018025 8.636141887287884e-16
54 -0.10855583188189827 -0.5492758911451229
55 -1.8822482163599559 1.9352516271286213
56 -0.40087136442311694 -0.3270228634034467
57 0.6964712381628394 4.815156710920787
58 -1.0941261796482311 1.3938416580840056
59 1.351691529621805 -2.8995638576502096
60 -0.03315082220250345 1.1166021203369927
61 1.1433181563310528 -0.7067725073476657
62 -0.857410612886006 0.7068170648473355
63 0.7347217405627599 0.8502871363571333
64 -3.148025312534329 0.8220214278855679
65 -1.2563221692189404 0.36975009313176743
66 -3.247128913480733 -0.7602663962871256
67 -0.05542782013688489 -1.1829110816458421
68 0.42421657713780014 -0.5272366428407615
69 -1.097188316032738 2.960039474892788e-15
70 -0.4242165771377937 -0.5272366428407574
71 -0.05542782013687075 1.1829110816458572
72 3.2471289134807266 -0.7602663962871171
73 -1.256322169218944 -0.3697500931317646
74 3.1480253125343447 0.8220214278855823
75 0.7347217405627602 -0.8502871363571366
76 0.8574106128860187 0.7068170648473561
77 1.1433181563310586 0.7067725073476662
78 -1.0991735968611136 -0.30498341843162174
79 -0.07025375549306825 0.8499357560441668
80 0.36726693048517633 1.3128155957963314
81 0.8835012932079879 0.00041895013903713263
82 -0.0970053295359942 1.604884376444087
83 0.3181463097239537 -0.38889679382726394
84 -0.10168165029165029 0.08175778268063469
85 0.70031366760836 -1.5905792708101896
86 -0.9253925255111641 1.174997771886509
87 1.0037272621966447 -3.143729545461977e-15
88 0.9253925255111733 1.1749977718865114
89 0.7003136676083587 1.5905792708102058
90 0.10168165029165 0.08175778268064256
91 0.31814630972395197 0.3888967938272606
92 0.09700532953599607 1.6048843764440839
93 0.8835012932079881 -0.0004189501390472887
94 -0.36726693048518627 1.3128155957963241
95 -0.07025375549305628 -0.8499357560441672
96 1.0991735968611165 -0.30498341843162263
97 1.293762540994058 1.2512030152932259
98 -0.24217376682595804 1.0776530516088496
99 -1.6411407266412201 -0.9646571743344124
100 0.3885602093234019 0.5936642565169892
101 0.13385923217124665 -0.3267759474526967
102 -0.3656323823206807 0.25932761033446905
103 -0.728902389766343 -0.044709000776817935
104 0.9753866895805756 -0.08584904856871421
105 0.27827418470095233 1.1600047125139277
106 -0.17877480612325755 0.22331799016722
107 -0.7765734285734168 1.3576054682889287e-16
108 0.17877480612326246 0.22331799016722606
109 0.27827418470095283 -1.1600047125139248
110 -0.9753866895805817 -0.08584904856870902
111 -0.7289023897663449 0.044709000776812745
112 0.36563238232067774 0.25932761033447116
113 0.1338592321712447 0.3267759474526899
114 -0.3885602093234066 0.5936642565169917
115 -1.6411407266412235 0.9646571743344116
116 0.24217376682596348 1.0776530516088554
117 1.2937625409940676 -1.2512030152932365
