   0.48835 -15.45579  75.86531 -73.61793   0.00000   0.00000       0.00       0.00    1281.37     128.88      65.57      74.45     462.53      81.18     414.90     118.35       1283.16     151.50     184.00 0 WLM
   1.58700 -41.49484 332.82294 -72.91464   0.00000   0.00000       0.00       0.00    4887.96     115.24     113.18      49.93     484.08      86.28    1466.86      98.77       5319.49     229.62     158.00 0 ESO    0.005043
   1.76735 -41.34636 332.74973 -73.11434   0.00000   0.00000       0.00       0.00    1224.83     153.09     102.71      58.62      75.31      86.61     421.34     143.95       1274.98     157.95     154.00 0 ESO    0.04642
   2.59336 -46.42580 323.04221 -69.06621   0.00000   0.00000       0.00       0.00    3473.41     178.97      63.36      62.18     303.89     112.74     858.84      99.83       3540.28     188.13     139.00 0 ESO    0.02003
   5.37894 -48.62863 316.05566 -67.73009   0.00000   0.00000       0.00       0.00    4588.02     164.35     103.41      46.61     254.50     105.85    1419.62      96.67       4723.64     190.45     137.00 0 N92    0.01074
   5.70137 -45.26002 318.55264 -70.98983   0.00000   0.00000       0.00       0.00     971.21     131.05     -89.83      55.18      55.04     112.34     336.01     144.77        923.05     156.27     135.00 0 N98    0.02060
  10.19288  40.61975 120.74594 -22.20672   0.00000   0.00000       0.00       0.00   41339.80    4538.59     925.96      92.69    3533.71     350.12   13486.80    1469.70      33962.80    2721.30     432.00 0 M31
  10.85935 -55.33584 305.33600 -61.75505   0.00000   0.00000       0.00       0.00     913.00     123.51     -28.83      42.13      14.40     100.98     562.19      81.33        891.86     151.69     162.00 0 ESO    0.02651
  10.86985 -50.17912 306.18042 -66.89890   0.00000   0.00000       0.00       0.00    1566.47     104.62     157.19      79.06     119.58      93.64     282.80      83.16       1550.18     146.82     149.00 0 N238   0.02871
  12.08884 -73.10003 303.24347 -44.02636   0.00000   0.00000       0.00       0.00   60326.57    8440.63    1750.29     216.39    5524.13     859.10   20802.05    2958.45      51944.34    3951.43    1150.00 0 SMC
  12.35271 -55.35555 303.54099 -61.77031   0.00000   0.00000       0.00       0.00    1189.71     146.47     -42.51      56.56      20.29     112.98     446.47      88.80       1142.02     151.46     159.00 0 ESO    0.06292
  12.40369   1.11452 121.96899 -61.75382   0.00000   0.00000       0.00       0.00    1201.00     161.65    -100.40      74.14     -89.25     109.16     534.36     145.13       1175.78     153.19     209.00 0 U507   0.01746
  18.11066 -58.26058 297.62201 -58.65060   0.00000   0.00000       0.00       0.00    1939.10     163.73     122.39      62.73      72.11      74.21     461.75     115.62       2059.21     173.50     149.00 0 N434   0.01600
  24.17852  15.78511 138.62239 -45.70275   0.00000   0.00000       0.00       0.00   23827.45     956.62     391.12      61.61    1772.96     114.10    5702.92     210.24      20381.21    1017.28     783.00 0 N628
  26.94254 -33.60157 244.42358 -76.25063   0.00000   0.00000       0.00       0.00     990.41     105.66     -15.24      52.03     -16.44      70.32     265.02     123.84       1035.15     127.83     172.00 0 IC1728 0.02884
  33.72351 -24.87519 210.77179 -71.13498   0.00000   0.00000       0.00       0.00    1230.93     100.41     123.84      42.99     -29.88      61.62     504.35      82.31       1036.27     130.50     162.00 0 ESO    0.03784
  41.60492  -0.49501 173.74098 -51.64867   0.00000   0.00000       0.00       0.00    7305.56     251.37     -53.16      44.72     621.61      63.61    2210.52     135.32       7618.67     326.64     651.00 0 N1087  0.005060
  49.95672 -26.06590 219.70586 -56.93229   0.00000   0.00000       0.00       0.00    2036.59     136.99     175.71      59.67     241.63      87.18     877.83     108.48       1948.62     138.66     144.00 0 N1302  0.005704
  53.75013 -24.93410 218.95390 -53.35205   0.00000   0.00000       0.00       0.00    2883.48     107.59      20.20      34.69     339.37      61.39    1004.79      62.51       2508.74     118.91     207.00 0 N1371  0.004880
  63.17099 -57.72364 268.38986 -43.55349   0.00000   0.00000       0.00       0.00    1488.40     127.32      73.32      38.71     100.82      67.44     723.12      81.08       1289.33     109.29     228.00 0 N1543  0.003922
  72.73472 -68.98914 280.43384 -35.86082   0.00000   0.00000       0.00       0.00   24689.91    4003.25     568.73      75.84    2109.76     325.80    9636.79    1432.66      18914.23    1262.94    3530.00 0 LMC
  72.75906 -70.38802 282.06091 -35.40454   0.00000   0.00000       0.00       0.00   12721.06    1579.15     396.17      88.06    1126.87     210.06    4530.39     642.09      10723.38     675.81    2240.00 0 LMC
  73.02383 -66.91932 277.94812 -36.37490   0.00000   0.00000       0.00       0.00   78329.89    7091.83    2027.63     186.68    7672.98     695.01   30140.23    2878.42      69647.48    3867.41    2850.00 0 LMC
  73.03964 -69.36333 280.83014 -35.64097   0.00000   0.00000       0.00       0.00  101286.18    7075.65    2288.20     114.71    8148.82     589.20   30689.10    2176.87      88546.15    6084.87    3610.00 0 LMC
  74.29468 -68.73875 279.93341 -35.39861   0.00000   0.00000       0.00       0.00   33699.71    4300.66     697.14     113.97    2277.07     465.61   10105.28    1879.61      31919.03    2021.34    4260.00 0 LMC
  74.29716 -66.39393 277.15237 -36.03104   0.00000   0.00000       0.00       0.00  134337.33   14915.24    2914.00     321.01   10330.09    1177.59   41243.78    4905.34     110020.16   10280.40    2690.00 0 LMC
  74.31891 -68.42128 279.55649 -35.47954   0.00000   0.00000       0.00       0.00   60117.05    5132.48    1523.42     117.73    5212.75     418.82   21298.06    1649.00      56721.16    4048.40    4560.00 0 LMC
  74.91456 -70.16138 281.52298 -34.78256   0.00000   0.00000       0.00       0.00   36233.11    1883.79     767.50      43.86    3236.57     203.26   12729.96     728.55      30061.62    1873.94    3420.00 0 LMC
  75.96540 -67.33275 278.07092 -35.16328   0.00000   0.00000       0.00       0.00   36017.77    3835.66     894.22     111.89    3370.70     350.84   12937.32    1271.72      32839.43    2748.29    4290.00 0 LMC
  76.09306 -70.73869 282.05984 -34.24117   0.00000   0.00000       0.00       0.00   22886.96    2054.54     589.45      73.09    2277.47     205.57    8651.16     897.38      21286.50    1567.99    2840.00 0 LMC
  76.16167 -70.11953 281.33084 -34.38732   0.00000   0.00000       0.00       0.00   51856.87    4551.30    1139.64      96.50    4991.82     359.94   19336.52    1526.54      42853.27    2998.82    4070.00 0 LMC
  76.20148 -70.91721 282.25543 -34.15771   0.00000   0.00000       0.00       0.00   27784.62    2004.19     709.95      89.21    2583.39     216.62    9186.75     803.09      25043.06    1461.22    2570.00 0 LMC
  76.59339 -70.45695 281.67758 -34.15720   0.00000   0.00000       0.00       0.00   26570.12    1950.94     601.99      75.22    2585.55     210.53   10072.86     737.49      23210.18    1215.48    3450.00 0 LMC
  77.51222 -68.88361 279.73907 -34.23771   0.00000   0.00000       0.00       0.00  139359.89    6533.99    2834.88     137.27   10115.83     583.64   41524.06    2192.43     126672.86    5893.19    5390.00 0 LMC
  78.34135 -69.34949 280.20572 -33.84417   0.00000   0.00000       0.00       0.00  152006.94    8348.09    2902.07     149.07   10849.80     628.57   43473.92    2620.61     123705.20    6813.43    5890.00 0 LMC
  79.38789 -71.24193 282.32162 -33.07623   0.00000   0.00000       0.00       0.00   33197.54    1750.43     885.39      53.65    2912.80     168.58   10672.16     563.65      29135.66    1434.80    2950.00 0 LMC
  79.78284 -69.63957 280.41745 -33.28922   0.00000   0.00000       0.00       0.00   86712.65    5509.97    1742.23      91.67    7064.48     380.65   28512.48    1504.69      77602.49    4262.80    6340.00 0 LMC
  80.48407 -69.68054 280.40845 -33.04218   0.00000   0.00000       0.00       0.00   76556.62    7242.86    1436.59     136.86    5514.31     573.95   23613.04    2429.37      60688.83    3798.05    6860.00 0 LMC
  82.79102 -71.09775 281.89838 -32.02757   0.00000   0.00000       0.00       0.00  154640.89    9279.39    3056.82     165.64   11905.38     739.75   44154.59    3026.40     116577.39    8798.37    4230.00 0 LMC
  83.05978 -66.43422 276.41794 -32.58043   0.00000   0.00000       0.00       0.00   87755.63    4183.01    2033.03      74.05    8036.27     360.28   30309.82    1379.54      76733.70    3736.15    3510.00 0 LMC
  83.86702 -67.58105 277.72565 -32.13951   0.00000   0.00000       0.00       0.00  122094.91   10504.26    3216.87     252.35   11266.01    1106.59   41585.56    4262.12     100596.27    6161.30    5960.00 0 LMC
  84.02008 -69.63880 280.12619 -31.83584   0.00000   0.00000       0.00       0.00   87579.88   11115.86    1539.78     231.08    6173.05    1003.43   26161.23    4245.41      69136.45    6097.27    7610.00 0 LMC
  84.28423 -69.76268 280.25681 -31.72900   0.00000   0.00000       0.00       0.00   77896.55   11448.29    1313.52     287.24    6149.77    1165.44   23520.79    4530.48      67924.24    6030.19    7430.00 0 LMC
  84.69976 -69.07605 279.43503 -31.66651   0.00000   0.00000       0.00       0.00  443658.81   39010.34   17694.59    1263.88   42097.80    3171.37  149781.36   12745.21     369619.62   25343.31    7840.00 0 LMC
  84.97891 -71.15861 281.84561 -31.31873   0.00000   0.00000       0.00       0.00   66146.10    4895.30    1613.56      95.58    6329.04     504.84   23135.29    2004.41      61847.03    3110.77    3870.00 0 LMC
  85.78822 -69.74989 280.17194 -31.21351   0.00000   0.00000       0.00       0.00   59543.83    6388.47    1230.60     106.04    5234.57     474.76   20046.80    2206.59      55316.05    4656.36    6780.00 0 LMC
  88.44294 -68.19705 278.28940 -30.37544   0.00000   0.00000       0.00       0.00   16507.96    2764.56     471.80      71.60    1518.25     301.30    6082.95    1229.29      16883.05    1531.52    2820.00 0 LMC
 152.53897 -12.43523 252.98172  34.36418   0.00000   0.00000       0.00       0.00    3613.64     162.27     154.03      40.59     258.15      63.65    1396.69      91.97       3728.87     164.87     647.00 0 N3145  0.01218
 154.57028  41.42225 178.33875  55.63796   0.00000   0.00000       0.00       0.00   13996.57     474.29     326.68      56.51     842.61      69.37    4230.47      97.06      12665.92     515.84     138.00 0 N3184  0.001975
 154.64919 -17.98274 259.22708  31.62563   0.00000   0.00000       0.00       0.00    3248.95     245.67      73.99      52.50     286.13      67.41    1020.32     127.71       3074.29     137.04     486.00 0 N3200  0.01175
 161.21223   6.59362 241.46729  53.60926   0.00000   0.00000       0.00       0.00    1256.14     169.22      39.23      41.64     205.77      67.15     410.33     104.60       1254.52     117.87     226.00 0 N3662  0.02770
 161.56029   1.81729 247.75557  50.76357   0.00000   0.00000       0.00       0.00    2067.61     131.65      63.09      39.69     307.19      82.45     769.33      98.26       1922.59     105.61     286.00 0 N3365 0.003209
 162.12201  12.53318 233.72499  57.74519   0.00000   0.00000       0.00       0.00    2723.13     134.84     204.75      42.89     192.96      71.72     899.04      84.32       2894.46     117.23     214.00 0 N3889 0.004364
 162.80922   5.83922 244.16585  54.36599   0.00000   0.00000       0.00       0.00    4805.27     147.20     104.03      36.78     381.32      67.11    1641.34      77.70       4782.74     204.11     215.00 0 N3423 0.003372
 162.99434   3.79455 246.97324  53.15705   0.00000   0.00000       0.00       0.00    2196.60     183.55      46.09      48.98      36.77      85.40     357.59      84.39       1995.65     112.76     299.00 0 N3434  0.01213
 163.01399  10.14121 238.33266  57.15876   0.00000   0.00000       0.00       0.00    1920.53     217.22      47.25      44.18     119.86      70.35     645.65     128.69       1954.38     129.28     241.00 0 N3433  0.02907
 165.01056  14.83728 232.64792  61.33504   0.00000   0.00000       0.00       0.00    1995.07     103.70       8.32      49.95    -110.82      73.69     435.96      81.86       2078.30     118.44     181.00 0 N3485  0.004790
 165.18242  17.58725 227.61473  62.75967   0.00000   0.00000       0.00       0.00    1143.11     102.47     102.63      35.28      66.56      56.74     471.31      92.21       1109.71     107.79     201.00 0 N3487  0.02913
 165.69949  17.98847 227.27597  63.37599   0.00000   0.00000       0.00       0.00    2544.83     155.69      20.02      52.55      32.36      67.45     969.19     117.79       2607.93     143.58     172.00 0 N3501  0.003769
 165.79359  11.07352 239.93422  59.92208   0.00000   0.00000       0.00       0.00    1397.93     140.29       3.18      44.09     172.58      61.81     117.23     104.29       1310.87     103.74     246.00 0 N3506  0.02136
 165.85953  18.13475 227.12210  63.57555   0.00000   0.00000       0.00       0.00    3240.31     110.29      58.65      57.77     169.73      87.43    1138.65      90.98       3278.07     129.82     172.00 0 N3507  0.003266
 167.46498  24.26110 214.37549  66.97718   0.00000   0.00000       0.00       0.00    1329.78      81.84      71.74      40.84      28.73      53.12     196.75      91.31       1463.63     108.94     141.00 0 Arp301 0.02059
 167.49425  10.72427 242.54321  61.04425   0.00000   0.00000       0.00       0.00    1513.15     108.86      50.07      65.26     -15.28      78.58     576.17      86.50       1438.91     108.20     256.00 0 N3547  0.005268
 168.76794  14.79126 236.87624  64.41610   0.00000   0.00000       0.00       0.00    4185.19     128.33     155.83      49.50     265.92      66.30    1447.32     105.47       4229.55     198.58     195.00 0 N3596  0.003979
 169.63184  23.46685 217.66570  68.71519   0.00000   0.00000       0.00       0.00     984.86      83.39      40.44      39.87     101.25      67.66     303.87      71.39        990.83     110.33     128.00 0 N3618  0.02271
 169.65514  24.86928 213.88551  69.05177   0.00000   0.00000       0.00       0.00    1219.86      90.50     -22.89      49.03     -42.83      62.68     242.41      56.95       1217.44     104.86     132.00 0 Zwgal  0.02700
 170.00748  18.35985 230.75075  67.22234   0.00000   0.00000       0.00       0.00    1272.59      63.52      47.02      57.19      32.46      55.85     465.21      76.94       1191.25      99.42     135.00 0 N3626  0.004980
 170.13998  26.95991 208.18303  69.79177   0.00000   0.00000       0.00       0.00    1425.69     100.21      93.12      46.43     271.17      74.96     627.21     102.23       1343.22     105.57     127.00 0 N3629  0.005030
 170.24426  21.33170 223.73308  68.61359   0.00000   0.00000       0.00       0.00    1132.60     141.20       1.45      34.18     -45.07      67.33     304.94      95.64       1067.12      98.27     131.00 0 U6363  0.02104
 170.29556  -2.99094 263.55835  52.83978   0.00000   0.00000       0.00       0.00    2809.75     128.10      32.48      67.96     338.18      73.45     937.90      84.49       2575.04     125.84     360.00 0 Zwgal  0.02490
 170.39093  18.45736 230.95140  67.59104   0.00000   0.00000       0.00       0.00    1157.21      89.96      40.25      61.33     138.96      56.92     515.25      63.82       1112.38      98.03     142.00 0 N3639 0.01815
 170.42657  20.16863 226.85210  68.34356   0.00000   0.00000       0.00       0.00    6313.67     135.50     182.51      34.87     438.78      65.75    1928.31      67.95       6331.25     238.31     127.00 0 3646 0.01417
 171.04028  27.01670 208.24371  70.59576   0.00000   0.00000       0.00       0.00     714.62     122.63      -2.64      55.89     -40.95      71.61       5.17      77.59        700.64     106.69     130.00 0 U6415  0.03325
 171.99991  29.51533 200.61487  71.50822   0.00000   0.00000       0.00       0.00     987.97      89.63     -46.34      48.25     173.11      62.37     449.04      84.24       1066.96     103.90     181.00 0 N3687  0.008362
 172.04434  25.66155 212.71193  71.31851   0.00000   0.00000       0.00       0.00    1642.03     121.39     -30.22      47.51      60.55      65.10     287.83      74.06       1824.58     151.27     140.00 0 N3689  0.009136
 172.96965  28.35828 204.30862  72.37363   0.00000   0.00000       0.00       0.00    1438.45      87.44      45.21      37.48     110.86      70.29     332.40      86.96       1439.90     104.70     170.00 0 N3714  0.02330
 173.33688  47.03069 155.37773  64.87705   0.00000   0.00000       0.00       0.00   10539.26     210.62     241.89      36.76     751.55      75.51    3483.22      79.70       9589.06     423.70     164.00 0 N3726  0.002887
 173.40317  25.14270 215.03561  72.43834   0.00000   0.00000       0.00       0.00     963.78      91.30      78.97      45.99      67.81      76.66     292.52      77.10        913.98      99.18     158.00 0 KUG    0.03396
 173.72501  25.53593 213.91133  72.79389   0.00000   0.00000       0.00       0.00    1717.52     133.62     -10.26      51.42     -16.79      79.43     484.43     107.35       1694.91     103.55     158.00 0 Zwgal  0.02345
 174.14900  36.40244 177.96649  71.63558   0.00000   0.00000       0.00       0.00    1262.53      89.58       0.29      47.87      73.21      67.28     433.14      68.74       1263.18     100.14     174.00 0 N3775  0.005237
 174.37314  31.35559 193.82356  73.34790   0.00000   0.00000       0.00       0.00    1121.73     126.75      65.07      59.36     145.04      61.06     492.77      61.45        974.61     103.70     146.00 0 IC2947 0.04248
 174.76891  26.36279 211.52422  73.84064   0.00000   0.00000       0.00       0.00    1778.33     187.09      53.37      38.99     -23.46      57.05     521.27      95.41       1500.74     101.72     143.00 0 N3781  0.02268
 174.92809  31.92003 191.54648  73.70126   0.00000   0.00000       0.00       0.00    2897.58     141.10     -10.88      35.65     338.02      60.10     978.76      95.79       2897.59     159.25     143.00 0 N3786  0.008933
 175.05359  15.33677 244.79335  69.68264   0.00000   0.00000       0.00       0.00    2742.79     130.57     147.99      34.41     241.69      66.17     675.74      90.16       2649.50     129.26     349.00 0 N3800  0.01105
 175.32599  36.54606 176.19398  72.42136   0.00000   0.00000       0.00       0.00    5393.78     143.23     110.93      36.31     334.40      58.40    1642.53      74.90       5555.63     232.16     160.00 0 N3813  0.004888
 176.38156  55.87981 140.86884  58.89368   0.00000   0.00000       0.00       0.00     815.94      84.24     202.70      42.75     200.86      62.34     563.48      79.30        783.53      90.53     133.00 0 N3850  0.003856
 177.01880  30.36334 196.07274  75.75314   0.00000   0.00000       0.00       0.00    1847.06     119.89      24.10      25.69      93.66      55.32     521.23      90.62       1829.60     103.22     150.00 0 N3891  0.02101
 177.25122  35.01825 178.50267  74.50534   0.00000   0.00000       0.00       0.00    1129.72     107.80     -14.64      38.29     106.95      43.06     320.21      70.55       1219.02      99.12     126.00 0 N3897  0.02139
 177.34033  26.12044 213.56676  76.09875   0.00000   0.00000       0.00       0.00    1298.68      93.39      83.95      48.92     -24.88      56.57     627.27      93.40       1151.71      94.99     154.00 0 N3902  0.01201
 177.51608  26.47827 212.15700  76.29817   0.00000   0.00000       0.00       0.00    1432.67      80.51     -18.13      40.12     171.48      59.87     299.54      57.92       1560.39     103.65     150.00 0 N3899  0.005934
 177.95070  38.02415 168.15274  73.40976   0.00000   0.00000       0.00       0.00    1708.31     115.97      37.99      40.39     213.45      54.63     486.31      80.03       1581.36     100.00     154.00 0 N3930  0.003065
 177.99005  23.81829 223.49281  76.18389   0.00000   0.00000       0.00       0.00    1177.35     101.52      23.92      36.57      40.42      65.69     408.10      84.68        972.99      98.75     171.00 0 KUG    0.02209
 178.45592  52.32661 142.21567  62.59092   0.00000   0.00000       0.00       0.00   15000.16     626.75     216.71      42.10     815.86      62.86    4070.81     151.46      13892.31     683.86     239.00 0 N3953  0.003510
 179.70667  42.72353 153.98494  71.09072   0.00000   0.00000       0.00       0.00   10418.38     301.67     220.95      37.52     568.40      62.01    2823.66      87.41       9919.64     353.26     152.00 0 IC750  0.002337
 179.73679  30.41634 193.87718  78.04523   0.00000   0.00000       0.00       0.00    1059.86      89.72      95.61      33.15     176.14      66.93     328.96      83.47       1167.61     101.68     138.00 0 N4020  0.002535
 180.65578  41.04800 155.63077  72.83643   0.00000   0.00000       0.00       0.00    1003.01      89.94      65.00      37.10      93.32      54.92     430.39      64.39       1009.09      93.83     180.00 0 U7020  0.02045
 181.48840  43.16463 149.88797  71.50371   0.00000   0.00000       0.00       0.00    1461.57     115.24      24.07      52.61     154.45      66.80     620.58      72.20       1354.05      93.86     133.00 0 U7089 0.002568
 181.64618  39.26453 157.68839  74.68672   0.00000   0.00000       0.00       0.00    1478.03     140.00     -43.42      40.22     -11.26      82.36     387.63      84.85       1230.04     111.07     204.00 0 U7098  0.08663
 182.36992  43.68899 147.30725  71.39906   0.00000   0.00000       0.00       0.00    2608.41     128.64      -9.76      39.62     205.09      63.53     788.19      71.46       2269.06     104.30     128.00 0 N4138  0.002962
 182.50887  39.88371 154.26253  74.62426   0.00000   0.00000       0.00       0.00    5579.11     242.42     114.47      49.94     599.93      69.71    2256.65     101.26       5399.61     214.45     211.00 0 N4145 0.003366
 182.63570  39.41111 155.06464  75.05888   0.00000   0.00000       0.00       0.00    2520.52     170.39       7.13      39.25     168.57      61.44     755.81      80.95       2324.30     159.09     191.00 0 N4151  0.003319
 183.32100  43.70436 145.38737  71.72210   0.00000   0.00000       0.00       0.00    2312.13     135.01      84.53      34.99     269.02      69.95     955.71      73.74       2349.68     120.94     130.00 0 N4183 0.003102
 183.47331  13.17522 268.90469  73.51455   0.00000   0.00000       0.00       0.00    1996.16     153.65      15.46      45.99     143.45      97.36     694.51     107.56       2031.19     166.39     247.00 0 N4193  0.008272
 183.91043  36.32627 160.26440  78.07349   0.00000   0.00000       0.00       0.00    9259.95     286.26     213.76      59.71     870.67      43.21    3336.48     126.06       8617.65     302.24     154.00 0 N4214  0.000970
 183.96051  47.08951 139.90291  68.84850   0.00000   0.00000       0.00       0.00   13320.02     325.35     178.53      55.52     766.21      67.60    3339.73     106.11      13262.75     567.11     185.00 0 N4217  0.003426
 184.04362  47.88248 138.95213  68.13402   0.00000   0.00000       0.00       0.00    2582.43     145.75       1.71      36.68     268.83      60.11     666.16      75.08       2596.11     124.44     198.00 0 N4220 0.003049
 184.37735  45.62162 140.76448  70.31384   0.00000   0.00000       0.00       0.00    3261.91     193.02     100.87      45.82     350.10      57.66     980.42     101.19       2889.79     165.73     142.00 0 N4242  0.001688
 184.49176   7.18621 279.69388  68.53451   0.00000   0.00000       0.00       0.00    1439.23     166.96    -110.32      74.75     -32.92     107.68     193.36      88.50       1257.01     170.95     194.00 0 N4246  0.01241
 184.73419  47.29883 138.33479  68.84558   0.00000   0.00000       0.00       0.00   24920.28    1232.34     536.23      47.74    1919.31     168.58    8069.52     460.85      21308.87    1168.64     171.00 0 M106   0.001494
 184.84473   6.09591 281.57031  67.62827   0.00000   0.00000       0.00       0.00    1115.23     138.01      -3.35      51.03     253.62      72.82     473.97     116.50       1101.83     167.87     179.00 0 N4260  0.006531
 185.15883  46.28679 138.56001  69.89556   0.00000   0.00000       0.00       0.00    1389.17     102.05      -4.62      28.52     192.38      49.76     638.98      71.56       1410.27      89.50     148.00 0 N4288  0.001734
 186.39526  45.68329 136.73094  70.74590   0.00000   0.00000       0.00       0.00    2868.13     121.44      68.92      53.02     231.29      68.84     856.78      70.97       2915.25     121.36     136.00 0 N4389  0.002396
 187.05013  44.09531 136.84274  72.39988   0.00000   0.00000       0.00       0.00   14303.13     504.03     240.93      32.32    1119.32      52.05    4513.65      93.30      14049.32     615.80     169.00 0 N4449  0.00731
 187.20001  44.85606 135.79762  71.70238   0.00000   0.00000       0.00       0.00    1136.81      85.54      49.69      47.32      -0.12      62.77     374.60      58.35       1216.10      87.38     142.00 0 N4460  0.001634
 187.28198  44.65968 135.79413  71.90721   0.00000   0.00000       0.00       0.00     934.48     128.05      77.66      61.32      66.87      65.07     489.70      79.91        893.95      90.76     142.00 0 U7617  0.02318
 187.73381   8.07117 287.69330  70.33395   0.00000   0.00000       0.00       0.00     960.23     162.44     -43.67      63.55     144.28     106.73      24.37     130.17        932.13     164.04     173.00 0 N4492  0.005804
 188.15192  45.77061 133.05190  70.98585   0.00000   0.00000       0.00       0.00     796.28      60.29      -9.83      52.72      85.77      68.68     310.00      81.19        772.60      91.74     143.00 0 Mrk215 0.01997
 188.19722  37.62395 142.27856  78.79440   0.00000   0.00000       0.00       0.00     917.33     117.89      86.67      48.45    -119.82      75.20     251.20      95.23        928.20     134.51     137.00 0 U7699  0.001654
 191.02516  -5.68128 299.56625  57.14251   0.00000   0.00000       0.00       0.00    1148.79     146.92      24.03      50.96     232.91     106.41     749.89     110.67       1194.05     167.79     205.00 0 DDO142 0.004770
 192.09224   8.49503 300.55811  71.35264   0.00000   0.00000       0.00       0.00    2171.06     155.01     -73.83      50.85     243.46      85.48     528.93     136.93       2081.98     153.31     257.00 0 N4698  0.003366
 192.71710  41.11474 123.37572  76.01302   0.00000   0.00000       0.00       0.00   22913.36     588.04     407.72      41.57    1457.05      70.82    6193.73     183.04      21231.63     782.15     143.00 0 M94    0.001027
 193.37643   2.16843 304.15594  65.03526   0.00000   0.00000       0.00       0.00    1440.53     137.98     119.85      64.69      60.23     116.07     469.69     143.53       1521.17     159.20     216.00 0 N4772  0.003469
 196.22626  -7.95204 308.71844  54.76833   0.00000   0.00000       0.00       0.00    1616.29     215.30       1.82      42.78      -1.08      97.50     436.53     147.19       1219.52     179.46     216.00 0 N4948  0.003746
 198.04066  44.03655 110.40471  72.58409   0.00000   0.00000       0.00       0.00    1344.46     167.31      54.22      39.38     247.46      76.90     461.56     116.98       1254.42     127.11     173.00 0 N5023 0.001358
 200.13846  34.13265  82.93230  80.60973   0.00000   0.00000       0.00       0.00    2450.99     141.48     -17.88      50.08     230.10      83.40     393.43     148.56       2451.16     128.59     135.00 0 IC883  0.02330
 202.45496 -17.97258 315.65451  43.94896   0.00000   0.00000       0.00       0.00    5296.11     280.68     167.64      59.31     410.09     131.24    2374.45     178.91       4813.79     234.32     356.00 0 N5170  0.005006
 202.53537  -1.69263 322.38760  59.70912   0.00000   0.00000       0.00       0.00    3124.97     198.41     -69.69      78.35     357.73      92.43    1058.17     163.68       2686.74     223.66     238.00 0 N5183  0.01431
 210.86145  -6.04524 333.27737  52.53182   0.00000   0.00000       0.00       0.00    9349.34     235.75     197.12      64.13     515.04     114.34    2909.93     131.87       8788.92     431.04     203.00 0 N5427  0.008733
 212.03296  -6.07399 334.94193  51.96654   0.00000   0.00000       0.00       0.00    1272.86     169.03       3.21      66.81     104.14      99.61     352.45     198.79       1337.97     201.06     204.00 0 N5476  0.008869
 214.13277  39.58979  73.54194  68.38929   0.00000   0.00000       0.00       0.00    1535.72     199.15      13.62      41.36     209.83      65.85     486.26      91.81       1379.40     119.91     136.00 0 N5541  0.02568
 215.08023   3.92811 349.26245  58.56073   0.00000   0.00000       0.00       0.00    3781.62     250.72      42.89      60.89     307.88     105.40    1043.05     132.85       3832.62     228.82     236.00 0 N5566  0.005027
 217.32312  28.81044  43.12221  68.36628   0.00000   0.00000       0.00       0.00    1189.69     158.06     -65.24      48.74      -2.20      97.08     292.89     104.08       1216.55     141.58     153.00 0 N5641  0.01449
 230.35846   4.34810   7.14632  47.61427   0.00000   0.00000       0.00       0.00    1848.96     245.68     189.82      61.98     147.08     124.82     290.22     182.77       1318.66     182.90     213.00 0 Zwgal  0.05200
 234.98817  58.07061  91.32369  47.39832   0.00000   0.00000       0.00       0.00    1658.68     127.66       5.84      32.16     112.35      32.80     629.67      84.93       1588.30      81.75     122.00 0 N5987  0.01004
 240.69890  47.21259  74.41651  47.76705   0.00000   0.00000       0.00       0.00    1577.00      89.93      74.26      46.67     273.53      76.88     616.59      80.59       1603.85     142.66     161.00 0 U1056  0.02025
 315.19977 -48.59501 350.75824 -41.06321   0.00000   0.00000       0.00       0.00    1275.36     117.63     -66.59     102.44     165.09      72.70     432.53      88.95       1240.61     119.89     182.00 0 ESO    0.02421
 317.84952 -64.01431 330.57187 -39.30832   0.00000   0.00000       0.00       0.00    1232.45     136.37      40.70      35.22     162.93      62.05     426.36      95.45       1170.10     107.48     198.00 0 N7020  0.01068
 319.31848 -44.87194 355.52603 -44.14787   0.00000   0.00000       0.00       0.00    1253.94     217.63     -44.39      40.63     189.53      78.68     556.35     118.25       1352.06     123.43     285.00 0 ESO
 333.95807  19.23407  79.58813 -30.24763   0.00000   0.00000       0.00       0.00    5548.70     283.24     113.59      59.68     348.91      43.27    1573.65     120.15       5522.38     263.57     307.00 0 N7241  0.004827
 335.78271 -15.53486  43.85948 -53.73032   0.00000   0.00000       0.00       0.00    1424.99     132.45     -24.46      36.66     121.36      76.74     711.24      92.29       1352.33     109.96     227.00 0 N7255  ).01683
 338.31769 -27.24711  24.63190 -59.37427   0.00000   0.00000       0.00       0.00    1776.30      97.77     102.16      44.30      71.15      62.40     780.38      59.37       1774.78     109.96     145.00 0 N7306  0.01180
 339.44742  23.78906  87.46561 -29.72594   0.00000   0.00000       0.00       0.00    5056.15     148.36      89.15      47.90     564.92      95.50    1805.70     144.95       5186.88     208.86     346.00 0 N7339  0.004380
 343.49347  16.15482  86.11864 -38.17985   0.00000   0.00000       0.00       0.00   17607.09     690.06   23440.23     120.92   19948.50     134.05   18585.59     264.22      17211.69     989.24     692.00 0 3C4543 0.859
 344.15576 -36.24826   5.19250 -64.04771   0.00000   0.00000       0.00       0.00    1203.18     100.25      52.25      37.34     161.58      72.36     487.55      86.36       1297.73     105.61     124.00 0 IC5296 0.005561
 344.23041 -37.34524   2.73186 -63.84953   0.00000   0.00000       0.00       0.00    1789.21     132.90      37.94      48.34     131.23      69.46     591.10      74.28       1844.11     106.33     121.00 0 N7421  0.005979
 345.78421  -8.98405  63.16916 -58.64262   0.00000   0.00000       0.00       0.00    1622.16     116.01      89.13      64.78      -8.67      93.17     383.73     124.32       1691.58     172.01     277.00 0 IC1464  0.02455
 349.75812 -22.70588  39.76588 -68.62067   0.00000   0.00000       0.00       0.00    1280.31     158.84      -4.91      52.49    -320.88     148.90     506.62     201.42       1360.37     174.37     202.00 0 ESO    0.02046
 350.95950 -29.39949  21.06238 -70.60654   0.00000   0.00000       0.00       0.00    1237.11     131.14      79.01      72.51     -37.47      99.54     471.39      95.68       1202.70     161.66     218.00 0 N7645  0.02310
 354.06305 -37.93643 353.80731 -70.87853   0.00000   0.00000       0.00       0.00    3034.03     125.70      28.19      63.91     250.58     104.09     879.30     121.61       3259.91     164.29     158.00 0 N7713  0.002308
 354.28732 -37.71152 354.15054 -71.14214   0.00000   0.00000       0.00       0.00    1100.67     153.35     150.08      79.76     179.71      92.13     338.47      77.31       1064.60     160.26     151.00 0 N7713A 0.01003
 357.73184 -40.72947 341.59924 -71.54721   0.00000   0.00000       0.00       0.00    1612.58     146.98      25.35      86.87     231.80     104.16     464.99     138.52       1646.07     163.46     150.00 0 N7764  0.005662
 358.07217 -25.40777  36.99643 -76.63661   0.00000   0.00000       0.00       0.00    1440.56     138.07      65.86      62.29     281.23     121.97     611.96     112.28       1454.22     165.52     170.00 0 ESO    0.01236
 358.36060 -40.80286 340.38483 -71.84164   0.00000   0.00000       0.00       0.00    1558.74     153.08      -3.71      92.66     -40.59     116.39     313.26     116.47       1565.95     166.51     149.00 0 N7764A 0.03056
 358.38034 -59.67665 315.96539 -55.96193   0.00000   0.00000       0.00       0.00     661.29      80.09      55.44      41.93     173.29      42.19     457.20      70.90        603.85      88.98     120.00 0 ESO    0.01129
 358.92133 -59.95248 315.32712 -55.81384   0.00000   0.00000       0.00       0.00     786.02     104.32     110.24      49.12      85.33      54.16     422.82      92.25        697.62      87.66     123.00 0 ESO    0.05452
  21.21162 -31.75847 247.41678 -81.38245   0.00000   0.00000       0.00       0.00    1151.34     172.06     198.02      77.44     206.78      86.94     498.84     122.60        949.84     129.76     205.00 1 ESO    0.03613
 184.38924  29.60268 192.58328  82.14922   0.00000   0.00000       0.00       0.00    1009.50     142.09      87.28      54.48      36.07     109.83     384.92     109.17        989.45     139.86     169.00 1 N4245  0.002948
 170.24452  19.62404 228.00912  67.96864   0.00000   0.00000       0.00       0.00    1637.15     141.61      72.29      42.87      68.39      71.74     664.18      92.21       1339.08     103.90     133.00 1 U6362  0.01425
 172.14418  23.40274 219.59489  70.92332   0.00000   0.00000       0.00       0.00     866.54     131.16     -55.75      47.09     160.76      58.84     318.51      79.82        903.98     107.21     130.00 1 U6476  0.02445
 178.88432  51.78819 142.27380  63.18973   0.00000   0.00000       0.00       0.00    1263.48     212.39      67.98      48.43     158.31      71.77     484.51      79.27        977.80     122.75     228.00 1 2MAS   0.05168
 181.46808  30.03862 194.02908  79.58777   0.00000   0.00000       0.00       0.00     848.30     126.69      92.91      61.36     224.68      65.29     565.54      75.08        755.12     100.00     124.00 1 2MAS   0.04515
 181.93391  38.61757 158.69041  75.32032   0.00000   0.00000       0.00       0.00    1532.45     171.59    -129.79      53.12     203.57      60.36     630.81      83.66       1314.61     125.26     178.00 1 2MAS 0.06405
 187.99979  46.36428 132.96011  70.38363   0.00000   0.00000       0.00       0.00     739.39     121.39     -59.98      45.08      32.97      49.07     492.26      85.02        859.12      91.68     135.00 1 MCG    0.02464
 194.94586  41.69754 116.76979  75.33070   0.00000   0.00000       0.00       0.00    1162.20     121.05      16.75      41.73     202.29      94.43     407.58     136.99        925.33     127.66     152.00 1 2MAS   0.02738
 203.34074  53.36633 109.27214  62.63594   0.00000   0.00000       0.00       0.00    1454.41     178.73      15.26      53.37     277.64      91.36     472.97      95.99       1134.13     115.50     133.00 1 2MAScl 0.1023
 207.75359  25.07475  27.54421  76.47659   0.00000   0.00000       0.00       0.00     957.35     141.60      49.28      58.81     -84.91      97.00     462.86     120.24        842.94     146.09     152.00 1 U8763  0.02954
 358.55457 -14.34273  73.86564 -71.52662   0.00000   0.00000       0.00       0.00     902.85     148.12      -2.49     109.11      88.64     117.11     305.27     129.03        918.79     157.84     157.00 1 2MAS
