0 0.0 0.0 0.0
1 0.0 0.0 0.0
2 -0.000949044002296 0.0 0.0
3 -0.000949044002296 0.0 0.0
4 -0.000949044002296 0.0 0.0
5 -0.000949044002296 0.0 0.0
6 -0.000949044002296 0.0 0.0
7 -0.000949044002296 0.0 0.0
8 -0.000949044002296 0.0 0.0
9 -0.000949044002296 0.0 0.0
10 -0.000949044002296 0.0 0.0
11 -0.000949044002296 0.0 0.0
12 -0.000949044002296 0.0 0.0
13 -0.000949044002296 0.0 0.0
14 -0.000949044002296 0.0 0.0
15 -0.000949044002296 0.0 0.0
16 -0.000949044002296 0.0 0.0
17 -0.000949044002296 0.0 0.0
18 -0.000949044002296 0.0 0.0
19 -0.000949044002296 0.0 0.0
20 -0.000949044002296 0.0 0.0
21 -0.000949044002296 0.0 0.0
22 -0.000949044002296 0.0 0.0
23 -0.000949044002296 0.0 0.0
24 -0.000949044002296 0.0 0.0
25 -0.000949044002296 0.0 0.0
26 -0.000949044002296 0.0 0.0
27 -0.000949044002296 0.0 0.0
28 -0.000949044002296 0.0 0.0
29 -0.000949044002296 0.0 0.0
30 -0.000949044002296 0.0 0.0
31 -0.000949044002296 0.0 0.0
32 -0.000949044002296 0.0 0.0
33 -0.000949044002296 0.0 0.0
34 -0.000949044002296 0.0 0.0
35 -0.000949044002296 0.0 0.0
36 -0.000949044002296 0.0 0.0
37 -0.000949044002296 0.0 0.0
38 -0.000949044002296 0.0 0.0
39 -0.000949044002296 0.0 0.0
40 -0.000949044002296 0.0 0.0
41 -0.000949044002296 0.0 0.0
42 -0.000949044002296 0.0 0.0
43 -0.000949044002296 0.0 0.0
44 -0.000949044002296 0.0 0.0
45 -0.000949044002296 0.0 0.0
46 -0.000949044002296 0.0 0.0
47 -0.000949044002296 0.0 0.0
48 -0.000949044002296 0.0 0.0
49 -0.000949044002296 0.0 0.0
50 -0.000949044002296 0.0 0.0
51 0.000101282385612 0.0 0.0
52 0.000101282385612 0.0 0.0
53 0.000101282385612 0.0 0.0
54 0.000101282385612 0.0 0.0
55 0.000101282385612 0.0 0.0
56 0.000101282385612 0.0 0.0
57 0.000101282385612 0.0 0.0
58 0.000101282385612 0.0 0.0
59 0.000101282385612 0.0 0.0
60 0.000101282385612 0.0 0.0
61 0.000101282385612 0.0 0.0
62 0.000101282385612 0.0 0.0
63 0.000101282385612 0.0 0.0
64 0.000101282385612 0.0 0.0
65 0.000101282385612 0.0 0.0
66 0.000101282385612 0.0 0.0
67 0.000101282385612 0.0 0.0
68 0.000101282385612 0.0 0.0
69 0.000101282385612 0.0 0.0
70 0.000101282385612 0.0 0.0
71 0.000101282385612 0.0 0.0
72 0.000101282385612 0.0 0.0
73 0.000101282385612 0.0 0.0
74 0.000101282385612 0.0 0.0
75 0.000101282385612 0.0 0.0
76 0.000101282385612 0.0 0.0
77 0.000101282385612 0.0 0.0
78 0.000101282385612 0.0 0.0
79 0.000101282385612 0.0 0.0
80 0.000101282385612 0.0 0.0
81 0.000101282385612 0.0 0.0
82 0.000101282385612 0.0 0.0
83 0.000101282385612 0.0 0.0
84 0.000101282385612 0.0 0.0
85 0.000101282385612 0.0 0.0
86 0.000101282385612 0.0 0.0
87 0.000101282385612 0.0 0.0
88 0.000101282385612 0.0 0.0
89 0.000101282385612 0.0 0.0
90 0.000101282385612 0.0 0.0
91 0.000101282385612 0.0 0.0
92 0.000101282385612 0.0 0.0
93 0.000101282385612 0.0 0.0
94 0.000101282385612 0.0 0.0
95 0.000101282385612 0.0 0.0
96 0.000101282385612 0.0 0.0
97 0.000101282385612 0.0 0.0
98 0.000101282385612 0.0 0.0
99 0.000101282385612 0.0 0.0
100 0.000101282385612 0.0 0.0
101 -4.13793677969e-05 0.0010135853166 0.017560035035
102 -4.13793677969e-05 0.0010135853166 0.017560035035
103 -4.13793677969e-05 0.0010135853166 0.017560035035
104 -4.13793677969e-05 0.0010135853166 0.017560035035
105 -4.13793677969e-05 0.0010135853166 0.017560035035
106 -4.13793677969e-05 0.0010135853166 0.017560035035
107 -4.13793677969e-05 0.0010135853166 0.017560035035
108 -4.13793677969e-05 0.0010135853166 0.017560035035
109 -4.13793677969e-05 0.0010135853166 0.017560035035
110 -4.13793677969e-05 0.0010135853166 0.017560035035
111 -4.13793677969e-05 0.0010135853166 0.017560035035
112 -4.13793677969e-05 0.0010135853166 0.017560035035
113 -4.13793677969e-05 0.0010135853166 0.017560035035
114 -4.13793677969e-05 0.0010135853166 0.017560035035
115 -4.13793677969e-05 0.0010135853166 0.017560035035
116 -4.13793677969e-05 0.0010135853166 0.017560035035
117 -4.13793677969e-05 0.0010135853166 0.017560035035
118 -4.13793677969e-05 0.0010135853166 0.017560035035
119 -4.13793677969e-05 0.0010135853166 0.017560035035
120 -4.13793677969e-05 0.0010135853166 0.017560035035
121 -4.13793677969e-05 0.0010135853166 0.017560035035
122 -4.13793677969e-05 0.0010135853166 0.017560035035
123 -4.13793677969e-05 0.0010135853166 0.017560035035
124 -4.13793677969e-05 0.0010135853166 0.017560035035
125 -4.13793677969e-05 0.0010135853166 0.017560035035
126 -4.13793677969e-05 0.0010135853166 0.017560035035
127 -4.13793677969e-05 0.0010135853166 0.017560035035
128 -4.13793677969e-05 0.0010135853166 0.017560035035
129 -4.13793677969e-05 0.0010135853166 0.017560035035
130 -4.13793677969e-05 0.0010135853166 0.017560035035
131 -4.13793677969e-05 0.0010135853166 0.017560035035
132 -4.13793677969e-05 0.0010135853166 0.017560035035
133 -4.13793677969e-05 0.0010135853166 0.017560035035
134 -4.13793677969e-05 0.0010135853166 0.017560035035
135 -4.13793677969e-05 0.0010135853166 0.017560035035
136 -4.13793677969e-05 0.0010135853166 0.017560035035
137 -4.13793677969e-05 0.0010135853166 0.017560035035
138 -4.13793677969e-05 0.0010135853166 0.017560035035
139 -4.13793677969e-05 0.0010135853166 0.017560035035
140 -4.13793677969e-05 0.0010135853166 0.017560035035
141 -4.13793677969e-05 0.0010135853166 0.017560035035
142 -4.13793677969e-05 0.0010135853166 0.017560035035
143 -4.13793677969e-05 0.0010135853166 0.017560035035
144 -4.13793677969e-05 0.0010135853166 0.017560035035
145 -4.13793677969e-05 0.0010135853166 0.017560035035
146 -4.13793677969e-05 0.0010135853166 0.017560035035
147 -4.13793677969e-05 0.0010135853166 0.017560035035
148 -4.13793677969e-05 0.0010135853166 0.017560035035
149 -4.13793677969e-05 0.0010135853166 0.017560035035
150 -4.13793677969e-05 0.0010135853166 0.017560035035
151 -0.000196746888382 0.0010135853166 0.017560035035
152 -0.000196746888382 0.0010135853166 0.017560035035
153 -0.000196746888382 0.0010135853166 0.017560035035
154 -0.000196746888382 0.0010135853166 0.017560035035
155 -0.000196746888382 0.0010135853166 0.017560035035
156 -0.000196746888382 0.0010135853166 0.017560035035
157 -0.000196746888382 0.0010135853166 0.017560035035
158 -0.000196746888382 0.0010135853166 0.017560035035
159 -0.000196746888382 0.0010135853166 0.017560035035
160 -0.000196746888382 0.0010135853166 0.017560035035
161 -0.000196746888382 0.0010135853166 0.017560035035
162 -0.000196746888382 0.0010135853166 0.017560035035
163 -0.000196746888382 0.0010135853166 0.017560035035
164 -0.000196746888382 0.0010135853166 0.017560035035
165 -0.000196746888382 0.0010135853166 0.017560035035
166 -0.000196746888382 0.0010135853166 0.017560035035
167 -0.000196746888382 0.0010135853166 0.017560035035
168 -0.000196746888382 0.0010135853166 0.017560035035
169 -0.000196746888382 0.0010135853166 0.017560035035
170 -0.000196746888382 0.0010135853166 0.017560035035
171 -0.000196746888382 0.0010135853166 0.017560035035
172 -0.000196746888382 0.0010135853166 0.017560035035
173 -0.000196746888382 0.0010135853166 0.017560035035
174 -0.000196746888382 0.0010135853166 0.017560035035
175 -0.000196746888382 0.0010135853166 0.017560035035
176 -0.000196746888382 0.0010135853166 0.017560035035
177 -0.000196746888382 0.0010135853166 0.017560035035
178 -0.000196746888382 0.0010135853166 0.017560035035
179 -0.000196746888382 0.0010135853166 0.017560035035
180 -0.000196746888382 0.0010135853166 0.017560035035
181 -0.000196746888382 0.0010135853166 0.017560035035
182 -0.000196746888382 0.0010135853166 0.017560035035
183 -0.000196746888382 0.0010135853166 0.017560035035
184 -0.000196746888382 0.0010135853166 0.017560035035
185 -0.000196746888382 0.0010135853166 0.017560035035
186 -0.000196746888382 0.0010135853166 0.017560035035
187 -0.000196746888382 0.0010135853166 0.017560035035
188 -0.000196746888382 0.0010135853166 0.017560035035
189 -0.000196746888382 0.0010135853166 0.017560035035
190 -0.000196746888382 0.0010135853166 0.017560035035
191 -0.000196746888382 0.0010135853166 0.017560035035
192 -0.000196746888382 0.0010135853166 0.017560035035
193 -0.000196746888382 0.0010135853166 0.017560035035
194 -0.000196746888382 0.0010135853166 0.017560035035
195 -0.000196746888382 0.0010135853166 0.017560035035
196 -0.000196746888382 0.0010135853166 0.017560035035
197 -0.000196746888382 0.0010135853166 0.017560035035
198 -0.000196746888382 0.0010135853166 0.017560035035
199 -0.000196746888382 0.0010135853166 0.017560035035
200 -0.000196746888382 0.0010135853166 0.017560035035
201 6.21988729819e-05 0.000151630229494 0.0165762166201
202 6.21988729819e-05 0.000151630229494 0.0165762166201
203 6.21988729819e-05 0.000151630229494 0.0165762166201
204 6.21988729819e-05 0.000151630229494 0.0165762166201
205 6.21988729819e-05 0.000151630229494 0.0165762166201
206 6.21988729819e-05 0.000151630229494 0.0165762166201
207 6.21988729819e-05 0.000151630229494 0.0165762166201
208 6.21988729819e-05 0.000151630229494 0.0165762166201
209 6.21988729819e-05 0.000151630229494 0.0165762166201
210 6.21988729819e-05 0.000151630229494 0.0165762166201
211 6.21988729819e-05 0.000151630229494 0.0165762166201
212 6.21988729819e-05 0.000151630229494 0.0165762166201
213 6.21988729819e-05 0.000151630229494 0.0165762166201
214 6.21988729819e-05 0.000151630229494 0.0165762166201
215 6.21988729819e-05 0.000151630229494 0.0165762166201
216 6.21988729819e-05 0.000151630229494 0.0165762166201
217 6.21988729819e-05 0.000151630229494 0.0165762166201
218 6.21988729819e-05 0.000151630229494 0.0165762166201
219 6.21988729819e-05 0.000151630229494 0.0165762166201
220 6.21988729819e-05 0.000151630229494 0.0165762166201
221 6.21988729819e-05 0.000151630229494 0.0165762166201
222 6.21988729819e-05 0.000151630229494 0.0165762166201
223 6.21988729819e-05 0.000151630229494 0.0165762166201
224 6.21988729819e-05 0.000151630229494 0.0165762166201
225 6.21988729819e-05 0.000151630229494 0.0165762166201
226 6.21988729819e-05 0.000151630229494 0.0165762166201
227 6.21988729819e-05 0.000151630229494 0.0165762166201
228 6.21988729819e-05 0.000151630229494 0.0165762166201
229 6.21988729819e-05 0.000151630229494 0.0165762166201
230 6.21988729819e-05 0.000151630229494 0.0165762166201
231 6.21988729819e-05 0.000151630229494 0.0165762166201
232 6.21988729819e-05 0.000151630229494 0.0165762166201
233 6.21988729819e-05 0.000151630229494 0.0165762166201
234 6.21988729819e-05 0.000151630229494 0.0165762166201
235 6.21988729819e-05 0.000151630229494 0.0165762166201
236 6.21988729819e-05 0.000151630229494 0.0165762166201
237 6.21988729819e-05 0.000151630229494 0.0165762166201
238 6.21988729819e-05 0.000151630229494 0.0165762166201
239 6.21988729819e-05 0.000151630229494 0.0165762166201
240 6.21988729819e-05 0.000151630229494 0.0165762166201
241 6.21988729819e-05 0.000151630229494 0.0165762166201
242 6.21988729819e-05 0.000151630229494 0.0165762166201
243 6.21988729819e-05 0.000151630229494 0.0165762166201
244 6.21988729819e-05 0.000151630229494 0.0165762166201
245 6.21988729819e-05 0.000151630229494 0.0165762166201
246 6.21988729819e-05 0.000151630229494 0.0165762166201
247 6.21988729819e-05 0.000151630229494 0.0165762166201
248 6.21988729819e-05 0.000151630229494 0.0165762166201
249 6.21988729819e-05 0.000151630229494 0.0165762166201
250 6.21988729819e-05 0.000151630229494 0.0165762166201
251 -0.000705264398244 0.000151630229494 0.0165762166201
252 -0.000705264398244 0.000151630229494 0.0165762166201
253 -0.000705264398244 0.000151630229494 0.0165762166201
254 -0.000705264398244 0.000151630229494 0.0165762166201
255 -0.000705264398244 0.000151630229494 0.0165762166201
256 -0.000705264398244 0.000151630229494 0.0165762166201
257 -0.000705264398244 0.000151630229494 0.0165762166201
258 -0.000705264398244 0.000151630229494 0.0165762166201
259 -0.000705264398244 0.000151630229494 0.0165762166201
260 -0.000705264398244 0.000151630229494 0.0165762166201
261 -0.000705264398244 0.000151630229494 0.0165762166201
262 -0.000705264398244 0.000151630229494 0.0165762166201
263 -0.000705264398244 0.000151630229494 0.0165762166201
264 -0.000705264398244 0.000151630229494 0.0165762166201
265 -0.000705264398244 0.000151630229494 0.0165762166201
266 -0.000705264398244 0.000151630229494 0.0165762166201
267 -0.000705264398244 0.000151630229494 0.0165762166201
268 -0.000705264398244 0.000151630229494 0.0165762166201
269 -0.000705264398244 0.000151630229494 0.0165762166201
270 -0.000705264398244 0.000151630229494 0.0165762166201
271 -0.000705264398244 0.000151630229494 0.0165762166201
272 -0.000705264398244 0.000151630229494 0.0165762166201
273 -0.000705264398244 0.000151630229494 0.0165762166201
274 -0.000705264398244 0.000151630229494 0.0165762166201
275 -0.000705264398244 0.000151630229494 0.0165762166201
276 -0.000705264398244 0.000151630229494 0.0165762166201
277 -0.000705264398244 0.000151630229494 0.0165762166201
278 -0.000705264398244 0.000151630229494 0.0165762166201
279 -0.000705264398244 0.000151630229494 0.0165762166201
280 -0.000705264398244 0.000151630229494 0.0165762166201
281 -0.000705264398244 0.000151630229494 0.0165762166201
282 -0.000705264398244 0.000151630229494 0.0165762166201
283 -0.000705264398244 0.000151630229494 0.0165762166201
284 -0.000705264398244 0.000151630229494 0.0165762166201
285 -0.000705264398244 0.000151630229494 0.0165762166201
286 -0.000705264398244 0.000151630229494 0.0165762166201
287 -0.000705264398244 0.000151630229494 0.0165762166201
288 -0.000705264398244 0.000151630229494 0.0165762166201
289 -0.000705264398244 0.000151630229494 0.0165762166201
290 -0.000705264398244 0.000151630229494 0.0165762166201
291 -0.000705264398244 0.000151630229494 0.0165762166201
292 -0.000705264398244 0.000151630229494 0.0165762166201
293 -0.000705264398244 0.000151630229494 0.0165762166201
294 -0.000705264398244 0.000151630229494 0.0165762166201
295 -0.000705264398244 0.000151630229494 0.0165762166201
296 -0.000705264398244 0.000151630229494 0.0165762166201
297 -0.000705264398244 0.000151630229494 0.0165762166201
298 -0.000705264398244 0.000151630229494 0.0165762166201
299 -0.000705264398244 0.000151630229494 0.0165762166201
300 -0.000705264398244 0.000151630229494 0.0165762166201
301 -0.000593050656968 0.000209401861072 -0.00771167523837
302 -0.000593050656968 0.000209401861072 -0.00771167523837
303 -0.000593050656968 0.000209401861072 -0.00771167523837
304 -0.000593050656968 0.000209401861072 -0.00771167523837
305 -0.000593050656968 0.000209401861072 -0.00771167523837
306 -0.000593050656968 0.000209401861072 -0.00771167523837
307 -0.000593050656968 0.000209401861072 -0.00771167523837
308 -0.000593050656968 0.000209401861072 -0.00771167523837
309 -0.000593050656968 0.000209401861072 -0.00771167523837
310 -0.000593050656968 0.000209401861072 -0.00771167523837
311 -0.000593050656968 0.000209401861072 -0.00771167523837
312 -0.000593050656968 0.000209401861072 -0.00771167523837
313 -0.000593050656968 0.000209401861072 -0.00771167523837
314 -0.000593050656968 0.000209401861072 -0.00771167523837
315 -0.000593050656968 0.000209401861072 -0.00771167523837
316 -0.000593050656968 0.000209401861072 -0.00771167523837
317 -0.000593050656968 0.000209401861072 -0.00771167523837
318 -0.000593050656968 0.000209401861072 -0.00771167523837
319 -0.000593050656968 0.000209401861072 -0.00771167523837
320 -0.000593050656968 0.000209401861072 -0.00771167523837
321 -0.000593050656968 0.000209401861072 -0.00771167523837
322 -0.000593050656968 0.000209401861072 -0.00771167523837
323 -0.000593050656968 0.000209401861072 -0.00771167523837
324 -0.000593050656968 0.000209401861072 -0.00771167523837
325 -0.000593050656968 0.000209401861072 -0.00771167523837
326 -0.000593050656968 0.000209401861072 -0.00771167523837
327 -0.000593050656968 0.000209401861072 -0.00771167523837
328 -0.000593050656968 0.000209401861072 -0.00771167523837
329 -0.000593050656968 0.000209401861072 -0.00771167523837
330 -0.000593050656968 0.000209401861072 -0.00771167523837
331 -0.000593050656968 0.000209401861072 -0.00771167523837
332 -0.000593050656968 0.000209401861072 -0.00771167523837
333 -0.000593050656968 0.000209401861072 -0.00771167523837
334 -0.000593050656968 0.000209401861072 -0.00771167523837
335 -0.000593050656968 0.000209401861072 -0.00771167523837
336 -0.000593050656968 0.000209401861072 -0.00771167523837
337 -0.000593050656968 0.000209401861072 -0.00771167523837
338 -0.000593050656968 0.000209401861072 -0.00771167523837
339 -0.000593050656968 0.000209401861072 -0.00771167523837
340 -0.000593050656968 0.000209401861072 -0.00771167523837
341 -0.000593050656968 0.000209401861072 -0.00771167523837
342 -0.000593050656968 0.000209401861072 -0.00771167523837
343 -0.000593050656968 0.000209401861072 -0.00771167523837
344 -0.000593050656968 0.000209401861072 -0.00771167523837
345 -0.000593050656968 0.000209401861072 -0.00771167523837
346 -0.000593050656968 0.000209401861072 -0.00771167523837
347 -0.000593050656968 0.000209401861072 -0.00771167523837
348 -0.000593050656968 0.000209401861072 -0.00771167523837
349 -0.000593050656968 0.000209401861072 -0.00771167523837
350 -0.000593050656968 0.000209401861072 -0.00771167523837
351 0.00233592750843 0.000209401861072 -0.00771167523837
352 0.00233592750843 0.000209401861072 -0.00771167523837
353 0.00233592750843 0.000209401861072 -0.00771167523837
354 0.00233592750843 0.000209401861072 -0.00771167523837
355 0.00233592750843 0.000209401861072 -0.00771167523837
356 0.00233592750843 0.000209401861072 -0.00771167523837
357 0.00233592750843 0.000209401861072 -0.00771167523837
358 0.00233592750843 0.000209401861072 -0.00771167523837
359 0.00233592750843 0.000209401861072 -0.00771167523837
360 0.00233592750843 0.000209401861072 -0.00771167523837
361 0.00233592750843 0.000209401861072 -0.00771167523837
362 0.00233592750843 0.000209401861072 -0.00771167523837
363 0.00233592750843 0.000209401861072 -0.00771167523837
364 0.00233592750843 0.000209401861072 -0.00771167523837
365 0.00233592750843 0.000209401861072 -0.00771167523837
366 0.00233592750843 0.000209401861072 -0.00771167523837
367 0.00233592750843 0.000209401861072 -0.00771167523837
368 0.00233592750843 0.000209401861072 -0.00771167523837
369 0.00233592750843 0.000209401861072 -0.00771167523837
370 0.00233592750843 0.000209401861072 -0.00771167523837
371 0.00233592750843 0.000209401861072 -0.00771167523837
372 0.00233592750843 0.000209401861072 -0.00771167523837
373 0.00233592750843 0.000209401861072 -0.00771167523837
374 0.00233592750843 0.000209401861072 -0.00771167523837
375 0.00233592750843 0.000209401861072 -0.00771167523837
376 0.00233592750843 0.000209401861072 -0.00771167523837
377 0.00233592750843 0.000209401861072 -0.00771167523837
378 0.00233592750843 0.000209401861072 -0.00771167523837
379 0.00233592750843 0.000209401861072 -0.00771167523837
380 0.00233592750843 0.000209401861072 -0.00771167523837
381 0.00233592750843 0.000209401861072 -0.00771167523837
382 0.00233592750843 0.000209401861072 -0.00771167523837
383 0.00233592750843 0.000209401861072 -0.00771167523837
384 0.00233592750843 0.000209401861072 -0.00771167523837
385 0.00233592750843 0.000209401861072 -0.00771167523837
386 0.00233592750843 0.000209401861072 -0.00771167523837
387 0.00233592750843 0.000209401861072 -0.00771167523837
388 0.00233592750843 0.000209401861072 -0.00771167523837
389 0.00233592750843 0.000209401861072 -0.00771167523837
390 0.00233592750843 0.000209401861072 -0.00771167523837
391 0.00233592750843 0.000209401861072 -0.00771167523837
392 0.00233592750843 0.000209401861072 -0.00771167523837
393 0.00233592750843 0.000209401861072 -0.00771167523837
394 0.00233592750843 0.000209401861072 -0.00771167523837
395 0.00233592750843 0.000209401861072 -0.00771167523837
396 0.00233592750843 0.000209401861072 -0.00771167523837
397 0.00233592750843 0.000209401861072 -0.00771167523837
398 0.00233592750843 0.000209401861072 -0.00771167523837
399 0.00233592750843 0.000209401861072 -0.00771167523837
400 0.00233592750843 0.000209401861072 -0.00771167523837
401 0.000264526448121 0.00179587488286 0.00392762341144
402 0.000264526448121 0.00179587488286 0.00392762341144
403 0.000264526448121 0.00179587488286 0.00392762341144
404 0.000264526448121 0.00179587488286 0.00392762341144
405 0.000264526448121 0.00179587488286 0.00392762341144
406 0.000264526448121 0.00179587488286 0.00392762341144
407 0.000264526448121 0.00179587488286 0.00392762341144
408 0.000264526448121 0.00179587488286 0.00392762341144
409 0.000264526448121 0.00179587488286 0.00392762341144
410 0.000264526448121 0.00179587488286 0.00392762341144
411 0.000264526448121 0.00179587488286 0.00392762341144
412 0.000264526448121 0.00179587488286 0.00392762341144
413 0.000264526448121 0.00179587488286 0.00392762341144
414 0.000264526448121 0.00179587488286 0.00392762341144
415 0.000264526448121 0.00179587488286 0.00392762341144
416 0.000264526448121 0.00179587488286 0.00392762341144
417 0.000264526448121 0.00179587488286 0.00392762341144
418 0.000264526448121 0.00179587488286 0.00392762341144
419 0.000264526448121 0.00179587488286 0.00392762341144
420 0.000264526448121 0.00179587488286 0.00392762341144
421 0.000264526448121 0.00179587488286 0.00392762341144
422 0.000264526448121 0.00179587488286 0.00392762341144
423 0.000264526448121 0.00179587488286 0.00392762341144
424 0.000264526448121 0.00179587488286 0.00392762341144
425 0.000264526448121 0.00179587488286 0.00392762341144
426 0.000264526448121 0.00179587488286 0.00392762341144
427 0.000264526448121 0.00179587488286 0.00392762341144
428 0.000264526448121 0.00179587488286 0.00392762341144
429 0.000264526448121 0.00179587488286 0.00392762341144
430 0.000264526448121 0.00179587488286 0.00392762341144
431 0.000264526448121 0.00179587488286 0.00392762341144
432 0.000264526448121 0.00179587488286 0.00392762341144
433 0.000264526448121 0.00179587488286 0.00392762341144
434 0.000264526448121 0.00179587488286 0.00392762341144
435 0.000264526448121 0.00179587488286 0.00392762341144
436 0.000264526448121 0.00179587488286 0.00392762341144
437 0.000264526448121 0.00179587488286 0.00392762341144
438 0.000264526448121 0.00179587488286 0.00392762341144
439 0.000264526448121 0.00179587488286 0.00392762341144
440 0.000264526448121 0.00179587488286 0.00392762341144
441 0.000264526448121 0.00179587488286 0.00392762341144
442 0.000264526448121 0.00179587488286 0.00392762341144
443 0.000264526448121 0.00179587488286 0.00392762341144
444 0.000264526448121 0.00179587488286 0.00392762341144
445 0.000264526448121 0.00179587488286 0.00392762341144
446 0.000264526448121 0.00179587488286 0.00392762341144
447 0.000264526448121 0.00179587488286 0.00392762341144
448 0.000264526448121 0.00179587488286 0.00392762341144
449 0.000264526448121 0.00179587488286 0.00392762341144
450 0.000264526448121 0.00179587488286 0.00392762341144
451 -0.000355451998816 0.00179587488286 0.00392762341144
452 -0.000355451998816 0.00179587488286 0.00392762341144
453 -0.000355451998816 0.00179587488286 0.00392762341144
454 -0.000355451998816 0.00179587488286 0.00392762341144
455 -0.000355451998816 0.00179587488286 0.00392762341144
456 -0.000355451998816 0.00179587488286 0.00392762341144
457 -0.000355451998816 0.00179587488286 0.00392762341144
458 -0.000355451998816 0.00179587488286 0.00392762341144
459 -0.000355451998816 0.00179587488286 0.00392762341144
460 -0.000355451998816 0.00179587488286 0.00392762341144
461 -0.000355451998816 0.00179587488286 0.00392762341144
462 -0.000355451998816 0.00179587488286 0.00392762341144
463 -0.000355451998816 0.00179587488286 0.00392762341144
464 -0.000355451998816 0.00179587488286 0.00392762341144
465 -0.000355451998816 0.00179587488286 0.00392762341144
466 -0.000355451998816 0.00179587488286 0.00392762341144
467 -0.000355451998816 0.00179587488286 0.00392762341144
468 -0.000355451998816 0.00179587488286 0.00392762341144
469 -0.000355451998816 0.00179587488286 0.00392762341144
470 -0.000355451998816 0.00179587488286 0.00392762341144
471 -0.000355451998816 0.00179587488286 0.00392762341144
472 -0.000355451998816 0.00179587488286 0.00392762341144
473 -0.000355451998816 0.00179587488286 0.00392762341144
474 -0.000355451998816 0.00179587488286 0.00392762341144
475 -0.000355451998816 0.00179587488286 0.00392762341144
476 -0.000355451998816 0.00179587488286 0.00392762341144
477 -0.000355451998816 0.00179587488286 0.00392762341144
478 -0.000355451998816 0.00179587488286 0.00392762341144
479 -0.000355451998816 0.00179587488286 0.00392762341144
480 -0.000355451998816 0.00179587488286 0.00392762341144
481 -0.000355451998816 0.00179587488286 0.00392762341144
482 -0.000355451998816 0.00179587488286 0.00392762341144
483 -0.000355451998816 0.00179587488286 0.00392762341144
484 -0.000355451998816 0.00179587488286 0.00392762341144
485 -0.000355451998816 0.00179587488286 0.00392762341144
486 -0.000355451998816 0.00179587488286 0.00392762341144
487 -0.000355451998816 0.00179587488286 0.00392762341144
488 -0.000355451998816 0.00179587488286 0.00392762341144
489 -0.000355451998816 0.00179587488286 0.00392762341144
490 -0.000355451998816 0.00179587488286 0.00392762341144
491 -0.000355451998816 0.00179587488286 0.00392762341144
492 -0.000355451998816 0.00179587488286 0.00392762341144
493 -0.000355451998816 0.00179587488286 0.00392762341144
494 -0.000355451998816 0.00179587488286 0.00392762341144
495 -0.000355451998816 0.00179587488286 0.00392762341144
496 -0.000355451998816 0.00179587488286 0.00392762341144
497 -0.000355451998816 0.00179587488286 0.00392762341144
498 -0.000355451998816 0.00179587488286 0.00392762341144
499 -0.000355451998816 0.00179587488286 0.00392762341144
500 -0.000355451998816 0.00179587488286 0.00392762341144
501 -0.00112410521504 0.00727589556793 -0.00414618158453
502 -0.00112410521504 0.00727589556793 -0.00414618158453
503 -0.00112410521504 0.00727589556793 -0.00414618158453
504 -0.00112410521504 0.00727589556793 -0.00414618158453
505 -0.00112410521504 0.00727589556793 -0.00414618158453
506 -0.00112410521504 0.00727589556793 -0.00414618158453
507 -0.00112410521504 0.00727589556793 -0.00414618158453
508 -0.00112410521504 0.00727589556793 -0.00414618158453
509 -0.00112410521504 0.00727589556793 -0.00414618158453
510 -0.00112410521504 0.00727589556793 -0.00414618158453
511 -0.00112410521504 0.00727589556793 -0.00414618158453
512 -0.00112410521504 0.00727589556793 -0.00414618158453
513 -0.00112410521504 0.00727589556793 -0.00414618158453
514 -0.00112410521504 0.00727589556793 -0.00414618158453
515 -0.00112410521504 0.00727589556793 -0.00414618158453
516 -0.00112410521504 0.00727589556793 -0.00414618158453
517 -0.00112410521504 0.00727589556793 -0.00414618158453
518 -0.00112410521504 0.00727589556793 -0.00414618158453
519 -0.00112410521504 0.00727589556793 -0.00414618158453
520 -0.00112410521504 0.00727589556793 -0.00414618158453
521 -0.00112410521504 0.00727589556793 -0.00414618158453
522 -0.00112410521504 0.00727589556793 -0.00414618158453
523 -0.00112410521504 0.00727589556793 -0.00414618158453
524 -0.00112410521504 0.00727589556793 -0.00414618158453
525 -0.00112410521504 0.00727589556793 -0.00414618158453
526 -0.00112410521504 0.00727589556793 -0.00414618158453
527 -0.00112410521504 0.00727589556793 -0.00414618158453
528 -0.00112410521504 0.00727589556793 -0.00414618158453
529 -0.00112410521504 0.00727589556793 -0.00414618158453
530 -0.00112410521504 0.00727589556793 -0.00414618158453
531 -0.00112410521504 0.00727589556793 -0.00414618158453
532 -0.00112410521504 0.00727589556793 -0.00414618158453
533 -0.00112410521504 0.00727589556793 -0.00414618158453
534 -0.00112410521504 0.00727589556793 -0.00414618158453
535 -0.00112410521504 0.00727589556793 -0.00414618158453
536 -0.00112410521504 0.00727589556793 -0.00414618158453
537 -0.00112410521504 0.00727589556793 -0.00414618158453
538 -0.00112410521504 0.00727589556793 -0.00414618158453
539 -0.00112410521504 0.00727589556793 -0.00414618158453
540 -0.00112410521504 0.00727589556793 -0.00414618158453
541 -0.00112410521504 0.00727589556793 -0.00414618158453
542 -0.00112410521504 0.00727589556793 -0.00414618158453
543 -0.00112410521504 0.00727589556793 -0.00414618158453
544 -0.00112410521504 0.00727589556793 -0.00414618158453
545 -0.00112410521504 0.00727589556793 -0.00414618158453
546 -0.00112410521504 0.00727589556793 -0.00414618158453
547 -0.00112410521504 0.00727589556793 -0.00414618158453
548 -0.00112410521504 0.00727589556793 -0.00414618158453
549 -0.00112410521504 0.00727589556793 -0.00414618158453
550 -0.00112410521504 0.00727589556793 -0.00414618158453
551 0.00031124201859 0.00727589556793 -0.00414618158453
552 0.00031124201859 0.00727589556793 -0.00414618158453
553 0.00031124201859 0.00727589556793 -0.00414618158453
554 0.00031124201859 0.00727589556793 -0.00414618158453
555 0.00031124201859 0.00727589556793 -0.00414618158453
556 0.00031124201859 0.00727589556793 -0.00414618158453
557 0.00031124201859 0.00727589556793 -0.00414618158453
558 0.00031124201859 0.00727589556793 -0.00414618158453
559 0.00031124201859 0.00727589556793 -0.00414618158453
560 0.00031124201859 0.00727589556793 -0.00414618158453
561 0.00031124201859 0.00727589556793 -0.00414618158453
562 0.00031124201859 0.00727589556793 -0.00414618158453
563 0.00031124201859 0.00727589556793 -0.00414618158453
564 0.00031124201859 0.00727589556793 -0.00414618158453
565 0.00031124201859 0.00727589556793 -0.00414618158453
566 0.00031124201859 0.00727589556793 -0.00414618158453
567 0.00031124201859 0.00727589556793 -0.00414618158453
568 0.00031124201859 0.00727589556793 -0.00414618158453
569 0.00031124201859 0.00727589556793 -0.00414618158453
570 0.00031124201859 0.00727589556793 -0.00414618158453
571 0.00031124201859 0.00727589556793 -0.00414618158453
572 0.00031124201859 0.00727589556793 -0.00414618158453
573 0.00031124201859 0.00727589556793 -0.00414618158453
574 0.00031124201859 0.00727589556793 -0.00414618158453
575 0.00031124201859 0.00727589556793 -0.00414618158453
576 0.00031124201859 0.00727589556793 -0.00414618158453
577 0.00031124201859 0.00727589556793 -0.00414618158453
578 0.00031124201859 0.00727589556793 -0.00414618158453
579 0.00031124201859 0.00727589556793 -0.00414618158453
580 0.00031124201859 0.00727589556793 -0.00414618158453
581 0.00031124201859 0.00727589556793 -0.00414618158453
582 0.00031124201859 0.00727589556793 -0.00414618158453
583 0.00031124201859 0.00727589556793 -0.00414618158453
584 0.00031124201859 0.00727589556793 -0.00414618158453
585 0.00031124201859 0.00727589556793 -0.00414618158453
586 0.00031124201859 0.00727589556793 -0.00414618158453
587 0.00031124201859 0.00727589556793 -0.00414618158453
588 0.00031124201859 0.00727589556793 -0.00414618158453
589 0.00031124201859 0.00727589556793 -0.00414618158453
590 0.00031124201859 0.00727589556793 -0.00414618158453
591 0.00031124201859 0.00727589556793 -0.00414618158453
592 0.00031124201859 0.00727589556793 -0.00414618158453
593 0.00031124201859 0.00727589556793 -0.00414618158453
594 0.00031124201859 0.00727589556793 -0.00414618158453
595 0.00031124201859 0.00727589556793 -0.00414618158453
596 0.00031124201859 0.00727589556793 -0.00414618158453
597 0.00031124201859 0.00727589556793 -0.00414618158453
598 0.00031124201859 0.00727589556793 -0.00414618158453
599 0.00031124201859 0.00727589556793 -0.00414618158453
600 0.00031124201859 0.00727589556793 -0.00414618158453
601 0.00216898399362 -0.00198149306376 0.00396289063231
602 0.00216898399362 -0.00198149306376 0.00396289063231
603 0.00216898399362 -0.00198149306376 0.00396289063231
604 0.00216898399362 -0.00198149306376 0.00396289063231
605 0.00216898399362 -0.00198149306376 0.00396289063231
606 0.00216898399362 -0.00198149306376 0.00396289063231
607 0.00216898399362 -0.00198149306376 0.00396289063231
608 0.00216898399362 -0.00198149306376 0.00396289063231
609 0.00216898399362 -0.00198149306376 0.00396289063231
610 0.00216898399362 -0.00198149306376 0.00396289063231
611 0.00216898399362 -0.00198149306376 0.00396289063231
612 0.00216898399362 -0.00198149306376 0.00396289063231
613 0.00216898399362 -0.00198149306376 0.00396289063231
614 0.00216898399362 -0.00198149306376 0.00396289063231
615 0.00216898399362 -0.00198149306376 0.00396289063231
616 0.00216898399362 -0.00198149306376 0.00396289063231
617 0.00216898399362 -0.00198149306376 0.00396289063231
618 0.00216898399362 -0.00198149306376 0.00396289063231
619 0.00216898399362 -0.00198149306376 0.00396289063231
620 0.00216898399362 -0.00198149306376 0.00396289063231
621 0.00216898399362 -0.00198149306376 0.00396289063231
622 0.00216898399362 -0.00198149306376 0.00396289063231
623 0.00216898399362 -0.00198149306376 0.00396289063231
624 0.00216898399362 -0.00198149306376 0.00396289063231
625 0.00216898399362 -0.00198149306376 0.00396289063231
626 0.00216898399362 -0.00198149306376 0.00396289063231
627 0.00216898399362 -0.00198149306376 0.00396289063231
628 0.00216898399362 -0.00198149306376 0.00396289063231
629 0.00216898399362 -0.00198149306376 0.00396289063231
630 0.00216898399362 -0.00198149306376 0.00396289063231
631 0.00216898399362 -0.00198149306376 0.00396289063231
632 0.00216898399362 -0.00198149306376 0.00396289063231
633 0.00216898399362 -0.00198149306376 0.00396289063231
634 0.00216898399362 -0.00198149306376 0.00396289063231
635 0.00216898399362 -0.00198149306376 0.00396289063231
636 0.00216898399362 -0.00198149306376 0.00396289063231
637 0.00216898399362 -0.00198149306376 0.00396289063231
638 0.00216898399362 -0.00198149306376 0.00396289063231
639 0.00216898399362 -0.00198149306376 0.00396289063231
640 0.00216898399362 -0.00198149306376 0.00396289063231
641 0.00216898399362 -0.00198149306376 0.00396289063231
642 0.00216898399362 -0.00198149306376 0.00396289063231
643 0.00216898399362 -0.00198149306376 0.00396289063231
644 0.00216898399362 -0.00198149306376 0.00396289063231
645 0.00216898399362 -0.00198149306376 0.00396289063231
646 0.00216898399362 -0.00198149306376 0.00396289063231
647 0.00216898399362 -0.00198149306376 0.00396289063231
648 0.00216898399362 -0.00198149306376 0.00396289063231
649 0.00216898399362 -0.00198149306376 0.00396289063231
650 0.00216898399362 -0.00198149306376 0.00396289063231
651 0.00176475420143 -0.00198149306376 0.00396289063231
652 0.00176475420143 -0.00198149306376 0.00396289063231
653 0.00176475420143 -0.00198149306376 0.00396289063231
654 0.00176475420143 -0.00198149306376 0.00396289063231
655 0.00176475420143 -0.00198149306376 0.00396289063231
656 0.00176475420143 -0.00198149306376 0.00396289063231
657 0.00176475420143 -0.00198149306376 0.00396289063231
658 0.00176475420143 -0.00198149306376 0.00396289063231
659 0.00176475420143 -0.00198149306376 0.00396289063231
660 0.00176475420143 -0.00198149306376 0.00396289063231
661 0.00176475420143 -0.00198149306376 0.00396289063231
662 0.00176475420143 -0.00198149306376 0.00396289063231
663 0.00176475420143 -0.00198149306376 0.00396289063231
664 0.00176475420143 -0.00198149306376 0.00396289063231
665 0.00176475420143 -0.00198149306376 0.00396289063231
666 0.00176475420143 -0.00198149306376 0.00396289063231
667 0.00176475420143 -0.00198149306376 0.00396289063231
668 0.00176475420143 -0.00198149306376 0.00396289063231
669 0.00176475420143 -0.00198149306376 0.00396289063231
670 0.00176475420143 -0.00198149306376 0.00396289063231
671 0.00176475420143 -0.00198149306376 0.00396289063231
672 0.00176475420143 -0.00198149306376 0.00396289063231
673 0.00176475420143 -0.00198149306376 0.00396289063231
674 0.00176475420143 -0.00198149306376 0.00396289063231
675 0.00176475420143 -0.00198149306376 0.00396289063231
676 0.00176475420143 -0.00198149306376 0.00396289063231
677 0.00176475420143 -0.00198149306376 0.00396289063231
678 0.00176475420143 -0.00198149306376 0.00396289063231
679 0.00176475420143 -0.00198149306376 0.00396289063231
680 0.00176475420143 -0.00198149306376 0.00396289063231
681 0.00176475420143 -0.00198149306376 0.00396289063231
682 0.00176475420143 -0.00198149306376 0.00396289063231
683 0.00176475420143 -0.00198149306376 0.00396289063231
684 0.00176475420143 -0.00198149306376 0.00396289063231
685 0.00176475420143 -0.00198149306376 0.00396289063231
686 0.00176475420143 -0.00198149306376 0.00396289063231
687 0.00176475420143 -0.00198149306376 0.00396289063231
688 0.00176475420143 -0.00198149306376 0.00396289063231
689 0.00176475420143 -0.00198149306376 0.00396289063231
690 0.00176475420143 -0.00198149306376 0.00396289063231
691 0.00176475420143 -0.00198149306376 0.00396289063231
692 0.00176475420143 -0.00198149306376 0.00396289063231
693 0.00176475420143 -0.00198149306376 0.00396289063231
694 0.00176475420143 -0.00198149306376 0.00396289063231
695 0.00176475420143 -0.00198149306376 0.00396289063231
696 0.00176475420143 -0.00198149306376 0.00396289063231
697 0.00176475420143 -0.00198149306376 0.00396289063231
698 0.00176475420143 -0.00198149306376 0.00396289063231
699 0.00176475420143 -0.00198149306376 0.00396289063231
700 0.00176475420143 -0.00198149306376 0.00396289063231
701 0.000940590250866 -0.000866948212262 0.0011439179757
702 0.000940590250866 -0.000866948212262 0.0011439179757
703 0.000940590250866 -0.000866948212262 0.0011439179757
704 0.000940590250866 -0.000866948212262 0.0011439179757
705 0.000940590250866 -0.000866948212262 0.0011439179757
706 0.000940590250866 -0.000866948212262 0.0011439179757
707 0.000940590250866 -0.000866948212262 0.0011439179757
708 0.000940590250866 -0.000866948212262 0.0011439179757
709 0.000940590250866 -0.000866948212262 0.0011439179757
710 0.000940590250866 -0.000866948212262 0.0011439179757
711 0.000940590250866 -0.000866948212262 0.0011439179757
712 0.000940590250866 -0.000866948212262 0.0011439179757
713 0.000940590250866 -0.000866948212262 0.0011439179757
714 0.000940590250866 -0.000866948212262 0.0011439179757
715 0.000940590250866 -0.000866948212262 0.0011439179757
716 0.000940590250866 -0.000866948212262 0.0011439179757
717 0.000940590250866 -0.000866948212262 0.0011439179757
718 0.000940590250866 -0.000866948212262 0.0011439179757
719 0.000940590250866 -0.000866948212262 0.0011439179757
720 0.000940590250866 -0.000866948212262 0.0011439179757
721 0.000940590250866 -0.000866948212262 0.0011439179757
722 0.000940590250866 -0.000866948212262 0.0011439179757
723 0.000940590250866 -0.000866948212262 0.0011439179757
724 0.000940590250866 -0.000866948212262 0.0011439179757
725 0.000940590250866 -0.000866948212262 0.0011439179757
726 0.000940590250866 -0.000866948212262 0.0011439179757
727 0.000940590250866 -0.000866948212262 0.0011439179757
728 0.000940590250866 -0.000866948212262 0.0011439179757
729 0.000940590250866 -0.000866948212262 0.0011439179757
730 0.000940590250866 -0.000866948212262 0.0011439179757
731 0.000940590250866 -0.000866948212262 0.0011439179757
732 0.000940590250866 -0.000866948212262 0.0011439179757
733 0.000940590250866 -0.000866948212262 0.0011439179757
734 0.000940590250866 -0.000866948212262 0.0011439179757
735 0.000940590250866 -0.000866948212262 0.0011439179757
736 0.000940590250866 -0.000866948212262 0.0011439179757
737 0.000940590250866 -0.000866948212262 0.0011439179757
738 0.000940590250866 -0.000866948212262 0.0011439179757
739 0.000940590250866 -0.000866948212262 0.0011439179757
740 0.000940590250866 -0.000866948212262 0.0011439179757
741 0.000940590250866 -0.000866948212262 0.0011439179757
742 0.000940590250866 -0.000866948212262 0.0011439179757
743 0.000940590250866 -0.000866948212262 0.0011439179757
744 0.000940590250866 -0.000866948212262 0.0011439179757
745 0.000940590250866 -0.000866948212262 0.0011439179757
746 0.000940590250866 -0.000866948212262 0.0011439179757
747 0.000940590250866 -0.000866948212262 0.0011439179757
748 0.000940590250866 -0.000866948212262 0.0011439179757
749 0.000940590250866 -0.000866948212262 0.0011439179757
750 0.000940590250866 -0.000866948212262 0.0011439179757
751 0.000253643271468 -0.000866948212262 0.0011439179757
752 0.000253643271468 -0.000866948212262 0.0011439179757
753 0.000253643271468 -0.000866948212262 0.0011439179757
754 0.000253643271468 -0.000866948212262 0.0011439179757
755 0.000253643271468 -0.000866948212262 0.0011439179757
756 0.000253643271468 -0.000866948212262 0.0011439179757
757 0.000253643271468 -0.000866948212262 0.0011439179757
758 0.000253643271468 -0.000866948212262 0.0011439179757
759 0.000253643271468 -0.000866948212262 0.0011439179757
760 0.000253643271468 -0.000866948212262 0.0011439179757
761 0.000253643271468 -0.000866948212262 0.0011439179757
762 0.000253643271468 -0.000866948212262 0.0011439179757
763 0.000253643271468 -0.000866948212262 0.0011439179757
764 0.000253643271468 -0.000866948212262 0.0011439179757
765 0.000253643271468 -0.000866948212262 0.0011439179757
766 0.000253643271468 -0.000866948212262 0.0011439179757
767 0.000253643271468 -0.000866948212262 0.0011439179757
768 0.000253643271468 -0.000866948212262 0.0011439179757
769 0.000253643271468 -0.000866948212262 0.0011439179757
770 0.000253643271468 -0.000866948212262 0.0011439179757
771 0.000253643271468 -0.000866948212262 0.0011439179757
772 0.000253643271468 -0.000866948212262 0.0011439179757
773 0.000253643271468 -0.000866948212262 0.0011439179757
774 0.000253643271468 -0.000866948212262 0.0011439179757
775 0.000253643271468 -0.000866948212262 0.0011439179757
776 0.000253643271468 -0.000866948212262 0.0011439179757
777 0.000253643271468 -0.000866948212262 0.0011439179757
778 0.000253643271468 -0.000866948212262 0.0011439179757
779 0.000253643271468 -0.000866948212262 0.0011439179757
780 0.000253643271468 -0.000866948212262 0.0011439179757
781 0.000253643271468 -0.000866948212262 0.0011439179757
782 0.000253643271468 -0.000866948212262 0.0011439179757
783 0.000253643271468 -0.000866948212262 0.0011439179757
784 0.000253643271468 -0.000866948212262 0.0011439179757
785 0.000253643271468 -0.000866948212262 0.0011439179757
786 0.000253643271468 -0.000866948212262 0.0011439179757
787 0.000253643271468 -0.000866948212262 0.0011439179757
788 0.000253643271468 -0.000866948212262 0.0011439179757
789 0.000253643271468 -0.000866948212262 0.0011439179757
790 0.000253643271468 -0.000866948212262 0.0011439179757
791 0.000253643271468 -0.000866948212262 0.0011439179757
792 0.000253643271468 -0.000866948212262 0.0011439179757
793 0.000253643271468 -0.000866948212262 0.0011439179757
794 0.000253643271468 -0.000866948212262 0.0011439179757
795 0.000253643271468 -0.000866948212262 0.0011439179757
796 0.000253643271468 -0.000866948212262 0.0011439179757
797 0.000253643271468 -0.000866948212262 0.0011439179757
798 0.000253643271468 -0.000866948212262 0.0011439179757
799 0.000253643271468 -0.000866948212262 0.0011439179757
800 0.000253643271468 -0.000866948212262 0.0011439179757
801 -0.000221717617484 -0.00238158366709 0.00120877502171
802 -0.000221717617484 -0.00238158366709 0.00120877502171
803 -0.000221717617484 -0.00238158366709 0.00120877502171
804 -0.000221717617484 -0.00238158366709 0.00120877502171
805 -0.000221717617484 -0.00238158366709 0.00120877502171
806 -0.000221717617484 -0.00238158366709 0.00120877502171
807 -0.000221717617484 -0.00238158366709 0.00120877502171
808 -0.000221717617484 -0.00238158366709 0.00120877502171
809 -0.000221717617484 -0.00238158366709 0.00120877502171
810 -0.000221717617484 -0.00238158366709 0.00120877502171
811 -0.000221717617484 -0.00238158366709 0.00120877502171
812 -0.000221717617484 -0.00238158366709 0.00120877502171
813 -0.000221717617484 -0.00238158366709 0.00120877502171
814 -0.000221717617484 -0.00238158366709 0.00120877502171
815 -0.000221717617484 -0.00238158366709 0.00120877502171
816 -0.000221717617484 -0.00238158366709 0.00120877502171
817 -0.000221717617484 -0.00238158366709 0.00120877502171
818 -0.000221717617484 -0.00238158366709 0.00120877502171
819 -0.000221717617484 -0.00238158366709 0.00120877502171
820 -0.000221717617484 -0.00238158366709 0.00120877502171
821 -0.000221717617484 -0.00238158366709 0.00120877502171
822 -0.000221717617484 -0.00238158366709 0.00120877502171
823 -0.000221717617484 -0.00238158366709 0.00120877502171
824 -0.000221717617484 -0.00238158366709 0.00120877502171
825 -0.000221717617484 -0.00238158366709 0.00120877502171
826 -0.000221717617484 -0.00238158366709 0.00120877502171
827 -0.000221717617484 -0.00238158366709 0.00120877502171
828 -0.000221717617484 -0.00238158366709 0.00120877502171
829 -0.000221717617484 -0.00238158366709 0.00120877502171
830 -0.000221717617484 -0.00238158366709 0.00120877502171
831 -0.000221717617484 -0.00238158366709 0.00120877502171
832 -0.000221717617484 -0.00238158366709 0.00120877502171
833 -0.000221717617484 -0.00238158366709 0.00120877502171
834 -0.000221717617484 -0.00238158366709 0.00120877502171
835 -0.000221717617484 -0.00238158366709 0.00120877502171
836 -0.000221717617484 -0.00238158366709 0.00120877502171
837 -0.000221717617484 -0.00238158366709 0.00120877502171
838 -0.000221717617484 -0.00238158366709 0.00120877502171
839 -0.000221717617484 -0.00238158366709 0.00120877502171
840 -0.000221717617484 -0.00238158366709 0.00120877502171
841 -0.000221717617484 -0.00238158366709 0.00120877502171
842 -0.000221717617484 -0.00238158366709 0.00120877502171
843 -0.000221717617484 -0.00238158366709 0.00120877502171
844 -0.000221717617484 -0.00238158366709 0.00120877502171
845 -0.000221717617484 -0.00238158366709 0.00120877502171
846 -0.000221717617484 -0.00238158366709 0.00120877502171
847 -0.000221717617484 -0.00238158366709 0.00120877502171
848 -0.000221717617484 -0.00238158366709 0.00120877502171
849 -0.000221717617484 -0.00238158366709 0.00120877502171
850 -0.000221717617484 -0.00238158366709 0.00120877502171
851 0.00111293385898 -0.00238158366709 0.00120877502171
852 0.00111293385898 -0.00238158366709 0.00120877502171
853 0.00111293385898 -0.00238158366709 0.00120877502171
854 0.00111293385898 -0.00238158366709 0.00120877502171
855 0.00111293385898 -0.00238158366709 0.00120877502171
856 0.00111293385898 -0.00238158366709 0.00120877502171
857 0.00111293385898 -0.00238158366709 0.00120877502171
858 0.00111293385898 -0.00238158366709 0.00120877502171
859 0.00111293385898 -0.00238158366709 0.00120877502171
860 0.00111293385898 -0.00238158366709 0.00120877502171
861 0.00111293385898 -0.00238158366709 0.00120877502171
862 0.00111293385898 -0.00238158366709 0.00120877502171
863 0.00111293385898 -0.00238158366709 0.00120877502171
864 0.00111293385898 -0.00238158366709 0.00120877502171
865 0.00111293385898 -0.00238158366709 0.00120877502171
866 0.00111293385898 -0.00238158366709 0.00120877502171
867 0.00111293385898 -0.00238158366709 0.00120877502171
868 0.00111293385898 -0.00238158366709 0.00120877502171
869 0.00111293385898 -0.00238158366709 0.00120877502171
870 0.00111293385898 -0.00238158366709 0.00120877502171
871 0.00111293385898 -0.00238158366709 0.00120877502171
872 0.00111293385898 -0.00238158366709 0.00120877502171
873 0.00111293385898 -0.00238158366709 0.00120877502171
874 0.00111293385898 -0.00238158366709 0.00120877502171
875 0.00111293385898 -0.00238158366709 0.00120877502171
876 0.00111293385898 -0.00238158366709 0.00120877502171
877 0.00111293385898 -0.00238158366709 0.00120877502171
878 0.00111293385898 -0.00238158366709 0.00120877502171
879 0.00111293385898 -0.00238158366709 0.00120877502171
880 0.00111293385898 -0.00238158366709 0.00120877502171
881 0.00111293385898 -0.00238158366709 0.00120877502171
882 0.00111293385898 -0.00238158366709 0.00120877502171
883 0.00111293385898 -0.00238158366709 0.00120877502171
884 0.00111293385898 -0.00238158366709 0.00120877502171
885 0.00111293385898 -0.00238158366709 0.00120877502171
886 0.00111293385898 -0.00238158366709 0.00120877502171
887 0.00111293385898 -0.00238158366709 0.00120877502171
888 0.00111293385898 -0.00238158366709 0.00120877502171
889 0.00111293385898 -0.00238158366709 0.00120877502171
890 0.00111293385898 -0.00238158366709 0.00120877502171
891 0.00111293385898 -0.00238158366709 0.00120877502171
892 0.00111293385898 -0.00238158366709 0.00120877502171
893 0.00111293385898 -0.00238158366709 0.00120877502171
894 0.00111293385898 -0.00238158366709 0.00120877502171
895 0.00111293385898 -0.00238158366709 0.00120877502171
896 0.00111293385898 -0.00238158366709 0.00120877502171
897 0.00111293385898 -0.00238158366709 0.00120877502171
898 0.00111293385898 -0.00238158366709 0.00120877502171
899 0.00111293385898 -0.00238158366709 0.00120877502171
900 0.00111293385898 -0.00238158366709 0.00120877502171
901 -0.000239456827492 0.00142785110355 0.000865554495988
902 -0.000239456827492 0.00142785110355 0.000865554495988
903 -0.000239456827492 0.00142785110355 0.000865554495988
904 -0.000239456827492 0.00142785110355 0.000865554495988
905 -0.000239456827492 0.00142785110355 0.000865554495988
906 -0.000239456827492 0.00142785110355 0.000865554495988
907 -0.000239456827492 0.00142785110355 0.000865554495988
908 -0.000239456827492 0.00142785110355 0.000865554495988
909 -0.000239456827492 0.00142785110355 0.000865554495988
910 -0.000239456827492 0.00142785110355 0.000865554495988
911 -0.000239456827492 0.00142785110355 0.000865554495988
912 -0.000239456827492 0.00142785110355 0.000865554495988
913 -0.000239456827492 0.00142785110355 0.000865554495988
914 -0.000239456827492 0.00142785110355 0.000865554495988
915 -0.000239456827492 0.00142785110355 0.000865554495988
916 -0.000239456827492 0.00142785110355 0.000865554495988
917 -0.000239456827492 0.00142785110355 0.000865554495988
918 -0.000239456827492 0.00142785110355 0.000865554495988
919 -0.000239456827492 0.00142785110355 0.000865554495988
920 -0.000239456827492 0.00142785110355 0.000865554495988
921 -0.000239456827492 0.00142785110355 0.000865554495988
922 -0.000239456827492 0.00142785110355 0.000865554495988
923 -0.000239456827492 0.00142785110355 0.000865554495988
924 -0.000239456827492 0.00142785110355 0.000865554495988
925 -0.000239456827492 0.00142785110355 0.000865554495988
926 -0.000239456827492 0.00142785110355 0.000865554495988
927 -0.000239456827492 0.00142785110355 0.000865554495988
928 -0.000239456827492 0.00142785110355 0.000865554495988
929 -0.000239456827492 0.00142785110355 0.000865554495988
930 -0.000239456827492 0.00142785110355 0.000865554495988
931 -0.000239456827492 0.00142785110355 0.000865554495988
932 -0.000239456827492 0.00142785110355 0.000865554495988
933 -0.000239456827492 0.00142785110355 0.000865554495988
934 -0.000239456827492 0.00142785110355 0.000865554495988
935 -0.000239456827492 0.00142785110355 0.000865554495988
936 -0.000239456827492 0.00142785110355 0.000865554495988
937 -0.000239456827492 0.00142785110355 0.000865554495988
938 -0.000239456827492 0.00142785110355 0.000865554495988
939 -0.000239456827492 0.00142785110355 0.000865554495988
940 -0.000239456827492 0.00142785110355 0.000865554495988
941 -0.000239456827492 0.00142785110355 0.000865554495988
942 -0.000239456827492 0.00142785110355 0.000865554495988
943 -0.000239456827492 0.00142785110355 0.000865554495988
944 -0.000239456827492 0.00142785110355 0.000865554495988
945 -0.000239456827492 0.00142785110355 0.000865554495988
946 -0.000239456827492 0.00142785110355 0.000865554495988
947 -0.000239456827492 0.00142785110355 0.000865554495988
948 -0.000239456827492 0.00142785110355 0.000865554495988
949 -0.000239456827492 0.00142785110355 0.000865554495988
950 -0.000239456827492 0.00142785110355 0.000865554495988
951 -0.000239456827492 0.00142785110355 0.000865554495988
952 -0.000239456827492 0.00142785110355 0.000865554495988
953 -0.000239456827492 0.00142785110355 0.000865554495988
954 -0.000239456827492 0.00142785110355 0.000865554495988
955 -0.000239456827492 0.00142785110355 0.000865554495988
956 -0.000239456827492 0.00142785110355 0.000865554495988
957 -0.000239456827492 0.00142785110355 0.000865554495988
958 -0.000239456827492 0.00142785110355 0.000865554495988
959 -0.000239456827492 0.00142785110355 0.000865554495988
960 -0.000239456827492 0.00142785110355 0.000865554495988
961 -0.000239456827492 0.00142785110355 0.000865554495988
962 -0.000239456827492 0.00142785110355 0.000865554495988
963 -0.000239456827492 0.00142785110355 0.000865554495988
964 -0.000239456827492 0.00142785110355 0.000865554495988
965 -0.000239456827492 0.00142785110355 0.000865554495988
966 -0.000239456827492 0.00142785110355 0.000865554495988
967 -0.000239456827492 0.00142785110355 0.000865554495988
968 -0.000239456827492 0.00142785110355 0.000865554495988
969 -0.000239456827492 0.00142785110355 0.000865554495988
970 -0.000239456827492 0.00142785110355 0.000865554495988
971 -0.000604400266959 0.00142785110355 0.000865554495988
972 -0.000604400266959 0.00142785110355 0.000865554495988
973 -0.000604400266959 0.00142785110355 0.000865554495988
974 -0.000604400266959 0.00142785110355 0.000865554495988
975 -0.000604400266959 0.00142785110355 0.000865554495988
976 -0.000604400266959 0.00142785110355 0.000865554495988
977 -0.000604400266959 0.00142785110355 0.000865554495988
978 -0.000604400266959 0.00142785110355 0.000865554495988
979 -0.000604400266959 0.00142785110355 0.000865554495988
980 -0.000604400266959 0.00142785110355 0.000865554495988
981 -0.000604400266959 0.00142785110355 0.000865554495988
982 -0.000604400266959 0.00142785110355 0.000865554495988
983 -0.000604400266959 0.00142785110355 0.000865554495988
984 -0.000604400266959 0.00142785110355 0.000865554495988
985 -0.000604400266959 0.00142785110355 0.000865554495988
986 -0.000604400266959 0.00142785110355 0.000865554495988
987 -0.000604400266959 0.00142785110355 0.000865554495988
988 -0.000604400266959 0.00142785110355 0.000865554495988
989 -0.000604400266959 0.00142785110355 0.000865554495988
990 -0.000604400266959 0.00142785110355 0.000865554495988
991 -0.000604400266959 0.00142785110355 0.000865554495988
992 -0.000604400266959 0.00142785110355 0.000865554495988
993 -0.000604400266959 0.00142785110355 0.000865554495988
994 -0.000604400266959 0.00142785110355 0.000865554495988
995 -0.000604400266959 0.00142785110355 0.000865554495988
996 -0.000604400266959 0.00142785110355 0.000865554495988
997 -0.000604400266959 0.00142785110355 0.000865554495988
998 -0.000604400266959 0.00142785110355 0.000865554495988
999 -0.000604400266959 0.00142785110355 0.000865554495988
1000 -0.000604400266959 0.00142785110355 0.000865554495988
1001 -0.000604400266959 0.0 0.0
1002 -0.000604400266959 0.0 0.0
1003 -0.000604400266959 0.0 0.0
1004 -0.000604400266959 0.0 0.0
1005 -0.000604400266959 0.0 0.0
1006 -0.000604400266959 0.0 0.0
1007 -0.000604400266959 0.0 0.0
1008 -0.000604400266959 0.0 0.0
1009 -0.000604400266959 0.0 0.0
1010 -0.000604400266959 0.0 0.0
1011 -0.000604400266959 0.0 0.0
1012 -0.000604400266959 0.0 0.0
1013 -0.000604400266959 0.0 0.0
1014 -0.000604400266959 0.0 0.0
1015 -0.000604400266959 0.0 0.0
1016 -0.000604400266959 0.0 0.0
1017 -0.000604400266959 0.0 0.0
1018 -0.000604400266959 0.0 0.0
1019 -0.000604400266959 0.0 0.0
1020 -0.000604400266959 0.0 0.0
1021 -0.000604400266959 0.0 0.0
1022 -0.000604400266959 0.0 0.0
1023 -0.000604400266959 0.0 0.0
1024 -0.000604400266959 0.0 0.0
1025 -0.000604400266959 0.0 0.0
1026 -0.000604400266959 0.0 0.0
1027 -0.000604400266959 0.0 0.0
1028 -0.000604400266959 0.0 0.0
1029 -0.000604400266959 0.0 0.0
1030 -0.000604400266959 0.0 0.0
1031 0.00099467975786 0.0 0.0
1032 0.00099467975786 0.0 0.0
1033 0.00099467975786 0.0 0.0
1034 0.00099467975786 0.0 0.0
1035 0.00099467975786 0.0 0.0
1036 0.00099467975786 0.0 0.0
1037 0.00099467975786 0.0 0.0
1038 0.00099467975786 0.0 0.0
1039 0.00099467975786 0.0 0.0
1040 0.00099467975786 0.0 0.0
1041 0.00099467975786 0.0 0.0
1042 0.00099467975786 0.0 0.0
1043 0.00099467975786 0.0 0.0
1044 0.00099467975786 0.0 0.0
1045 0.00099467975786 0.0 0.0
1046 0.00099467975786 0.0 0.0
1047 0.00099467975786 0.0 0.0
1048 0.00099467975786 0.0 0.0
1049 0.00099467975786 0.0 0.0
1050 0.00099467975786 0.0 0.0
1051 0.00099467975786 0.0 0.0
1052 0.00099467975786 0.0 0.0
1053 0.00099467975786 0.0 0.0
1054 0.00099467975786 0.0 0.0
1055 0.00099467975786 0.0 0.0
1056 0.00099467975786 0.0 0.0
1057 0.00099467975786 0.0 0.0
1058 0.00099467975786 0.0 0.0
1059 0.00099467975786 0.0 0.0
1060 0.00099467975786 0.0 0.0
1061 0.00099467975786 0.0 0.0
1062 0.00099467975786 0.0 0.0
1063 0.00099467975786 0.0 0.0
1064 0.00099467975786 0.0 0.0
1065 0.00099467975786 0.0 0.0
1066 0.00099467975786 0.0 0.0
1067 0.00099467975786 0.0 0.0
1068 0.00099467975786 0.0 0.0
1069 0.00099467975786 0.0 0.0
1070 0.00099467975786 0.0 0.0
1071 0.00099467975786 0.0 0.0
1072 0.00099467975786 0.0 0.0
1073 0.00099467975786 0.0 0.0
1074 0.00099467975786 0.0 0.0
1075 0.00099467975786 0.0 0.0
1076 0.00099467975786 0.0 0.0
1077 0.00099467975786 0.0 0.0
1078 0.00099467975786 0.0 0.0
1079 0.00099467975786 0.0 0.0
1080 0.00099467975786 0.0 0.0
1081 0.00099467975786 0.0 0.0
1082 0.00099467975786 0.0 0.0
1083 0.00099467975786 0.0 0.0
1084 0.00099467975786 0.0 0.0
1085 0.00099467975786 0.0 0.0
1086 0.00099467975786 0.0 0.0
1087 0.00099467975786 0.0 0.0
1088 0.00099467975786 0.0 0.0
1089 0.00099467975786 0.0 0.0
1090 0.00099467975786 0.0 0.0
1091 -0.00286172638595 0.0 0.0
1092 -0.00286172638595 0.0 0.0
1093 -0.00286172638595 0.0 0.0
1094 -0.00286172638595 0.0 0.0
1095 -0.00286172638595 0.0 0.0
1096 -0.00286172638595 0.0 0.0
1097 -0.00286172638595 0.0 0.0
1098 -0.00286172638595 0.0 0.0
1099 -0.00286172638595 0.0 0.0
1100 -0.00286172638595 0.0 0.0
1101 -0.00286172638595 0.0 0.0
1102 -0.00286172638595 0.0 0.0
1103 -0.00286172638595 0.0 0.0
1104 -0.00286172638595 0.0 0.0
1105 -0.00286172638595 0.0 0.0
1106 -0.00286172638595 0.0 0.0
1107 -0.00286172638595 0.0 0.0
1108 -0.00286172638595 0.0 0.0
1109 -0.00286172638595 0.0 0.0
1110 -0.00286172638595 0.0 0.0
1111 -0.00286172638595 0.0 0.0
1112 -0.00286172638595 0.0 0.0
1113 -0.00286172638595 0.0 0.0
1114 -0.00286172638595 0.0 0.0
1115 -0.00286172638595 0.0 0.0
1116 -0.00286172638595 0.0 0.0
1117 -0.00286172638595 0.0 0.0
1118 -0.00286172638595 0.0 0.0
1119 -0.00286172638595 0.0 0.0
1120 -0.00286172638595 0.0 0.0
1121 -0.00286172638595 0.0 0.0
1122 -0.00286172638595 0.0 0.0
1123 -0.00286172638595 0.0 0.0
1124 -0.00286172638595 0.0 0.0
1125 -0.00286172638595 0.0 0.0
1126 -0.00286172638595 0.0 0.0
1127 -0.00286172638595 0.0 0.0
1128 -0.00286172638595 0.0 0.0
1129 -0.00286172638595 0.0 0.0
1130 -0.00286172638595 0.0 0.0
1131 -0.00286172638595 0.0 0.0
1132 -0.00286172638595 0.0 0.0
1133 -0.00286172638595 0.0 0.0
1134 -0.00286172638595 0.0 0.0
1135 -0.00286172638595 0.0 0.0
1136 -0.00286172638595 0.0 0.0
1137 -0.00286172638595 0.0 0.0
1138 -0.00286172638595 0.0 0.0
1139 -0.00286172638595 0.0 0.0
1140 -0.00286172638595 0.0 0.0
1141 -0.00286172638595 0.0 0.0
1142 -0.00286172638595 0.0 0.0
1143 -0.00286172638595 0.0 0.0
1144 -0.00286172638595 0.0 0.0
1145 -0.00286172638595 0.0 0.0
1146 -0.00286172638595 0.0 0.0
1147 -0.00286172638595 0.0 0.0
1148 -0.00286172638595 0.0 0.0
1149 -0.00286172638595 0.0 0.0
1150 -0.00286172638595 0.0 0.0
1151 -0.00123201525963 0.0 0.0
1152 -0.00123201525963 0.0 0.0
1153 -0.00123201525963 0.0 0.0
1154 -0.00123201525963 0.0 0.0
1155 -0.00123201525963 0.0 0.0
1156 -0.00123201525963 0.0 0.0
1157 -0.00123201525963 0.0 0.0
1158 -0.00123201525963 0.0 0.0
1159 -0.00123201525963 0.0 0.0
1160 -0.00123201525963 0.0 0.0
1161 -0.00123201525963 0.0 0.0
1162 -0.00123201525963 0.0 0.0
1163 -0.00123201525963 0.0 0.0
1164 -0.00123201525963 0.0 0.0
1165 -0.00123201525963 0.0 0.0
1166 -0.00123201525963 0.0 0.0
1167 -0.00123201525963 0.0 0.0
1168 -0.00123201525963 0.0 0.0
1169 -0.00123201525963 0.0 0.0
1170 -0.00123201525963 0.0 0.0
1171 -0.00123201525963 0.0 0.0
1172 -0.00123201525963 0.0 0.0
1173 -0.00123201525963 0.0 0.0
1174 -0.00123201525963 0.0 0.0
1175 -0.00123201525963 0.0 0.0
1176 -0.00123201525963 0.0 0.0
1177 -0.00123201525963 0.0 0.0
1178 -0.00123201525963 0.0 0.0
1179 -0.00123201525963 0.0 0.0
1180 -0.00123201525963 0.0 0.0
1181 -0.00123201525963 0.0 0.0
1182 -0.00123201525963 0.0 0.0
1183 -0.00123201525963 0.0 0.0
1184 -0.00123201525963 0.0 0.0
1185 -0.00123201525963 0.0 0.0
1186 -0.00123201525963 0.0 0.0
1187 -0.00123201525963 0.0 0.0
1188 -0.00123201525963 0.0 0.0
1189 -0.00123201525963 0.0 0.0
1190 -0.00123201525963 0.0 0.0
1191 -0.00123201525963 0.0 0.0
1192 -0.00123201525963 0.0 0.0
1193 -0.00123201525963 0.0 0.0
1194 -0.00123201525963 0.0 0.0
1195 -0.00123201525963 0.0 0.0
1196 -0.00123201525963 0.0 0.0
1197 -0.00123201525963 0.0 0.0
1198 -0.00123201525963 0.0 0.0
1199 -0.00123201525963 0.0 0.0
1200 -0.00123201525963 0.0 0.0
1201 -0.00123201525963 0.0 0.0
1202 -0.00123201525963 0.0 0.0
1203 -0.00123201525963 0.0 0.0
1204 -0.00123201525963 0.0 0.0
1205 -0.00123201525963 0.0 0.0
1206 -0.00123201525963 0.0 0.0
1207 -0.00123201525963 0.0 0.0
1208 -0.00123201525963 0.0 0.0
1209 -0.00123201525963 0.0 0.0
1210 -0.00123201525963 0.0 0.0
1211 0.000365348258876 0.0 0.0
1212 0.000365348258876 0.0 0.0
1213 0.000365348258876 0.0 0.0
1214 0.000365348258876 0.0 0.0
1215 0.000365348258876 0.0 0.0
1216 0.000365348258876 0.0 0.0
1217 0.000365348258876 0.0 0.0
1218 0.000365348258876 0.0 0.0
1219 0.000365348258876 0.0 0.0
1220 0.000365348258876 0.0 0.0
1221 0.000365348258876 0.0 0.0
1222 0.000365348258876 0.0 0.0
1223 0.000365348258876 0.0 0.0
1224 0.000365348258876 0.0 0.0
1225 0.000365348258876 0.0 0.0
1226 0.000365348258876 0.0 0.0
1227 0.000365348258876 0.0 0.0
1228 0.000365348258876 0.0 0.0
1229 0.000365348258876 0.0 0.0
1230 0.000365348258876 0.0 0.0
1231 0.000365348258876 0.0 0.0
1232 0.000365348258876 0.0 0.0
1233 0.000365348258876 0.0 0.0
1234 0.000365348258876 0.0 0.0
1235 0.000365348258876 0.0 0.0
1236 0.000365348258876 0.0 0.0
1237 0.000365348258876 0.0 0.0
1238 0.000365348258876 0.0 0.0
1239 0.000365348258876 0.0 0.0
1240 0.000365348258876 0.0 0.0
1241 0.000365348258876 0.0 0.0
1242 0.000365348258876 0.0 0.0
1243 0.000365348258876 0.0 0.0
1244 0.000365348258876 0.0 0.0
1245 0.000365348258876 0.0 0.0
1246 0.000365348258876 0.0 0.0
1247 0.000365348258876 0.0 0.0
1248 0.000365348258876 0.0 0.0
1249 0.000365348258876 0.0 0.0
1250 0.000365348258876 0.0 0.0
1251 0.000365348258876 0.0 0.0
1252 0.000365348258876 0.0 0.0
1253 0.000365348258876 0.0 0.0
1254 0.000365348258876 0.0 0.0
1255 0.000365348258876 0.0 0.0
1256 0.000365348258876 0.0 0.0
1257 0.000365348258876 0.0 0.0
1258 0.000365348258876 0.0 0.0
1259 0.000365348258876 0.0 0.0
1260 0.000365348258876 0.0 0.0
1261 0.000365348258876 0.0 0.0
1262 0.000365348258876 0.0 0.0
1263 0.000365348258876 0.0 0.0
1264 0.000365348258876 0.0 0.0
1265 0.000365348258876 0.0 0.0
1266 0.000365348258876 0.0 0.0
1267 0.000365348258876 0.0 0.0
1268 0.000365348258876 0.0 0.0
1269 0.000365348258876 0.0 0.0
1270 0.000365348258876 0.0 0.0
1271 0.00117621237771 0.0 0.0
1272 0.00117621237771 0.0 0.0
1273 0.00117621237771 0.0 0.0
1274 0.00117621237771 0.0 0.0
1275 0.00117621237771 0.0 0.0
1276 0.00117621237771 0.0 0.0
1277 0.00117621237771 0.0 0.0
1278 0.00117621237771 0.0 0.0
1279 0.00117621237771 0.0 0.0
1280 0.00117621237771 0.0 0.0
1281 0.00117621237771 0.0 0.0
1282 0.00117621237771 0.0 0.0
1283 0.00117621237771 0.0 0.0
1284 0.00117621237771 0.0 0.0
1285 0.00117621237771 0.0 0.0
1286 0.00117621237771 0.0 0.0
1287 0.00117621237771 0.0 0.0
1288 0.00117621237771 0.0 0.0
1289 0.00117621237771 0.0 0.0
1290 0.00117621237771 0.0 0.0
1291 0.00117621237771 0.0 0.0
1292 0.00117621237771 0.0 0.0
1293 0.00117621237771 0.0 0.0
1294 0.00117621237771 0.0 0.0
1295 0.00117621237771 0.0 0.0
1296 0.00117621237771 0.0 0.0
1297 0.00117621237771 0.0 0.0
1298 0.00117621237771 0.0 0.0
1299 0.00117621237771 0.0 0.0
1300 0.00117621237771 0.0 0.0
1301 0.00117621237771 0.0 0.0
1302 0.00117621237771 0.0 0.0
1303 0.00117621237771 0.0 0.0
1304 0.00117621237771 0.0 0.0
1305 0.00117621237771 0.0 0.0
1306 0.00117621237771 0.0 0.0
1307 0.00117621237771 0.0 0.0
1308 0.00117621237771 0.0 0.0
1309 0.00117621237771 0.0 0.0
1310 0.00117621237771 0.0 0.0
1311 0.00117621237771 0.0 0.0
1312 0.00117621237771 0.0 0.0
1313 0.00117621237771 0.0 0.0
1314 0.00117621237771 0.0 0.0
1315 0.00117621237771 0.0 0.0
1316 0.00117621237771 0.0 0.0
1317 0.00117621237771 0.0 0.0
1318 0.00117621237771 0.0 0.0
1319 0.00117621237771 0.0 0.0
1320 0.00117621237771 0.0 0.0
1321 0.00117621237771 0.0 0.0
1322 0.00117621237771 0.0 0.0
1323 0.00117621237771 0.0 0.0
1324 0.00117621237771 0.0 0.0
1325 0.00117621237771 0.0 0.0
1326 0.00117621237771 0.0 0.0
1327 0.00117621237771 0.0 0.0
1328 0.00117621237771 0.0 0.0
1329 0.00117621237771 0.0 0.0
1330 0.00117621237771 0.0 0.0
1331 -0.000679493225703 0.0 0.0
1332 -0.000679493225703 0.0 0.0
1333 -0.000679493225703 0.0 0.0
1334 -0.000679493225703 0.0 0.0
1335 -0.000679493225703 0.0 0.0
1336 -0.000679493225703 0.0 0.0
1337 -0.000679493225703 0.0 0.0
1338 -0.000679493225703 0.0 0.0
1339 -0.000679493225703 0.0 0.0
1340 -0.000679493225703 0.0 0.0
1341 -0.000679493225703 0.0 0.0
1342 -0.000679493225703 0.0 0.0
1343 -0.000679493225703 0.0 0.0
1344 -0.000679493225703 0.0 0.0
1345 -0.000679493225703 0.0 0.0
1346 -0.000679493225703 0.0 0.0
1347 -0.000679493225703 0.0 0.0
1348 -0.000679493225703 0.0 0.0
1349 -0.000679493225703 0.0 0.0
1350 -0.000679493225703 0.0 0.0
1351 -0.000679493225703 0.0 0.0
1352 -0.000679493225703 0.0 0.0
1353 -0.000679493225703 0.0 0.0
1354 -0.000679493225703 0.0 0.0
1355 -0.000679493225703 0.0 0.0
1356 -0.000679493225703 0.0 0.0
1357 -0.000679493225703 0.0 0.0
1358 -0.000679493225703 0.0 0.0
1359 -0.000679493225703 0.0 0.0
1360 -0.000679493225703 0.0 0.0
1361 -0.000679493225703 0.0 0.0
1362 -0.000679493225703 0.0 0.0
1363 -0.000679493225703 0.0 0.0
1364 -0.000679493225703 0.0 0.0
1365 -0.000679493225703 0.0 0.0
1366 -0.000679493225703 0.0 0.0
1367 -0.000679493225703 0.0 0.0
1368 -0.000679493225703 0.0 0.0
1369 -0.000679493225703 0.0 0.0
1370 -0.000679493225703 0.0 0.0
1371 -0.000679493225703 0.0 0.0
1372 -0.000679493225703 0.0 0.0
1373 -0.000679493225703 0.0 0.0
1374 -0.000679493225703 0.0 0.0
1375 -0.000679493225703 0.0 0.0
1376 -0.000679493225703 0.0 0.0
1377 -0.000679493225703 0.0 0.0
1378 -0.000679493225703 0.0 0.0
1379 -0.000679493225703 0.0 0.0
1380 -0.000679493225703 0.0 0.0
1381 -0.000679493225703 0.0 0.0
1382 -0.000679493225703 0.0 0.0
1383 -0.000679493225703 0.0 0.0
1384 -0.000679493225703 0.0 0.0
1385 -0.000679493225703 0.0 0.0
1386 -0.000679493225703 0.0 0.0
1387 -0.000679493225703 0.0 0.0
1388 -0.000679493225703 0.0 0.0
1389 -0.000679493225703 0.0 0.0
1390 -0.000679493225703 0.0 0.0
1391 2.59916871897e-05 0.0 0.0
1392 2.59916871897e-05 0.0 0.0
1393 2.59916871897e-05 0.0 0.0
1394 2.59916871897e-05 0.0 0.0
1395 2.59916871897e-05 0.0 0.0
1396 2.59916871897e-05 0.0 0.0
1397 2.59916871897e-05 0.0 0.0
1398 2.59916871897e-05 0.0 0.0
1399 2.59916871897e-05 0.0 0.0
1400 2.59916871897e-05 0.0 0.0
1401 2.59916871897e-05 0.0 0.0
1402 2.59916871897e-05 0.0 0.0
1403 2.59916871897e-05 0.0 0.0
1404 2.59916871897e-05 0.0 0.0
1405 2.59916871897e-05 0.0 0.0
1406 2.59916871897e-05 0.0 0.0
1407 2.59916871897e-05 0.0 0.0
1408 2.59916871897e-05 0.0 0.0
1409 2.59916871897e-05 0.0 0.0
1410 2.59916871897e-05 0.0 0.0
1411 2.59916871897e-05 0.0 0.0
1412 2.59916871897e-05 0.0 0.0
1413 2.59916871897e-05 0.0 0.0
1414 2.59916871897e-05 0.0 0.0
1415 2.59916871897e-05 0.0 0.0
1416 2.59916871897e-05 0.0 0.0
1417 2.59916871897e-05 0.0 0.0
1418 2.59916871897e-05 0.0 0.0
1419 2.59916871897e-05 0.0 0.0
1420 2.59916871897e-05 0.0 0.0
1421 2.59916871897e-05 0.0 0.0
1422 2.59916871897e-05 0.0 0.0
1423 2.59916871897e-05 0.0 0.0
1424 2.59916871897e-05 0.0 0.0
1425 2.59916871897e-05 0.0 0.0
1426 2.59916871897e-05 0.0 0.0
1427 2.59916871897e-05 0.0 0.0
1428 2.59916871897e-05 0.0 0.0
1429 2.59916871897e-05 0.0 0.0
1430 2.59916871897e-05 0.0 0.0
1431 2.59916871897e-05 0.0 0.0
1432 2.59916871897e-05 0.0 0.0
1433 2.59916871897e-05 0.0 0.0
1434 2.59916871897e-05 0.0 0.0
1435 2.59916871897e-05 0.0 0.0
1436 2.59916871897e-05 0.0 0.0
1437 2.59916871897e-05 0.0 0.0
1438 2.59916871897e-05 0.0 0.0
1439 2.59916871897e-05 0.0 0.0
1440 2.59916871897e-05 0.0 0.0
1441 2.59916871897e-05 0.0 0.0
1442 2.59916871897e-05 0.0 0.0
1443 2.59916871897e-05 0.0 0.0
1444 2.59916871897e-05 0.0 0.0
1445 2.59916871897e-05 0.0 0.0
1446 2.59916871897e-05 0.0 0.0
1447 2.59916871897e-05 0.0 0.0
1448 2.59916871897e-05 0.0 0.0
1449 2.59916871897e-05 0.0 0.0
1450 2.59916871897e-05 0.0 0.0
1451 -0.001197137654 0.0 0.0
1452 -0.001197137654 0.0 0.0
1453 -0.001197137654 0.0 0.0
1454 -0.001197137654 0.0 0.0
1455 -0.001197137654 0.0 0.0
1456 -0.001197137654 0.0 0.0
1457 -0.001197137654 0.0 0.0
1458 -0.001197137654 0.0 0.0
1459 -0.001197137654 0.0 0.0
1460 -0.001197137654 0.0 0.0
1461 -0.001197137654 0.0 0.0
1462 -0.001197137654 0.0 0.0
1463 -0.001197137654 0.0 0.0
1464 -0.001197137654 0.0 0.0
1465 -0.001197137654 0.0 0.0
1466 -0.001197137654 0.0 0.0
1467 -0.001197137654 0.0 0.0
1468 -0.001197137654 0.0 0.0
1469 -0.001197137654 0.0 0.0
1470 -0.001197137654 0.0 0.0
1471 -0.001197137654 0.0 0.0
1472 -0.001197137654 0.0 0.0
1473 -0.001197137654 0.0 0.0
1474 -0.001197137654 0.0 0.0
1475 -0.001197137654 0.0 0.0
1476 -0.001197137654 0.0 0.0
1477 -0.001197137654 0.0 0.0
1478 -0.001197137654 0.0 0.0
1479 -0.001197137654 0.0 0.0
1480 -0.001197137654 0.0 0.0
1481 -0.001197137654 0.0 0.0
1482 -0.001197137654 0.0 0.0
1483 -0.001197137654 0.0 0.0
1484 -0.001197137654 0.0 0.0
1485 -0.001197137654 0.0 0.0
1486 -0.001197137654 0.0 0.0
1487 -0.001197137654 0.0 0.0
1488 -0.001197137654 0.0 0.0
1489 -0.001197137654 0.0 0.0
1490 -0.001197137654 0.0 0.0
1491 -0.001197137654 0.0 0.0
1492 -0.001197137654 0.0 0.0
1493 -0.001197137654 0.0 0.0
1494 -0.001197137654 0.0 0.0
1495 -0.001197137654 0.0 0.0
1496 -0.001197137654 0.0 0.0
1497 -0.001197137654 0.0 0.0
1498 -0.001197137654 0.0 0.0
1499 -0.001197137654 0.0 0.0
1500 -0.001197137654 0.0 0.0
1501 -0.001197137654 0.0 0.0
1502 -0.001197137654 0.0 0.0
1503 -0.001197137654 0.0 0.0
1504 -0.001197137654 0.0 0.0
1505 -0.001197137654 0.0 0.0
1506 -0.001197137654 0.0 0.0
1507 -0.001197137654 0.0 0.0
1508 -0.001197137654 0.0 0.0
1509 -0.001197137654 0.0 0.0
1510 -0.001197137654 0.0 0.0
1511 -0.000748495733084 0.0 0.0
1512 -0.000748495733084 0.0 0.0
1513 -0.000748495733084 0.0 0.0
1514 -0.000748495733084 0.0 0.0
1515 -0.000748495733084 0.0 0.0
1516 -0.000748495733084 0.0 0.0
1517 -0.000748495733084 0.0 0.0
1518 -0.000748495733084 0.0 0.0
1519 -0.000748495733084 0.0 0.0
1520 -0.000748495733084 0.0 0.0
1521 -0.000748495733084 0.0 0.0
1522 -0.000748495733084 0.0 0.0
1523 -0.000748495733084 0.0 0.0
1524 -0.000748495733084 0.0 0.0
1525 -0.000748495733084 0.0 0.0
1526 -0.000748495733084 0.0 0.0
1527 -0.000748495733084 0.0 0.0
1528 -0.000748495733084 0.0 0.0
1529 -0.000748495733084 0.0 0.0
1530 -0.000748495733084 0.0 0.0
1531 -0.000748495733084 0.0 0.0
1532 -0.000748495733084 0.0 0.0
1533 -0.000748495733084 0.0 0.0
1534 -0.000748495733084 0.0 0.0
1535 -0.000748495733084 0.0 0.0
1536 -0.000748495733084 0.0 0.0
1537 -0.000748495733084 0.0 0.0
1538 -0.000748495733084 0.0 0.0
1539 -0.000748495733084 0.0 0.0
1540 -0.000748495733084 0.0 0.0
1541 -0.000748495733084 0.0 0.0
1542 -0.000748495733084 0.0 0.0
1543 -0.000748495733084 0.0 0.0
1544 -0.000748495733084 0.0 0.0
1545 -0.000748495733084 0.0 0.0
1546 -0.000748495733084 0.0 0.0
1547 -0.000748495733084 0.0 0.0
1548 -0.000748495733084 0.0 0.0
1549 -0.000748495733084 0.0 0.0
1550 -0.000748495733084 0.0 0.0
1551 -0.000748495733084 0.0 0.0
1552 -0.000748495733084 0.0 0.0
1553 -0.000748495733084 0.0 0.0
1554 -0.000748495733084 0.0 0.0
1555 -0.000748495733084 0.0 0.0
1556 -0.000748495733084 0.0 0.0
1557 -0.000748495733084 0.0 0.0
1558 -0.000748495733084 0.0 0.0
1559 -0.000748495733084 0.0 0.0
1560 -0.000748495733084 0.0 0.0
1561 -0.000748495733084 0.0 0.0
1562 -0.000748495733084 0.0 0.0
1563 -0.000748495733084 0.0 0.0
1564 -0.000748495733084 0.0 0.0
1565 -0.000748495733084 0.0 0.0
1566 -0.000748495733084 0.0 0.0
1567 -0.000748495733084 0.0 0.0
1568 -0.000748495733084 0.0 0.0
1569 -0.000748495733084 0.0 0.0
1570 -0.000748495733084 0.0 0.0
1571 -0.000875119871092 0.0 0.0
1572 -0.000875119871092 0.0 0.0
1573 -0.000875119871092 0.0 0.0
1574 -0.000875119871092 0.0 0.0
1575 -0.000875119871092 0.0 0.0
1576 -0.000875119871092 0.0 0.0
1577 -0.000875119871092 0.0 0.0
1578 -0.000875119871092 0.0 0.0
1579 -0.000875119871092 0.0 0.0
1580 -0.000875119871092 0.0 0.0
1581 -0.000875119871092 0.0 0.0
1582 -0.000875119871092 0.0 0.0
1583 -0.000875119871092 0.0 0.0
1584 -0.000875119871092 0.0 0.0
1585 -0.000875119871092 0.0 0.0
1586 -0.000875119871092 0.0 0.0
1587 -0.000875119871092 0.0 0.0
1588 -0.000875119871092 0.0 0.0
1589 -0.000875119871092 0.0 0.0
1590 -0.000875119871092 0.0 0.0
1591 -0.000875119871092 0.0 0.0
1592 -0.000875119871092 0.0 0.0
1593 -0.000875119871092 0.0 0.0
1594 -0.000875119871092 0.0 0.0
1595 -0.000875119871092 0.0 0.0
1596 -0.000875119871092 0.0 0.0
1597 -0.000875119871092 0.0 0.0
1598 -0.000875119871092 0.0 0.0
1599 -0.000875119871092 0.0 0.0
1600 -0.000875119871092 0.0 0.0
1601 -0.000875119871092 0.0 0.0
1602 -0.000875119871092 0.0 0.0
1603 -0.000875119871092 0.0 0.0
1604 -0.000875119871092 0.0 0.0
1605 -0.000875119871092 0.0 0.0
1606 -0.000875119871092 0.0 0.0
1607 -0.000875119871092 0.0 0.0
1608 -0.000875119871092 0.0 0.0
1609 -0.000875119871092 0.0 0.0
1610 -0.000875119871092 0.0 0.0
1611 -0.000875119871092 0.0 0.0
1612 -0.000875119871092 0.0 0.0
1613 -0.000875119871092 0.0 0.0
1614 -0.000875119871092 0.0 0.0
1615 -0.000875119871092 0.0 0.0
1616 -0.000875119871092 0.0 0.0
1617 -0.000875119871092 0.0 0.0
1618 -0.000875119871092 0.0 0.0
1619 -0.000875119871092 0.0 0.0
1620 -0.000875119871092 0.0 0.0
1621 -0.000875119871092 0.0 0.0
1622 -0.000875119871092 0.0 0.0
1623 -0.000875119871092 0.0 0.0
1624 -0.000875119871092 0.0 0.0
1625 -0.000875119871092 0.0 0.0
1626 -0.000875119871092 0.0 0.0
1627 -0.000875119871092 0.0 0.0
1628 -0.000875119871092 0.0 0.0
1629 -0.000875119871092 0.0 0.0
1630 -0.000875119871092 0.0 0.0
1631 -0.000875119871092 0.0 0.0
1632 -0.000875119871092 0.0 0.0
1633 -0.000875119871092 0.0 0.0
1634 -0.000875119871092 0.0 0.0
1635 -0.000875119871092 0.0 0.0
1636 -0.000875119871092 0.0 0.0
1637 -0.000875119871092 0.0 0.0
1638 -0.000875119871092 0.0 0.0
1639 -0.000875119871092 0.0 0.0
1640 -0.000875119871092 0.0 0.0
1641 -0.000875119871092 0.0 0.0
1642 -0.000875119871092 0.0 0.0
1643 -0.000875119871092 0.0 0.0
1644 -0.000875119871092 0.0 0.0
1645 -0.000875119871092 0.0 0.0
1646 -0.000875119871092 0.0 0.0
1647 -0.000875119871092 0.0 0.0
1648 -0.000875119871092 0.0 0.0
1649 -0.000875119871092 0.0 0.0
1650 -0.000875119871092 0.0 0.0
1651 0.00110615409567 0.0 0.0
1652 0.00110615409567 0.0 0.0
1653 0.00110615409567 0.0 0.0
1654 0.00110615409567 0.0 0.0
1655 0.00110615409567 0.0 0.0
1656 0.00110615409567 0.0 0.0
1657 0.00110615409567 0.0 0.0
1658 0.00110615409567 0.0 0.0
1659 0.00110615409567 0.0 0.0
1660 0.00110615409567 0.0 0.0
1661 0.00110615409567 0.0 0.0
1662 0.00110615409567 0.0 0.0
1663 0.00110615409567 0.0 0.0
1664 0.00110615409567 0.0 0.0
1665 0.00110615409567 0.0 0.0
1666 0.00110615409567 0.0 0.0
1667 0.00110615409567 0.0 0.0
1668 0.00110615409567 0.0 0.0
1669 0.00110615409567 0.0 0.0
1670 0.00110615409567 0.0 0.0
1671 0.00110615409567 0.0 0.0
1672 0.00110615409567 0.0 0.0
1673 0.00110615409567 0.0 0.0
1674 0.00110615409567 0.0 0.0
1675 0.00110615409567 0.0 0.0
1676 0.00110615409567 0.0 0.0
1677 0.00110615409567 0.0 0.0
1678 0.00110615409567 0.0 0.0
1679 0.00110615409567 0.0 0.0
1680 0.00110615409567 0.0 0.0
1681 0.00110615409567 0.0 0.0
1682 0.00110615409567 0.0 0.0
1683 0.00110615409567 0.0 0.0
1684 0.00110615409567 0.0 0.0
1685 0.00110615409567 0.0 0.0
1686 0.00110615409567 0.0 0.0
1687 0.00110615409567 0.0 0.0
1688 0.00110615409567 0.0 0.0
1689 0.00110615409567 0.0 0.0
1690 0.00110615409567 0.0 0.0
1691 0.00110615409567 0.0 0.0
1692 0.00110615409567 0.0 0.0
1693 0.00110615409567 0.0 0.0
1694 0.00110615409567 0.0 0.0
1695 0.00110615409567 0.0 0.0
1696 0.00110615409567 0.0 0.0
1697 0.00110615409567 0.0 0.0
1698 0.00110615409567 0.0 0.0
1699 0.00110615409567 0.0 0.0
1700 0.00110615409567 0.0 0.0
1701 0.00110615409567 0.0 0.0
1702 0.00110615409567 0.0 0.0
1703 0.00110615409567 0.0 0.0
1704 0.00110615409567 0.0 0.0
1705 0.00110615409567 0.0 0.0
1706 0.00110615409567 0.0 0.0
1707 0.00110615409567 0.0 0.0
1708 0.00110615409567 0.0 0.0
1709 0.00110615409567 0.0 0.0
1710 0.00110615409567 0.0 0.0
1711 0.00110615409567 0.0 0.0
1712 0.00110615409567 0.0 0.0
1713 0.00110615409567 0.0 0.0
1714 0.00110615409567 0.0 0.0
1715 0.00110615409567 0.0 0.0
1716 0.00110615409567 0.0 0.0
1717 0.00110615409567 0.0 0.0
1718 0.00110615409567 0.0 0.0
1719 0.00110615409567 0.0 0.0
1720 0.00110615409567 0.0 0.0
1721 0.00110615409567 0.0 0.0
1722 0.00110615409567 0.0 0.0
1723 0.00110615409567 0.0 0.0
1724 0.00110615409567 0.0 0.0
1725 0.00110615409567 0.0 0.0
1726 0.00110615409567 0.0 0.0
1727 0.00110615409567 0.0 0.0
1728 0.00110615409567 0.0 0.0
1729 0.00110615409567 0.0 0.0
1730 0.00110615409567 0.0 0.0
1731 0.00110615409567 0.0 0.0
1732 0.00110615409567 0.0 0.0
1733 0.00110615409567 0.0 0.0
1734 0.00110615409567 0.0 0.0
1735 0.00110615409567 0.0 0.0
1736 0.00110615409567 0.0 0.0
1737 0.00110615409567 0.0 0.0
1738 0.00110615409567 0.0 0.0
1739 0.00110615409567 0.0 0.0
1740 0.00110615409567 0.0 0.0
1741 0.00110615409567 0.0 0.0
1742 0.00110615409567 0.0 0.0
1743 0.00110615409567 0.0 0.0
1744 0.00110615409567 0.0 0.0
1745 0.00110615409567 0.0 0.0
1746 0.00110615409567 0.0 0.0
1747 0.00110615409567 0.0 0.0
1748 0.00110615409567 0.0 0.0
1749 0.00110615409567 0.0 0.0
1750 0.00110615409567 0.0 0.0
1751 -0.000243455396411 0.0 0.0
1752 -0.000243455396411 0.0 0.0
1753 -0.000243455396411 0.0 0.0
1754 -0.000243455396411 0.0 0.0
1755 -0.000243455396411 0.0 0.0
1756 -0.000243455396411 0.0 0.0
1757 -0.000243455396411 0.0 0.0
1758 -0.000243455396411 0.0 0.0
1759 -0.000243455396411 0.0 0.0
1760 -0.000243455396411 0.0 0.0
1761 -0.000243455396411 0.0 0.0
1762 -0.000243455396411 0.0 0.0
1763 -0.000243455396411 0.0 0.0
1764 -0.000243455396411 0.0 0.0
1765 -0.000243455396411 0.0 0.0
1766 -0.000243455396411 0.0 0.0
1767 -0.000243455396411 0.0 0.0
1768 -0.000243455396411 0.0 0.0
1769 -0.000243455396411 0.0 0.0
1770 -0.000243455396411 0.0 0.0
1771 -0.000243455396411 0.0 0.0
1772 -0.000243455396411 0.0 0.0
1773 -0.000243455396411 0.0 0.0
1774 -0.000243455396411 0.0 0.0
1775 -0.000243455396411 0.0 0.0
1776 -0.000243455396411 0.0 0.0
1777 -0.000243455396411 0.0 0.0
1778 -0.000243455396411 0.0 0.0
1779 -0.000243455396411 0.0 0.0
1780 -0.000243455396411 0.0 0.0
1781 -0.000243455396411 0.0 0.0
1782 -0.000243455396411 0.0 0.0
1783 -0.000243455396411 0.0 0.0
1784 -0.000243455396411 0.0 0.0
1785 -0.000243455396411 0.0 0.0
1786 -0.000243455396411 0.0 0.0
1787 -0.000243455396411 0.0 0.0
1788 -0.000243455396411 0.0 0.0
1789 -0.000243455396411 0.0 0.0
1790 -0.000243455396411 0.0 0.0
1791 -0.000243455396411 0.0 0.0
1792 -0.000243455396411 0.0 0.0
1793 -0.000243455396411 0.0 0.0
1794 -0.000243455396411 0.0 0.0
1795 -0.000243455396411 0.0 0.0
1796 -0.000243455396411 0.0 0.0
1797 -0.000243455396411 0.0 0.0
1798 -0.000243455396411 0.0 0.0
1799 -0.000243455396411 0.0 0.0
1800 -0.000243455396411 0.0 0.0
1801 -0.000243455396411 0.0 0.0
1802 -0.000243455396411 0.0 0.0
1803 -0.000243455396411 0.0 0.0
1804 -0.000243455396411 0.0 0.0
1805 -0.000243455396411 0.0 0.0
1806 -0.000243455396411 0.0 0.0
1807 -0.000243455396411 0.0 0.0
1808 -0.000243455396411 0.0 0.0
1809 -0.000243455396411 0.0 0.0
1810 -0.000243455396411 0.0 0.0
1811 -0.000243455396411 0.0 0.0
1812 -0.000243455396411 0.0 0.0
1813 -0.000243455396411 0.0 0.0
1814 -0.000243455396411 0.0 0.0
1815 -0.000243455396411 0.0 0.0
1816 -0.000243455396411 0.0 0.0
1817 -0.000243455396411 0.0 0.0
1818 -0.000243455396411 0.0 0.0
1819 -0.000243455396411 0.0 0.0
1820 -0.000243455396411 0.0 0.0
1821 -0.000243455396411 0.0 0.0
1822 -0.000243455396411 0.0 0.0
1823 -0.000243455396411 0.0 0.0
1824 -0.000243455396411 0.0 0.0
1825 -0.000243455396411 0.0 0.0
1826 -0.000243455396411 0.0 0.0
1827 -0.000243455396411 0.0 0.0
1828 -0.000243455396411 0.0 0.0
1829 -0.000243455396411 0.0 0.0
1830 -0.000243455396411 0.0 0.0
1831 -0.000243455396411 0.0 0.0
1832 -0.000243455396411 0.0 0.0
1833 -0.000243455396411 0.0 0.0
1834 -0.000243455396411 0.0 0.0
1835 -0.000243455396411 0.0 0.0
1836 -0.000243455396411 0.0 0.0
1837 -0.000243455396411 0.0 0.0
1838 -0.000243455396411 0.0 0.0
1839 -0.000243455396411 0.0 0.0
1840 -0.000243455396411 0.0 0.0
1841 -0.000243455396411 0.0 0.0
1842 -0.000243455396411 0.0 0.0
1843 -0.000243455396411 0.0 0.0
1844 -0.000243455396411 0.0 0.0
1845 -0.000243455396411 0.0 0.0
1846 -0.000243455396411 0.0 0.0
1847 -0.000243455396411 0.0 0.0
1848 -0.000243455396411 0.0 0.0
1849 -0.000243455396411 0.0 0.0
1850 -0.000243455396411 0.0 0.0
1851 0.00217027477729 0.0 0.0
1852 0.00217027477729 0.0 0.0
1853 0.00217027477729 0.0 0.0
1854 0.00217027477729 0.0 0.0
1855 0.00217027477729 0.0 0.0
1856 0.00217027477729 0.0 0.0
1857 0.00217027477729 0.0 0.0
1858 0.00217027477729 0.0 0.0
1859 0.00217027477729 0.0 0.0
1860 0.00217027477729 0.0 0.0
1861 0.00217027477729 0.0 0.0
1862 0.00217027477729 0.0 0.0
1863 0.00217027477729 0.0 0.0
1864 0.00217027477729 0.0 0.0
1865 0.00217027477729 0.0 0.0
1866 0.00217027477729 0.0 0.0
1867 0.00217027477729 0.0 0.0
1868 0.00217027477729 0.0 0.0
1869 0.00217027477729 0.0 0.0
1870 0.00217027477729 0.0 0.0
1871 0.00217027477729 0.0 0.0
1872 0.00217027477729 0.0 0.0
1873 0.00217027477729 0.0 0.0
1874 0.00217027477729 0.0 0.0
1875 0.00217027477729 0.0 0.0
1876 0.00217027477729 0.0 0.0
1877 0.00217027477729 0.0 0.0
1878 0.00217027477729 0.0 0.0
1879 0.00217027477729 0.0 0.0
1880 0.00217027477729 0.0 0.0
1881 0.00217027477729 0.0 0.0
1882 0.00217027477729 0.0 0.0
1883 0.00217027477729 0.0 0.0
1884 0.00217027477729 0.0 0.0
1885 0.00217027477729 0.0 0.0
1886 0.00217027477729 0.0 0.0
1887 0.00217027477729 0.0 0.0
1888 0.00217027477729 0.0 0.0
1889 0.00217027477729 0.0 0.0
1890 0.00217027477729 0.0 0.0
1891 0.00217027477729 0.0 0.0
1892 0.00217027477729 0.0 0.0
1893 0.00217027477729 0.0 0.0
1894 0.00217027477729 0.0 0.0
1895 0.00217027477729 0.0 0.0
1896 0.00217027477729 0.0 0.0
1897 0.00217027477729 0.0 0.0
1898 0.00217027477729 0.0 0.0
1899 0.00217027477729 0.0 0.0
1900 0.00217027477729 0.0 0.0
1901 0.00217027477729 0.0 0.0
1902 0.00217027477729 0.0 0.0
1903 0.00217027477729 0.0 0.0
1904 0.00217027477729 0.0 0.0
1905 0.00217027477729 0.0 0.0
1906 0.00217027477729 0.0 0.0
1907 0.00217027477729 0.0 0.0
1908 0.00217027477729 0.0 0.0
1909 0.00217027477729 0.0 0.0
1910 0.00217027477729 0.0 0.0
1911 0.00217027477729 0.0 0.0
1912 0.00217027477729 0.0 0.0
1913 0.00217027477729 0.0 0.0
1914 0.00217027477729 0.0 0.0
1915 0.00217027477729 0.0 0.0
1916 0.00217027477729 0.0 0.0
1917 0.00217027477729 0.0 0.0
1918 0.00217027477729 0.0 0.0
1919 0.00217027477729 0.0 0.0
1920 0.00217027477729 0.0 0.0
1921 0.00217027477729 0.0 0.0
1922 0.00217027477729 0.0 0.0
1923 0.00217027477729 0.0 0.0
1924 0.00217027477729 0.0 0.0
1925 0.00217027477729 0.0 0.0
1926 0.00217027477729 0.0 0.0
1927 0.00217027477729 0.0 0.0
1928 0.00217027477729 0.0 0.0
1929 0.00217027477729 0.0 0.0
1930 0.00217027477729 0.0 0.0
1931 0.00217027477729 0.0 0.0
1932 0.00217027477729 0.0 0.0
1933 0.00217027477729 0.0 0.0
1934 0.00217027477729 0.0 0.0
1935 0.00217027477729 0.0 0.0
1936 0.00217027477729 0.0 0.0
1937 0.00217027477729 0.0 0.0
1938 0.00217027477729 0.0 0.0
1939 0.00217027477729 0.0 0.0
1940 0.00217027477729 0.0 0.0
1941 0.00217027477729 0.0 0.0
1942 0.00217027477729 0.0 0.0
1943 0.00217027477729 0.0 0.0
1944 0.00217027477729 0.0 0.0
1945 0.00217027477729 0.0 0.0
1946 0.00217027477729 0.0 0.0
1947 0.00217027477729 0.0 0.0
1948 0.00217027477729 0.0 0.0
1949 0.00217027477729 0.0 0.0
1950 0.00217027477729 0.0 0.0
1951 0.00671140939597 0.0 0.0
1952 0.00671140939597 0.0 0.0
1953 0.00671140939597 0.0 0.0
1954 0.00671140939597 0.0 0.0
1955 0.00671140939597 0.0 0.0
1956 0.00671140939597 0.0 0.0
1957 0.00671140939597 0.0 0.0
1958 0.00671140939597 0.0 0.0
1959 0.00671140939597 0.0 0.0
1960 0.00671140939597 0.0 0.0
1961 0.00671140939597 0.0 0.0
1962 0.00671140939597 0.0 0.0
1963 0.00671140939597 0.0 0.0
1964 0.00671140939597 0.0 0.0
1965 0.00671140939597 0.0 0.0
1966 0.00671140939597 0.0 0.0
1967 0.00671140939597 0.0 0.0
1968 0.00671140939597 0.0 0.0
1969 0.00671140939597 0.0 0.0
1970 0.00671140939597 0.0 0.0
1971 0.00671140939597 0.0 0.0
1972 0.00671140939597 0.0 0.0
1973 0.00671140939597 0.0 0.0
1974 0.00671140939597 0.0 0.0
1975 0.00671140939597 0.0 0.0
1976 0.00671140939597 0.0 0.0
1977 0.00671140939597 0.0 0.0
1978 0.00671140939597 0.0 0.0
1979 0.00671140939597 0.0 0.0
1980 0.00671140939597 0.0 0.0
1981 0.00671140939597 0.0 0.0
1982 0.00671140939597 0.0 0.0
1983 0.00671140939597 0.0 0.0
1984 0.00671140939597 0.0 0.0
1985 0.00671140939597 0.0 0.0
1986 0.00671140939597 0.0 0.0
1987 0.00671140939597 0.0 0.0
1988 0.00671140939597 0.0 0.0
1989 0.00671140939597 0.0 0.0
1990 0.00671140939597 0.0 0.0
1991 0.00671140939597 0.0 0.0
1992 0.00671140939597 0.0 0.0
1993 0.00671140939597 0.0 0.0
1994 0.00671140939597 0.0 0.0
1995 0.00671140939597 0.0 0.0
1996 0.00671140939597 0.0 0.0
1997 0.00671140939597 0.0 0.0
1998 0.00671140939597 0.0 0.0
1999 0.00671140939597 0.0 0.0
2000 0.00671140939597 0.0 0.0
2001 0.00671140939597 0.0 0.0
2002 0.00671140939597 0.0 0.0
2003 0.00671140939597 0.0 0.0
2004 0.00671140939597 0.0 0.0
2005 0.00671140939597 0.0 0.0
2006 0.00671140939597 0.0 0.0
2007 0.00671140939597 0.0 0.0
2008 0.00671140939597 0.0 0.0
2009 0.00671140939597 0.0 0.0
2010 0.00671140939597 0.0 0.0
2011 0.00671140939597 0.0 0.0
2012 0.00671140939597 0.0 0.0
2013 0.00671140939597 0.0 0.0
2014 0.00671140939597 0.0 0.0
2015 0.00671140939597 0.0 0.0
2016 0.00671140939597 0.0 0.0
2017 0.00671140939597 0.0 0.0
2018 0.00671140939597 0.0 0.0
2019 0.00671140939597 0.0 0.0
2020 0.00671140939597 0.0 0.0
2021 0.00671140939597 0.0 0.0
2022 0.00671140939597 0.0 0.0
2023 0.00671140939597 0.0 0.0
2024 0.00671140939597 0.0 0.0
2025 0.00671140939597 0.0 0.0
2026 0.00671140939597 0.0 0.0
2027 0.00671140939597 0.0 0.0
2028 0.00671140939597 0.0 0.0
2029 0.00671140939597 0.0 0.0
2030 0.00671140939597 0.0 0.0
2031 0.00671140939597 0.0 0.0
2032 0.00671140939597 0.0 0.0
2033 0.00671140939597 0.0 0.0
2034 0.00671140939597 0.0 0.0
2035 0.00671140939597 0.0 0.0
2036 0.00671140939597 0.0 0.0
2037 0.00671140939597 0.0 0.0
2038 0.00671140939597 0.0 0.0
2039 0.00671140939597 0.0 0.0
2040 0.00671140939597 0.0 0.0
2041 0.00671140939597 0.0 0.0
2042 0.00671140939597 0.0 0.0
2043 0.00671140939597 0.0 0.0
2044 0.00671140939597 0.0 0.0
2045 0.00671140939597 0.0 0.0
2046 0.00671140939597 0.0 0.0
2047 0.00671140939597 0.0 0.0
2048 0.00671140939597 0.0 0.0
2049 0.00671140939597 0.0 0.0
2050 0.00671140939597 0.0 0.0
2051 0.00671140939597 0.0 0.0
2052 0.00671140939597 0.0 0.0
2053 0.00671140939597 0.0 0.0
2054 0.00671140939597 0.0 0.0
2055 0.00671140939597 0.0 0.0
2056 0.00671140939597 0.0 0.0
2057 0.00671140939597 0.0 0.0
2058 0.00671140939597 0.0 0.0
2059 0.00671140939597 0.0 0.0
2060 0.00671140939597 0.0 0.0
2061 0.00671140939597 0.0 0.0
2062 0.00671140939597 0.0 0.0
2063 0.00671140939597 0.0 0.0
2064 0.00671140939597 0.0 0.0
2065 0.00671140939597 0.0 0.0
2066 0.00671140939597 0.0 0.0
2067 0.00671140939597 0.0 0.0
2068 0.00671140939597 0.0 0.0
2069 0.00671140939597 0.0 0.0
2070 0.00671140939597 0.0 0.0
2071 0.00671140939597 0.0 0.0
2072 0.00671140939597 0.0 0.0
2073 0.00671140939597 0.0 0.0
2074 0.00671140939597 0.0 0.0
2075 0.00671140939597 0.0 0.0
2076 0.00671140939597 0.0 0.0
2077 0.00671140939597 0.0 0.0
2078 0.00671140939597 0.0 0.0
2079 0.00671140939597 0.0 0.0
2080 0.00671140939597 0.0 0.0
2081 0.00671140939597 0.0 0.0
2082 0.00671140939597 0.0 0.0
2083 0.00671140939597 0.0 0.0
2084 0.00671140939597 0.0 0.0
2085 0.00671140939597 0.0 0.0
2086 0.00671140939597 0.0 0.0
2087 0.00671140939597 0.0 0.0
2088 0.00671140939597 0.0 0.0
2089 0.00671140939597 0.0 0.0
2090 0.00671140939597 0.0 0.0
2091 0.00671140939597 0.0 0.0
2092 0.00671140939597 0.0 0.0
2093 0.00671140939597 0.0 0.0
2094 0.00671140939597 0.0 0.0
2095 0.00671140939597 0.0 0.0
2096 0.00671140939597 0.0 0.0
2097 0.00671140939597 0.0 0.0
2098 0.00671140939597 0.0 0.0
2099 0.00671140939597 0.0 0.0
2100 0.00671140939597 0.0 0.0
2101 0.00108262354471 0.0 0.0
2102 0.00108262354471 0.0 0.0
2103 0.00108262354471 0.0 0.0
2104 0.00108262354471 0.0 0.0
2105 0.00108262354471 0.0 0.0
2106 0.00108262354471 0.0 0.0
2107 0.00108262354471 0.0 0.0
2108 0.00108262354471 0.0 0.0
2109 0.00108262354471 0.0 0.0
2110 0.00108262354471 0.0 0.0
2111 0.00108262354471 0.0 0.0
2112 0.00108262354471 0.0 0.0
2113 0.00108262354471 0.0 0.0
2114 0.00108262354471 0.0 0.0
2115 0.00108262354471 0.0 0.0
2116 0.00108262354471 0.0 0.0
2117 0.00108262354471 0.0 0.0
2118 0.00108262354471 0.0 0.0
2119 0.00108262354471 0.0 0.0
2120 0.00108262354471 0.0 0.0
2121 0.00108262354471 0.0 0.0
2122 0.00108262354471 0.0 0.0
2123 0.00108262354471 0.0 0.0
2124 0.00108262354471 0.0 0.0
2125 0.00108262354471 0.0 0.0
2126 0.00108262354471 0.0 0.0
2127 0.00108262354471 0.0 0.0
2128 0.00108262354471 0.0 0.0
2129 0.00108262354471 0.0 0.0
2130 0.00108262354471 0.0 0.0
2131 0.00108262354471 0.0 0.0
2132 0.00108262354471 0.0 0.0
2133 0.00108262354471 0.0 0.0
2134 0.00108262354471 0.0 0.0
2135 0.00108262354471 0.0 0.0
2136 0.00108262354471 0.0 0.0
2137 0.00108262354471 0.0 0.0
2138 0.00108262354471 0.0 0.0
2139 0.00108262354471 0.0 0.0
2140 0.00108262354471 0.0 0.0
2141 0.00108262354471 0.0 0.0
2142 0.00108262354471 0.0 0.0
2143 0.00108262354471 0.0 0.0
2144 0.00108262354471 0.0 0.0
2145 0.00108262354471 0.0 0.0
2146 0.00108262354471 0.0 0.0
2147 0.00108262354471 0.0 0.0
2148 0.00108262354471 0.0 0.0
2149 0.00108262354471 0.0 0.0
2150 0.00108262354471 0.0 0.0
2151 0.00108262354471 0.0 0.0
2152 0.00108262354471 0.0 0.0
2153 0.00108262354471 0.0 0.0
2154 0.00108262354471 0.0 0.0
2155 0.00108262354471 0.0 0.0
2156 0.00108262354471 0.0 0.0
2157 0.00108262354471 0.0 0.0
2158 0.00108262354471 0.0 0.0
2159 0.00108262354471 0.0 0.0
2160 0.00108262354471 0.0 0.0
2161 0.00108262354471 0.0 0.0
2162 0.00108262354471 0.0 0.0
2163 0.00108262354471 0.0 0.0
2164 0.00108262354471 0.0 0.0
2165 0.00108262354471 0.0 0.0
2166 0.00108262354471 0.0 0.0
2167 0.00108262354471 0.0 0.0
2168 0.00108262354471 0.0 0.0
2169 0.00108262354471 0.0 0.0
2170 0.00108262354471 0.0 0.0
2171 0.00108262354471 0.0 0.0
2172 0.00108262354471 0.0 0.0
2173 0.00108262354471 0.0 0.0
2174 0.00108262354471 0.0 0.0
2175 0.00108262354471 0.0 0.0
2176 0.00108262354471 0.0 0.0
2177 0.00108262354471 0.0 0.0
2178 0.00108262354471 0.0 0.0
2179 0.00108262354471 0.0 0.0
2180 0.00108262354471 0.0 0.0
2181 0.00108262354471 0.0 0.0
2182 0.00108262354471 0.0 0.0
2183 0.00108262354471 0.0 0.0
2184 0.00108262354471 0.0 0.0
2185 0.00108262354471 0.0 0.0
2186 0.00108262354471 0.0 0.0
2187 0.00108262354471 0.0 0.0
2188 0.00108262354471 0.0 0.0
2189 0.00108262354471 0.0 0.0
2190 0.00108262354471 0.0 0.0
2191 0.00108262354471 0.0 0.0
2192 0.00108262354471 0.0 0.0
2193 0.00108262354471 0.0 0.0
2194 0.00108262354471 0.0 0.0
2195 0.00108262354471 0.0 0.0
2196 0.00108262354471 0.0 0.0
2197 0.00108262354471 0.0 0.0
2198 0.00108262354471 0.0 0.0
2199 0.00108262354471 0.0 0.0
2200 0.00108262354471 0.0 0.0
2201 0.00108262354471 0.0 0.0
2202 0.00108262354471 0.0 0.0
2203 0.00108262354471 0.0 0.0
2204 0.00108262354471 0.0 0.0
2205 0.00108262354471 0.0 0.0
2206 0.00108262354471 0.0 0.0
2207 0.00108262354471 0.0 0.0
2208 0.00108262354471 0.0 0.0
2209 0.00108262354471 0.0 0.0
2210 0.00108262354471 0.0 0.0
2211 0.00108262354471 0.0 0.0
2212 0.00108262354471 0.0 0.0
2213 0.00108262354471 0.0 0.0
2214 0.00108262354471 0.0 0.0
2215 0.00108262354471 0.0 0.0
2216 0.00108262354471 0.0 0.0
2217 0.00108262354471 0.0 0.0
2218 0.00108262354471 0.0 0.0
2219 0.00108262354471 0.0 0.0
2220 0.00108262354471 0.0 0.0
2221 0.00108262354471 0.0 0.0
2222 0.00108262354471 0.0 0.0
2223 0.00108262354471 0.0 0.0
2224 0.00108262354471 0.0 0.0
2225 0.00108262354471 0.0 0.0
2226 0.00108262354471 0.0 0.0
2227 0.00108262354471 0.0 0.0
2228 0.00108262354471 0.0 0.0
2229 0.00108262354471 0.0 0.0
2230 0.00108262354471 0.0 0.0
2231 0.00108262354471 0.0 0.0
2232 0.00108262354471 0.0 0.0
2233 0.00108262354471 0.0 0.0
2234 0.00108262354471 0.0 0.0
2235 0.00108262354471 0.0 0.0
2236 0.00108262354471 0.0 0.0
2237 0.00108262354471 0.0 0.0
2238 0.00108262354471 0.0 0.0
2239 0.00108262354471 0.0 0.0
2240 0.00108262354471 0.0 0.0
2241 0.00108262354471 0.0 0.0
2242 0.00108262354471 0.0 0.0
2243 0.00108262354471 0.0 0.0
2244 0.00108262354471 0.0 0.0
2245 0.00108262354471 0.0 0.0
2246 0.00108262354471 0.0 0.0
2247 0.00108262354471 0.0 0.0
2248 0.00108262354471 0.0 0.0
2249 0.00108262354471 0.0 0.0
2250 0.00108262354471 0.0 0.0
2251 0.00108262354471 0.0 0.0
2252 0.00108262354471 0.0 0.0
2253 0.00108262354471 0.0 0.0
2254 0.00108262354471 0.0 0.0
2255 0.00108262354471 0.0 0.0
2256 0.00108262354471 0.0 0.0
2257 0.00108262354471 0.0 0.0
2258 0.00108262354471 0.0 0.0
2259 0.00108262354471 0.0 0.0
2260 0.00108262354471 0.0 0.0
2261 0.00108262354471 0.0 0.0
2262 0.00108262354471 0.0 0.0
2263 0.00108262354471 0.0 0.0
2264 0.00108262354471 0.0 0.0
2265 0.00108262354471 0.0 0.0
2266 0.00108262354471 0.0 0.0
2267 0.00108262354471 0.0 0.0
2268 0.00108262354471 0.0 0.0
2269 0.00108262354471 0.0 0.0
2270 0.00108262354471 0.0 0.0
2271 0.00108262354471 0.0 0.0
2272 0.00108262354471 0.0 0.0
2273 0.00108262354471 0.0 0.0
2274 0.00108262354471 0.0 0.0
2275 0.00108262354471 0.0 0.0
2276 0.00108262354471 0.0 0.0
2277 0.00108262354471 0.0 0.0
2278 0.00108262354471 0.0 0.0
2279 0.00108262354471 0.0 0.0
2280 0.00108262354471 0.0 0.0
2281 0.00108262354471 0.0 0.0
2282 0.00108262354471 0.0 0.0
2283 0.00108262354471 0.0 0.0
2284 0.00108262354471 0.0 0.0
2285 0.00108262354471 0.0 0.0
2286 0.00108262354471 0.0 0.0
2287 0.00108262354471 0.0 0.0
2288 0.00108262354471 0.0 0.0
2289 0.00108262354471 0.0 0.0
2290 0.00108262354471 0.0 0.0
2291 0.00108262354471 0.0 0.0
2292 0.00108262354471 0.0 0.0
2293 0.00108262354471 0.0 0.0
2294 0.00108262354471 0.0 0.0
2295 0.00108262354471 0.0 0.0
2296 0.00108262354471 0.0 0.0
2297 0.00108262354471 0.0 0.0
2298 0.00108262354471 0.0 0.0
2299 0.00108262354471 0.0 0.0
2300 0.00108262354471 0.0 0.0
2301 0.000273687713606 0.0 0.0
2302 0.000273687713606 0.0 0.0
2303 0.000273687713606 0.0 0.0
2304 0.000273687713606 0.0 0.0
2305 0.000273687713606 0.0 0.0
2306 0.000273687713606 0.0 0.0
2307 0.000273687713606 0.0 0.0
2308 0.000273687713606 0.0 0.0
2309 0.000273687713606 0.0 0.0
2310 0.000273687713606 0.0 0.0
2311 0.000273687713606 0.0 0.0
2312 0.000273687713606 0.0 0.0
2313 0.000273687713606 0.0 0.0
2314 0.000273687713606 0.0 0.0
2315 0.000273687713606 0.0 0.0
2316 0.000273687713606 0.0 0.0
2317 0.000273687713606 0.0 0.0
2318 0.000273687713606 0.0 0.0
2319 0.000273687713606 0.0 0.0
2320 0.000273687713606 0.0 0.0
2321 0.000273687713606 0.0 0.0
2322 0.000273687713606 0.0 0.0
2323 0.000273687713606 0.0 0.0
2324 0.000273687713606 0.0 0.0
2325 0.000273687713606 0.0 0.0
2326 0.000273687713606 0.0 0.0
2327 0.000273687713606 0.0 0.0
2328 0.000273687713606 0.0 0.0
2329 0.000273687713606 0.0 0.0
2330 0.000273687713606 0.0 0.0
2331 0.000273687713606 0.0 0.0
2332 0.000273687713606 0.0 0.0
2333 0.000273687713606 0.0 0.0
2334 0.000273687713606 0.0 0.0
2335 0.000273687713606 0.0 0.0
2336 0.000273687713606 0.0 0.0
2337 0.000273687713606 0.0 0.0
2338 0.000273687713606 0.0 0.0
2339 0.000273687713606 0.0 0.0
2340 0.000273687713606 0.0 0.0
2341 0.000273687713606 0.0 0.0
2342 0.000273687713606 0.0 0.0
2343 0.000273687713606 0.0 0.0
2344 0.000273687713606 0.0 0.0
2345 0.000273687713606 0.0 0.0
2346 0.000273687713606 0.0 0.0
2347 0.000273687713606 0.0 0.0
2348 0.000273687713606 0.0 0.0
2349 0.000273687713606 0.0 0.0
2350 0.000273687713606 0.0 0.0
2351 0.000273687713606 0.0 0.0
2352 0.000273687713606 0.0 0.0
2353 0.000273687713606 0.0 0.0
2354 0.000273687713606 0.0 0.0
2355 0.000273687713606 0.0 0.0
2356 0.000273687713606 0.0 0.0
2357 0.000273687713606 0.0 0.0
2358 0.000273687713606 0.0 0.0
2359 0.000273687713606 0.0 0.0
2360 0.000273687713606 0.0 0.0
2361 0.000273687713606 0.0 0.0
2362 0.000273687713606 0.0 0.0
2363 0.000273687713606 0.0 0.0
2364 0.000273687713606 0.0 0.0
2365 0.000273687713606 0.0 0.0
2366 0.000273687713606 0.0 0.0
2367 0.000273687713606 0.0 0.0
2368 0.000273687713606 0.0 0.0
2369 0.000273687713606 0.0 0.0
2370 0.000273687713606 0.0 0.0
2371 0.000273687713606 0.0 0.0
2372 0.000273687713606 0.0 0.0
2373 0.000273687713606 0.0 0.0
2374 0.000273687713606 0.0 0.0
2375 0.000273687713606 0.0 0.0
2376 0.000273687713606 0.0 0.0
2377 0.000273687713606 0.0 0.0
2378 0.000273687713606 0.0 0.0
2379 0.000273687713606 0.0 0.0
2380 0.000273687713606 0.0 0.0
2381 0.000273687713606 0.0 0.0
2382 0.000273687713606 0.0 0.0
2383 0.000273687713606 0.0 0.0
2384 0.000273687713606 0.0 0.0
2385 0.000273687713606 0.0 0.0
2386 0.000273687713606 0.0 0.0
2387 0.000273687713606 0.0 0.0
2388 0.000273687713606 0.0 0.0
2389 0.000273687713606 0.0 0.0
2390 0.000273687713606 0.0 0.0
2391 0.000273687713606 0.0 0.0
2392 0.000273687713606 0.0 0.0
2393 0.000273687713606 0.0 0.0
2394 0.000273687713606 0.0 0.0
2395 0.000273687713606 0.0 0.0
2396 0.000273687713606 0.0 0.0
2397 0.000273687713606 0.0 0.0
2398 0.000273687713606 0.0 0.0
2399 0.000273687713606 0.0 0.0
2400 0.000273687713606 0.0 0.0
2401 0.000273687713606 0.0 0.0
2402 0.000273687713606 0.0 0.0
2403 0.000273687713606 0.0 0.0
2404 0.000273687713606 0.0 0.0
2405 0.000273687713606 0.0 0.0
2406 0.000273687713606 0.0 0.0
2407 0.000273687713606 0.0 0.0
2408 0.000273687713606 0.0 0.0
2409 0.000273687713606 0.0 0.0
2410 0.000273687713606 0.0 0.0
2411 0.000273687713606 0.0 0.0
2412 0.000273687713606 0.0 0.0
2413 0.000273687713606 0.0 0.0
2414 0.000273687713606 0.0 0.0
2415 0.000273687713606 0.0 0.0
2416 0.000273687713606 0.0 0.0
2417 0.000273687713606 0.0 0.0
2418 0.000273687713606 0.0 0.0
2419 0.000273687713606 0.0 0.0
2420 0.000273687713606 0.0 0.0
2421 0.000273687713606 0.0 0.0
2422 0.000273687713606 0.0 0.0
2423 0.000273687713606 0.0 0.0
2424 0.000273687713606 0.0 0.0
2425 0.000273687713606 0.0 0.0
2426 0.000273687713606 0.0 0.0
2427 0.000273687713606 0.0 0.0
2428 0.000273687713606 0.0 0.0
2429 0.000273687713606 0.0 0.0
2430 0.000273687713606 0.0 0.0
2431 0.000273687713606 0.0 0.0
2432 0.000273687713606 0.0 0.0
2433 0.000273687713606 0.0 0.0
2434 0.000273687713606 0.0 0.0
2435 0.000273687713606 0.0 0.0
2436 0.000273687713606 0.0 0.0
2437 0.000273687713606 0.0 0.0
2438 0.000273687713606 0.0 0.0
2439 0.000273687713606 0.0 0.0
2440 0.000273687713606 0.0 0.0
2441 0.000273687713606 0.0 0.0
2442 0.000273687713606 0.0 0.0
2443 0.000273687713606 0.0 0.0
2444 0.000273687713606 0.0 0.0
2445 0.000273687713606 0.0 0.0
2446 0.000273687713606 0.0 0.0
2447 0.000273687713606 0.0 0.0
2448 0.000273687713606 0.0 0.0
2449 0.000273687713606 0.0 0.0
2450 0.000273687713606 0.0 0.0
2451 0.000273687713606 0.0 0.0
2452 0.000273687713606 0.0 0.0
2453 0.000273687713606 0.0 0.0
2454 0.000273687713606 0.0 0.0
2455 0.000273687713606 0.0 0.0
2456 0.000273687713606 0.0 0.0
2457 0.000273687713606 0.0 0.0
2458 0.000273687713606 0.0 0.0
2459 0.000273687713606 0.0 0.0
2460 0.000273687713606 0.0 0.0
2461 0.000273687713606 0.0 0.0
2462 0.000273687713606 0.0 0.0
2463 0.000273687713606 0.0 0.0
2464 0.000273687713606 0.0 0.0
2465 0.000273687713606 0.0 0.0
2466 0.000273687713606 0.0 0.0
2467 0.000273687713606 0.0 0.0
2468 0.000273687713606 0.0 0.0
2469 0.000273687713606 0.0 0.0
2470 0.000273687713606 0.0 0.0
2471 0.000273687713606 0.0 0.0
2472 0.000273687713606 0.0 0.0
2473 0.000273687713606 0.0 0.0
2474 0.000273687713606 0.0 0.0
2475 0.000273687713606 0.0 0.0
2476 0.000273687713606 0.0 0.0
2477 0.000273687713606 0.0 0.0
2478 0.000273687713606 0.0 0.0
2479 0.000273687713606 0.0 0.0
2480 0.000273687713606 0.0 0.0
2481 0.000273687713606 0.0 0.0
2482 0.000273687713606 0.0 0.0
2483 0.000273687713606 0.0 0.0
2484 0.000273687713606 0.0 0.0
2485 0.000273687713606 0.0 0.0
2486 0.000273687713606 0.0 0.0
2487 0.000273687713606 0.0 0.0
2488 0.000273687713606 0.0 0.0
2489 0.000273687713606 0.0 0.0
2490 0.000273687713606 0.0 0.0
2491 0.000273687713606 0.0 0.0
2492 0.000273687713606 0.0 0.0
2493 0.000273687713606 0.0 0.0
2494 0.000273687713606 0.0 0.0
2495 0.000273687713606 0.0 0.0
2496 0.000273687713606 0.0 0.0
2497 0.000273687713606 0.0 0.0
2498 0.000273687713606 0.0 0.0
2499 0.000273687713606 0.0 0.0
2500 0.000273687713606 0.0 0.0
