0 0.0 0.0 0.0
1 0.0 0.0 0.0
2 -0.00708453096041 0.0 0.0
3 -0.00708453096041 0.0 0.0
4 -0.00708453096041 0.0 0.0
5 -0.00708453096041 0.0 0.0
6 -0.00708453096041 0.0 0.0
7 -0.00708453096041 0.0 0.0
8 -0.00708453096041 0.0 0.0
9 -0.00708453096041 0.0 0.0
10 -0.00708453096041 0.0 0.0
11 -0.00708453096041 0.0 0.0
12 -0.00708453096041 0.0 0.0
13 -0.00708453096041 0.0 0.0
14 -0.00708453096041 0.0 0.0
15 -0.00708453096041 0.0 0.0
16 -0.00708453096041 0.0 0.0
17 -0.00708453096041 0.0 0.0
18 -0.00708453096041 0.0 0.0
19 -0.00708453096041 0.0 0.0
20 -0.00708453096041 0.0 0.0
21 -0.00708453096041 0.0 0.0
22 -0.00708453096041 0.0 0.0
23 -0.00708453096041 0.0 0.0
24 -0.00708453096041 0.0 0.0
25 -0.00708453096041 0.0 0.0
26 -0.00708453096041 0.0 0.0
27 -0.00708453096041 0.0 0.0
28 -0.00708453096041 0.0 0.0
29 -0.00708453096041 0.0 0.0
30 -0.00708453096041 0.0 0.0
31 -0.00708453096041 0.0 0.0
32 -0.00708453096041 0.0 0.0
33 -0.00708453096041 0.0 0.0
34 -0.00708453096041 0.0 0.0
35 -0.00708453096041 0.0 0.0
36 -0.00708453096041 0.0 0.0
37 -0.00708453096041 0.0 0.0
38 -0.00708453096041 0.0 0.0
39 -0.00708453096041 0.0 0.0
40 -0.00708453096041 0.0 0.0
41 -0.00708453096041 0.0 0.0
42 -0.00708453096041 0.0 0.0
43 -0.00708453096041 0.0 0.0
44 -0.00708453096041 0.0 0.0
45 -0.00708453096041 0.0 0.0
46 -0.00708453096041 0.0 0.0
47 -0.00708453096041 0.0 0.0
48 -0.00708453096041 0.0 0.0
49 -0.00708453096041 0.0 0.0
50 -0.00708453096041 0.0 0.0
51 -0.00507308596449 0.0 0.0
52 -0.00507308596449 0.0 0.0
53 -0.00507308596449 0.0 0.0
54 -0.00507308596449 0.0 0.0
55 -0.00507308596449 0.0 0.0
56 -0.00507308596449 0.0 0.0
57 -0.00507308596449 0.0 0.0
58 -0.00507308596449 0.0 0.0
59 -0.00507308596449 0.0 0.0
60 -0.00507308596449 0.0 0.0
61 -0.00507308596449 0.0 0.0
62 -0.00507308596449 0.0 0.0
63 -0.00507308596449 0.0 0.0
64 -0.00507308596449 0.0 0.0
65 -0.00507308596449 0.0 0.0
66 -0.00507308596449 0.0 0.0
67 -0.00507308596449 0.0 0.0
68 -0.00507308596449 0.0 0.0
69 -0.00507308596449 0.0 0.0
70 -0.00507308596449 0.0 0.0
71 -0.00507308596449 0.0 0.0
72 -0.00507308596449 0.0 0.0
73 -0.00507308596449 0.0 0.0
74 -0.00507308596449 0.0 0.0
75 -0.00507308596449 0.0 0.0
76 -0.00507308596449 0.0 0.0
77 -0.00507308596449 0.0 0.0
78 -0.00507308596449 0.0 0.0
79 -0.00507308596449 0.0 0.0
80 -0.00507308596449 0.0 0.0
81 -0.00507308596449 0.0 0.0
82 -0.00507308596449 0.0 0.0
83 -0.00507308596449 0.0 0.0
84 -0.00507308596449 0.0 0.0
85 -0.00507308596449 0.0 0.0
86 -0.00507308596449 0.0 0.0
87 -0.00507308596449 0.0 0.0
88 -0.00507308596449 0.0 0.0
89 -0.00507308596449 0.0 0.0
90 -0.00507308596449 0.0 0.0
91 -0.00507308596449 0.0 0.0
92 -0.00507308596449 0.0 0.0
93 -0.00507308596449 0.0 0.0
94 -0.00507308596449 0.0 0.0
95 -0.00507308596449 0.0 0.0
96 -0.00507308596449 0.0 0.0
97 -0.00507308596449 0.0 0.0
98 -0.00507308596449 0.0 0.0
99 -0.00507308596449 0.0 0.0
100 -0.00507308596449 0.0 0.0
101 -0.00116000018343 0.00155155812014 -0.192184728496
102 -0.00116000018343 0.00155155812014 -0.192184728496
103 -0.00116000018343 0.00155155812014 -0.192184728496
104 -0.00116000018343 0.00155155812014 -0.192184728496
105 -0.00116000018343 0.00155155812014 -0.192184728496
106 -0.00116000018343 0.00155155812014 -0.192184728496
107 -0.00116000018343 0.00155155812014 -0.192184728496
108 -0.00116000018343 0.00155155812014 -0.192184728496
109 -0.00116000018343 0.00155155812014 -0.192184728496
110 -0.00116000018343 0.00155155812014 -0.192184728496
111 -0.00116000018343 0.00155155812014 -0.192184728496
112 -0.00116000018343 0.00155155812014 -0.192184728496
113 -0.00116000018343 0.00155155812014 -0.192184728496
114 -0.00116000018343 0.00155155812014 -0.192184728496
115 -0.00116000018343 0.00155155812014 -0.192184728496
116 -0.00116000018343 0.00155155812014 -0.192184728496
117 -0.00116000018343 0.00155155812014 -0.192184728496
118 -0.00116000018343 0.00155155812014 -0.192184728496
119 -0.00116000018343 0.00155155812014 -0.192184728496
120 -0.00116000018343 0.00155155812014 -0.192184728496
121 -0.00116000018343 0.00155155812014 -0.192184728496
122 -0.00116000018343 0.00155155812014 -0.192184728496
123 -0.00116000018343 0.00155155812014 -0.192184728496
124 -0.00116000018343 0.00155155812014 -0.192184728496
125 -0.00116000018343 0.00155155812014 -0.192184728496
126 -0.00116000018343 0.00155155812014 -0.192184728496
127 -0.00116000018343 0.00155155812014 -0.192184728496
128 -0.00116000018343 0.00155155812014 -0.192184728496
129 -0.00116000018343 0.00155155812014 -0.192184728496
130 -0.00116000018343 0.00155155812014 -0.192184728496
131 -0.00116000018343 0.00155155812014 -0.192184728496
132 -0.00116000018343 0.00155155812014 -0.192184728496
133 -0.00116000018343 0.00155155812014 -0.192184728496
134 -0.00116000018343 0.00155155812014 -0.192184728496
135 -0.00116000018343 0.00155155812014 -0.192184728496
136 -0.00116000018343 0.00155155812014 -0.192184728496
137 -0.00116000018343 0.00155155812014 -0.192184728496
138 -0.00116000018343 0.00155155812014 -0.192184728496
139 -0.00116000018343 0.00155155812014 -0.192184728496
140 -0.00116000018343 0.00155155812014 -0.192184728496
141 -0.00116000018343 0.00155155812014 -0.192184728496
142 -0.00116000018343 0.00155155812014 -0.192184728496
143 -0.00116000018343 0.00155155812014 -0.192184728496
144 -0.00116000018343 0.00155155812014 -0.192184728496
145 -0.00116000018343 0.00155155812014 -0.192184728496
146 -0.00116000018343 0.00155155812014 -0.192184728496
147 -0.00116000018343 0.00155155812014 -0.192184728496
148 -0.00116000018343 0.00155155812014 -0.192184728496
149 -0.00116000018343 0.00155155812014 -0.192184728496
150 -0.00116000018343 0.00155155812014 -0.192184728496
151 0.00207319964372 0.00155155812014 -0.192184728496
152 0.00207319964372 0.00155155812014 -0.192184728496
153 0.00207319964372 0.00155155812014 -0.192184728496
154 0.00207319964372 0.00155155812014 -0.192184728496
155 0.00207319964372 0.00155155812014 -0.192184728496
156 0.00207319964372 0.00155155812014 -0.192184728496
157 0.00207319964372 0.00155155812014 -0.192184728496
158 0.00207319964372 0.00155155812014 -0.192184728496
159 0.00207319964372 0.00155155812014 -0.192184728496
160 0.00207319964372 0.00155155812014 -0.192184728496
161 0.00207319964372 0.00155155812014 -0.192184728496
162 0.00207319964372 0.00155155812014 -0.192184728496
163 0.00207319964372 0.00155155812014 -0.192184728496
164 0.00207319964372 0.00155155812014 -0.192184728496
165 0.00207319964372 0.00155155812014 -0.192184728496
166 0.00207319964372 0.00155155812014 -0.192184728496
167 0.00207319964372 0.00155155812014 -0.192184728496
168 0.00207319964372 0.00155155812014 -0.192184728496
169 0.00207319964372 0.00155155812014 -0.192184728496
170 0.00207319964372 0.00155155812014 -0.192184728496
171 0.00207319964372 0.00155155812014 -0.192184728496
172 0.00207319964372 0.00155155812014 -0.192184728496
173 0.00207319964372 0.00155155812014 -0.192184728496
174 0.00207319964372 0.00155155812014 -0.192184728496
175 0.00207319964372 0.00155155812014 -0.192184728496
176 0.00207319964372 0.00155155812014 -0.192184728496
177 0.00207319964372 0.00155155812014 -0.192184728496
178 0.00207319964372 0.00155155812014 -0.192184728496
179 0.00207319964372 0.00155155812014 -0.192184728496
180 0.00207319964372 0.00155155812014 -0.192184728496
181 0.00207319964372 0.00155155812014 -0.192184728496
182 0.00207319964372 0.00155155812014 -0.192184728496
183 0.00207319964372 0.00155155812014 -0.192184728496
184 0.00207319964372 0.00155155812014 -0.192184728496
185 0.00207319964372 0.00155155812014 -0.192184728496
186 0.00207319964372 0.00155155812014 -0.192184728496
187 0.00207319964372 0.00155155812014 -0.192184728496
188 0.00207319964372 0.00155155812014 -0.192184728496
189 0.00207319964372 0.00155155812014 -0.192184728496
190 0.00207319964372 0.00155155812014 -0.192184728496
191 0.00207319964372 0.00155155812014 -0.192184728496
192 0.00207319964372 0.00155155812014 -0.192184728496
193 0.00207319964372 0.00155155812014 -0.192184728496
194 0.00207319964372 0.00155155812014 -0.192184728496
195 0.00207319964372 0.00155155812014 -0.192184728496
196 0.00207319964372 0.00155155812014 -0.192184728496
197 0.00207319964372 0.00155155812014 -0.192184728496
198 0.00207319964372 0.00155155812014 -0.192184728496
199 0.00207319964372 0.00155155812014 -0.192184728496
200 0.00207319964372 0.00155155812014 -0.192184728496
201 -0.00199166463859 -0.00880725787849 0.0596567284942
202 -0.00199166463859 -0.00880725787849 0.0596567284942
203 -0.00199166463859 -0.00880725787849 0.0596567284942
204 -0.00199166463859 -0.00880725787849 0.0596567284942
205 -0.00199166463859 -0.00880725787849 0.0596567284942
206 -0.00199166463859 -0.00880725787849 0.0596567284942
207 -0.00199166463859 -0.00880725787849 0.0596567284942
208 -0.00199166463859 -0.00880725787849 0.0596567284942
209 -0.00199166463859 -0.00880725787849 0.0596567284942
210 -0.00199166463859 -0.00880725787849 0.0596567284942
211 -0.00199166463859 -0.00880725787849 0.0596567284942
212 -0.00199166463859 -0.00880725787849 0.0596567284942
213 -0.00199166463859 -0.00880725787849 0.0596567284942
214 -0.00199166463859 -0.00880725787849 0.0596567284942
215 -0.00199166463859 -0.00880725787849 0.0596567284942
216 -0.00199166463859 -0.00880725787849 0.0596567284942
217 -0.00199166463859 -0.00880725787849 0.0596567284942
218 -0.00199166463859 -0.00880725787849 0.0596567284942
219 -0.00199166463859 -0.00880725787849 0.0596567284942
220 -0.00199166463859 -0.00880725787849 0.0596567284942
221 -0.00199166463859 -0.00880725787849 0.0596567284942
222 -0.00199166463859 -0.00880725787849 0.0596567284942
223 -0.00199166463859 -0.00880725787849 0.0596567284942
224 -0.00199166463859 -0.00880725787849 0.0596567284942
225 -0.00199166463859 -0.00880725787849 0.0596567284942
226 -0.00199166463859 -0.00880725787849 0.0596567284942
227 -0.00199166463859 -0.00880725787849 0.0596567284942
228 -0.00199166463859 -0.00880725787849 0.0596567284942
229 -0.00199166463859 -0.00880725787849 0.0596567284942
230 -0.00199166463859 -0.00880725787849 0.0596567284942
231 -0.00199166463859 -0.00880725787849 0.0596567284942
232 -0.00199166463859 -0.00880725787849 0.0596567284942
233 -0.00199166463859 -0.00880725787849 0.0596567284942
234 -0.00199166463859 -0.00880725787849 0.0596567284942
235 -0.00199166463859 -0.00880725787849 0.0596567284942
236 -0.00199166463859 -0.00880725787849 0.0596567284942
237 -0.00199166463859 -0.00880725787849 0.0596567284942
238 -0.00199166463859 -0.00880725787849 0.0596567284942
239 -0.00199166463859 -0.00880725787849 0.0596567284942
240 -0.00199166463859 -0.00880725787849 0.0596567284942
241 -0.00199166463859 -0.00880725787849 0.0596567284942
242 -0.00199166463859 -0.00880725787849 0.0596567284942
243 -0.00199166463859 -0.00880725787849 0.0596567284942
244 -0.00199166463859 -0.00880725787849 0.0596567284942
245 -0.00199166463859 -0.00880725787849 0.0596567284942
246 -0.00199166463859 -0.00880725787849 0.0596567284942
247 -0.00199166463859 -0.00880725787849 0.0596567284942
248 -0.00199166463859 -0.00880725787849 0.0596567284942
249 -0.00199166463859 -0.00880725787849 0.0596567284942
250 -0.00199166463859 -0.00880725787849 0.0596567284942
251 0.00283285349643 -0.00880725787849 0.0596567284942
252 0.00283285349643 -0.00880725787849 0.0596567284942
253 0.00283285349643 -0.00880725787849 0.0596567284942
254 0.00283285349643 -0.00880725787849 0.0596567284942
255 0.00283285349643 -0.00880725787849 0.0596567284942
256 0.00283285349643 -0.00880725787849 0.0596567284942
257 0.00283285349643 -0.00880725787849 0.0596567284942
258 0.00283285349643 -0.00880725787849 0.0596567284942
259 0.00283285349643 -0.00880725787849 0.0596567284942
260 0.00283285349643 -0.00880725787849 0.0596567284942
261 0.00283285349643 -0.00880725787849 0.0596567284942
262 0.00283285349643 -0.00880725787849 0.0596567284942
263 0.00283285349643 -0.00880725787849 0.0596567284942
264 0.00283285349643 -0.00880725787849 0.0596567284942
265 0.00283285349643 -0.00880725787849 0.0596567284942
266 0.00283285349643 -0.00880725787849 0.0596567284942
267 0.00283285349643 -0.00880725787849 0.0596567284942
268 0.00283285349643 -0.00880725787849 0.0596567284942
269 0.00283285349643 -0.00880725787849 0.0596567284942
270 0.00283285349643 -0.00880725787849 0.0596567284942
271 0.00283285349643 -0.00880725787849 0.0596567284942
272 0.00283285349643 -0.00880725787849 0.0596567284942
273 0.00283285349643 -0.00880725787849 0.0596567284942
274 0.00283285349643 -0.00880725787849 0.0596567284942
275 0.00283285349643 -0.00880725787849 0.0596567284942
276 0.00283285349643 -0.00880725787849 0.0596567284942
277 0.00283285349643 -0.00880725787849 0.0596567284942
278 0.00283285349643 -0.00880725787849 0.0596567284942
279 0.00283285349643 -0.00880725787849 0.0596567284942
280 0.00283285349643 -0.00880725787849 0.0596567284942
281 0.00283285349643 -0.00880725787849 0.0596567284942
282 0.00283285349643 -0.00880725787849 0.0596567284942
283 0.00283285349643 -0.00880725787849 0.0596567284942
284 0.00283285349643 -0.00880725787849 0.0596567284942
285 0.00283285349643 -0.00880725787849 0.0596567284942
286 0.00283285349643 -0.00880725787849 0.0596567284942
287 0.00283285349643 -0.00880725787849 0.0596567284942
288 0.00283285349643 -0.00880725787849 0.0596567284942
289 0.00283285349643 -0.00880725787849 0.0596567284942
290 0.00283285349643 -0.00880725787849 0.0596567284942
291 0.00283285349643 -0.00880725787849 0.0596567284942
292 0.00283285349643 -0.00880725787849 0.0596567284942
293 0.00283285349643 -0.00880725787849 0.0596567284942
294 0.00283285349643 -0.00880725787849 0.0596567284942
295 0.00283285349643 -0.00880725787849 0.0596567284942
296 0.00283285349643 -0.00880725787849 0.0596567284942
297 0.00283285349643 -0.00880725787849 0.0596567284942
298 0.00283285349643 -0.00880725787849 0.0596567284942
299 0.00283285349643 -0.00880725787849 0.0596567284942
300 0.00283285349643 -0.00880725787849 0.0596567284942
301 0.0204081632653 -0.00565477020713 0.0597243747103
302 0.0204081632653 -0.00565477020713 0.0597243747103
303 0.0204081632653 -0.00565477020713 0.0597243747103
304 0.0204081632653 -0.00565477020713 0.0597243747103
305 0.0204081632653 -0.00565477020713 0.0597243747103
306 0.0204081632653 -0.00565477020713 0.0597243747103
307 0.0204081632653 -0.00565477020713 0.0597243747103
308 0.0204081632653 -0.00565477020713 0.0597243747103
309 0.0204081632653 -0.00565477020713 0.0597243747103
310 0.0204081632653 -0.00565477020713 0.0597243747103
311 0.0204081632653 -0.00565477020713 0.0597243747103
312 0.0204081632653 -0.00565477020713 0.0597243747103
313 0.0204081632653 -0.00565477020713 0.0597243747103
314 0.0204081632653 -0.00565477020713 0.0597243747103
315 0.0204081632653 -0.00565477020713 0.0597243747103
316 0.0204081632653 -0.00565477020713 0.0597243747103
317 0.0204081632653 -0.00565477020713 0.0597243747103
318 0.0204081632653 -0.00565477020713 0.0597243747103
319 0.0204081632653 -0.00565477020713 0.0597243747103
320 0.0204081632653 -0.00565477020713 0.0597243747103
321 0.0204081632653 -0.00565477020713 0.0597243747103
322 0.0204081632653 -0.00565477020713 0.0597243747103
323 0.0204081632653 -0.00565477020713 0.0597243747103
324 0.0204081632653 -0.00565477020713 0.0597243747103
325 0.0204081632653 -0.00565477020713 0.0597243747103
326 0.0204081632653 -0.00565477020713 0.0597243747103
327 0.0204081632653 -0.00565477020713 0.0597243747103
328 0.0204081632653 -0.00565477020713 0.0597243747103
329 0.0204081632653 -0.00565477020713 0.0597243747103
330 0.0204081632653 -0.00565477020713 0.0597243747103
331 0.0204081632653 -0.00565477020713 0.0597243747103
332 0.0204081632653 -0.00565477020713 0.0597243747103
333 0.0204081632653 -0.00565477020713 0.0597243747103
334 0.0204081632653 -0.00565477020713 0.0597243747103
335 0.0204081632653 -0.00565477020713 0.0597243747103
336 0.0204081632653 -0.00565477020713 0.0597243747103
337 0.0204081632653 -0.00565477020713 0.0597243747103
338 0.0204081632653 -0.00565477020713 0.0597243747103
339 0.0204081632653 -0.00565477020713 0.0597243747103
340 0.0204081632653 -0.00565477020713 0.0597243747103
341 0.0204081632653 -0.00565477020713 0.0597243747103
342 0.0204081632653 -0.00565477020713 0.0597243747103
343 0.0204081632653 -0.00565477020713 0.0597243747103
344 0.0204081632653 -0.00565477020713 0.0597243747103
345 0.0204081632653 -0.00565477020713 0.0597243747103
346 0.0204081632653 -0.00565477020713 0.0597243747103
347 0.0204081632653 -0.00565477020713 0.0597243747103
348 0.0204081632653 -0.00565477020713 0.0597243747103
349 0.0204081632653 -0.00565477020713 0.0597243747103
350 0.0204081632653 -0.00565477020713 0.0597243747103
351 0.00841986106607 -0.00565477020713 0.0597243747103
352 0.00841986106607 -0.00565477020713 0.0597243747103
353 0.00841986106607 -0.00565477020713 0.0597243747103
354 0.00841986106607 -0.00565477020713 0.0597243747103
355 0.00841986106607 -0.00565477020713 0.0597243747103
356 0.00841986106607 -0.00565477020713 0.0597243747103
357 0.00841986106607 -0.00565477020713 0.0597243747103
358 0.00841986106607 -0.00565477020713 0.0597243747103
359 0.00841986106607 -0.00565477020713 0.0597243747103
360 0.00841986106607 -0.00565477020713 0.0597243747103
361 0.00841986106607 -0.00565477020713 0.0597243747103
362 0.00841986106607 -0.00565477020713 0.0597243747103
363 0.00841986106607 -0.00565477020713 0.0597243747103
364 0.00841986106607 -0.00565477020713 0.0597243747103
365 0.00841986106607 -0.00565477020713 0.0597243747103
366 0.00841986106607 -0.00565477020713 0.0597243747103
367 0.00841986106607 -0.00565477020713 0.0597243747103
368 0.00841986106607 -0.00565477020713 0.0597243747103
369 0.00841986106607 -0.00565477020713 0.0597243747103
370 0.00841986106607 -0.00565477020713 0.0597243747103
371 0.00841986106607 -0.00565477020713 0.0597243747103
372 0.00841986106607 -0.00565477020713 0.0597243747103
373 0.00841986106607 -0.00565477020713 0.0597243747103
374 0.00841986106607 -0.00565477020713 0.0597243747103
375 0.00841986106607 -0.00565477020713 0.0597243747103
376 0.00841986106607 -0.00565477020713 0.0597243747103
377 0.00841986106607 -0.00565477020713 0.0597243747103
378 0.00841986106607 -0.00565477020713 0.0597243747103
379 0.00841986106607 -0.00565477020713 0.0597243747103
380 0.00841986106607 -0.00565477020713 0.0597243747103
381 0.00841986106607 -0.00565477020713 0.0597243747103
382 0.00841986106607 -0.00565477020713 0.0597243747103
383 0.00841986106607 -0.00565477020713 0.0597243747103
384 0.00841986106607 -0.00565477020713 0.0597243747103
385 0.00841986106607 -0.00565477020713 0.0597243747103
386 0.00841986106607 -0.00565477020713 0.0597243747103
387 0.00841986106607 -0.00565477020713 0.0597243747103
388 0.00841986106607 -0.00565477020713 0.0597243747103
389 0.00841986106607 -0.00565477020713 0.0597243747103
390 0.00841986106607 -0.00565477020713 0.0597243747103
391 0.00841986106607 -0.00565477020713 0.0597243747103
392 0.00841986106607 -0.00565477020713 0.0597243747103
393 0.00841986106607 -0.00565477020713 0.0597243747103
394 0.00841986106607 -0.00565477020713 0.0597243747103
395 0.00841986106607 -0.00565477020713 0.0597243747103
396 0.00841986106607 -0.00565477020713 0.0597243747103
397 0.00841986106607 -0.00565477020713 0.0597243747103
398 0.00841986106607 -0.00565477020713 0.0597243747103
399 0.00841986106607 -0.00565477020713 0.0597243747103
400 0.00841986106607 -0.00565477020713 0.0597243747103
401 -0.000731027398691 0.0495232360535 -0.0287185372849
402 -0.000731027398691 0.0495232360535 -0.0287185372849
403 -0.000731027398691 0.0495232360535 -0.0287185372849
404 -0.000731027398691 0.0495232360535 -0.0287185372849
405 -0.000731027398691 0.0495232360535 -0.0287185372849
406 -0.000731027398691 0.0495232360535 -0.0287185372849
407 -0.000731027398691 0.0495232360535 -0.0287185372849
408 -0.000731027398691 0.0495232360535 -0.0287185372849
409 -0.000731027398691 0.0495232360535 -0.0287185372849
410 -0.000731027398691 0.0495232360535 -0.0287185372849
411 -0.000731027398691 0.0495232360535 -0.0287185372849
412 -0.000731027398691 0.0495232360535 -0.0287185372849
413 -0.000731027398691 0.0495232360535 -0.0287185372849
414 -0.000731027398691 0.0495232360535 -0.0287185372849
415 -0.000731027398691 0.0495232360535 -0.0287185372849
416 -0.000731027398691 0.0495232360535 -0.0287185372849
417 -0.000731027398691 0.0495232360535 -0.0287185372849
418 -0.000731027398691 0.0495232360535 -0.0287185372849
419 -0.000731027398691 0.0495232360535 -0.0287185372849
420 -0.000731027398691 0.0495232360535 -0.0287185372849
421 -0.000731027398691 0.0495232360535 -0.0287185372849
422 -0.000731027398691 0.0495232360535 -0.0287185372849
423 -0.000731027398691 0.0495232360535 -0.0287185372849
424 -0.000731027398691 0.0495232360535 -0.0287185372849
425 -0.000731027398691 0.0495232360535 -0.0287185372849
426 -0.000731027398691 0.0495232360535 -0.0287185372849
427 -0.000731027398691 0.0495232360535 -0.0287185372849
428 -0.000731027398691 0.0495232360535 -0.0287185372849
429 -0.000731027398691 0.0495232360535 -0.0287185372849
430 -0.000731027398691 0.0495232360535 -0.0287185372849
431 -0.000731027398691 0.0495232360535 -0.0287185372849
432 -0.000731027398691 0.0495232360535 -0.0287185372849
433 -0.000731027398691 0.0495232360535 -0.0287185372849
434 -0.000731027398691 0.0495232360535 -0.0287185372849
435 -0.000731027398691 0.0495232360535 -0.0287185372849
436 -0.000731027398691 0.0495232360535 -0.0287185372849
437 -0.000731027398691 0.0495232360535 -0.0287185372849
438 -0.000731027398691 0.0495232360535 -0.0287185372849
439 -0.000731027398691 0.0495232360535 -0.0287185372849
440 -0.000731027398691 0.0495232360535 -0.0287185372849
441 -0.000731027398691 0.0495232360535 -0.0287185372849
442 -0.000731027398691 0.0495232360535 -0.0287185372849
443 -0.000731027398691 0.0495232360535 -0.0287185372849
444 -0.000731027398691 0.0495232360535 -0.0287185372849
445 -0.000731027398691 0.0495232360535 -0.0287185372849
446 -0.000731027398691 0.0495232360535 -0.0287185372849
447 -0.000731027398691 0.0495232360535 -0.0287185372849
448 -0.000731027398691 0.0495232360535 -0.0287185372849
449 -0.000731027398691 0.0495232360535 -0.0287185372849
450 -0.000731027398691 0.0495232360535 -0.0287185372849
451 -0.00592708548559 0.0495232360535 -0.0287185372849
452 -0.00592708548559 0.0495232360535 -0.0287185372849
453 -0.00592708548559 0.0495232360535 -0.0287185372849
454 -0.00592708548559 0.0495232360535 -0.0287185372849
455 -0.00592708548559 0.0495232360535 -0.0287185372849
456 -0.00592708548559 0.0495232360535 -0.0287185372849
457 -0.00592708548559 0.0495232360535 -0.0287185372849
458 -0.00592708548559 0.0495232360535 -0.0287185372849
459 -0.00592708548559 0.0495232360535 -0.0287185372849
460 -0.00592708548559 0.0495232360535 -0.0287185372849
461 -0.00592708548559 0.0495232360535 -0.0287185372849
462 -0.00592708548559 0.0495232360535 -0.0287185372849
463 -0.00592708548559 0.0495232360535 -0.0287185372849
464 -0.00592708548559 0.0495232360535 -0.0287185372849
465 -0.00592708548559 0.0495232360535 -0.0287185372849
466 -0.00592708548559 0.0495232360535 -0.0287185372849
467 -0.00592708548559 0.0495232360535 -0.0287185372849
468 -0.00592708548559 0.0495232360535 -0.0287185372849
469 -0.00592708548559 0.0495232360535 -0.0287185372849
470 -0.00592708548559 0.0495232360535 -0.0287185372849
471 -0.00592708548559 0.0495232360535 -0.0287185372849
472 -0.00592708548559 0.0495232360535 -0.0287185372849
473 -0.00592708548559 0.0495232360535 -0.0287185372849
474 -0.00592708548559 0.0495232360535 -0.0287185372849
475 -0.00592708548559 0.0495232360535 -0.0287185372849
476 -0.00592708548559 0.0495232360535 -0.0287185372849
477 -0.00592708548559 0.0495232360535 -0.0287185372849
478 -0.00592708548559 0.0495232360535 -0.0287185372849
479 -0.00592708548559 0.0495232360535 -0.0287185372849
480 -0.00592708548559 0.0495232360535 -0.0287185372849
481 -0.00592708548559 0.0495232360535 -0.0287185372849
482 -0.00592708548559 0.0495232360535 -0.0287185372849
483 -0.00592708548559 0.0495232360535 -0.0287185372849
484 -0.00592708548559 0.0495232360535 -0.0287185372849
485 -0.00592708548559 0.0495232360535 -0.0287185372849
486 -0.00592708548559 0.0495232360535 -0.0287185372849
487 -0.00592708548559 0.0495232360535 -0.0287185372849
488 -0.00592708548559 0.0495232360535 -0.0287185372849
489 -0.00592708548559 0.0495232360535 -0.0287185372849
490 -0.00592708548559 0.0495232360535 -0.0287185372849
491 -0.00592708548559 0.0495232360535 -0.0287185372849
492 -0.00592708548559 0.0495232360535 -0.0287185372849
493 -0.00592708548559 0.0495232360535 -0.0287185372849
494 -0.00592708548559 0.0495232360535 -0.0287185372849
495 -0.00592708548559 0.0495232360535 -0.0287185372849
496 -0.00592708548559 0.0495232360535 -0.0287185372849
497 -0.00592708548559 0.0495232360535 -0.0287185372849
498 -0.00592708548559 0.0495232360535 -0.0287185372849
499 -0.00592708548559 0.0495232360535 -0.0287185372849
500 -0.00592708548559 0.0495232360535 -0.0287185372849
501 -0.0019839974112 -0.0806341375099 -0.0573507857034
502 -0.0019839974112 -0.0806341375099 -0.0573507857034
503 -0.0019839974112 -0.0806341375099 -0.0573507857034
504 -0.0019839974112 -0.0806341375099 -0.0573507857034
505 -0.0019839974112 -0.0806341375099 -0.0573507857034
506 -0.0019839974112 -0.0806341375099 -0.0573507857034
507 -0.0019839974112 -0.0806341375099 -0.0573507857034
508 -0.0019839974112 -0.0806341375099 -0.0573507857034
509 -0.0019839974112 -0.0806341375099 -0.0573507857034
510 -0.0019839974112 -0.0806341375099 -0.0573507857034
511 -0.0019839974112 -0.0806341375099 -0.0573507857034
512 -0.0019839974112 -0.0806341375099 -0.0573507857034
513 -0.0019839974112 -0.0806341375099 -0.0573507857034
514 -0.0019839974112 -0.0806341375099 -0.0573507857034
515 -0.0019839974112 -0.0806341375099 -0.0573507857034
516 -0.0019839974112 -0.0806341375099 -0.0573507857034
517 -0.0019839974112 -0.0806341375099 -0.0573507857034
518 -0.0019839974112 -0.0806341375099 -0.0573507857034
519 -0.0019839974112 -0.0806341375099 -0.0573507857034
520 -0.0019839974112 -0.0806341375099 -0.0573507857034
521 -0.0019839974112 -0.0806341375099 -0.0573507857034
522 -0.0019839974112 -0.0806341375099 -0.0573507857034
523 -0.0019839974112 -0.0806341375099 -0.0573507857034
524 -0.0019839974112 -0.0806341375099 -0.0573507857034
525 -0.0019839974112 -0.0806341375099 -0.0573507857034
526 -0.0019839974112 -0.0806341375099 -0.0573507857034
527 -0.0019839974112 -0.0806341375099 -0.0573507857034
528 -0.0019839974112 -0.0806341375099 -0.0573507857034
529 -0.0019839974112 -0.0806341375099 -0.0573507857034
530 -0.0019839974112 -0.0806341375099 -0.0573507857034
531 -0.0019839974112 -0.0806341375099 -0.0573507857034
532 -0.0019839974112 -0.0806341375099 -0.0573507857034
533 -0.0019839974112 -0.0806341375099 -0.0573507857034
534 -0.0019839974112 -0.0806341375099 -0.0573507857034
535 -0.0019839974112 -0.0806341375099 -0.0573507857034
536 -0.0019839974112 -0.0806341375099 -0.0573507857034
537 -0.0019839974112 -0.0806341375099 -0.0573507857034
538 -0.0019839974112 -0.0806341375099 -0.0573507857034
539 -0.0019839974112 -0.0806341375099 -0.0573507857034
540 -0.0019839974112 -0.0806341375099 -0.0573507857034
541 -0.0019839974112 -0.0806341375099 -0.0573507857034
542 -0.0019839974112 -0.0806341375099 -0.0573507857034
543 -0.0019839974112 -0.0806341375099 -0.0573507857034
544 -0.0019839974112 -0.0806341375099 -0.0573507857034
545 -0.0019839974112 -0.0806341375099 -0.0573507857034
546 -0.0019839974112 -0.0806341375099 -0.0573507857034
547 -0.0019839974112 -0.0806341375099 -0.0573507857034
548 -0.0019839974112 -0.0806341375099 -0.0573507857034
549 -0.0019839974112 -0.0806341375099 -0.0573507857034
550 -0.0019839974112 -0.0806341375099 -0.0573507857034
551 -0.00277107656814 -0.0806341375099 -0.0573507857034
552 -0.00277107656814 -0.0806341375099 -0.0573507857034
553 -0.00277107656814 -0.0806341375099 -0.0573507857034
554 -0.00277107656814 -0.0806341375099 -0.0573507857034
555 -0.00277107656814 -0.0806341375099 -0.0573507857034
556 -0.00277107656814 -0.0806341375099 -0.0573507857034
557 -0.00277107656814 -0.0806341375099 -0.0573507857034
558 -0.00277107656814 -0.0806341375099 -0.0573507857034
559 -0.00277107656814 -0.0806341375099 -0.0573507857034
560 -0.00277107656814 -0.0806341375099 -0.0573507857034
561 -0.00277107656814 -0.0806341375099 -0.0573507857034
562 -0.00277107656814 -0.0806341375099 -0.0573507857034
563 -0.00277107656814 -0.0806341375099 -0.0573507857034
564 -0.00277107656814 -0.0806341375099 -0.0573507857034
565 -0.00277107656814 -0.0806341375099 -0.0573507857034
566 -0.00277107656814 -0.0806341375099 -0.0573507857034
567 -0.00277107656814 -0.0806341375099 -0.0573507857034
568 -0.00277107656814 -0.0806341375099 -0.0573507857034
569 -0.00277107656814 -0.0806341375099 -0.0573507857034
570 -0.00277107656814 -0.0806341375099 -0.0573507857034
571 -0.00277107656814 -0.0806341375099 -0.0573507857034
572 -0.00277107656814 -0.0806341375099 -0.0573507857034
573 -0.00277107656814 -0.0806341375099 -0.0573507857034
574 -0.00277107656814 -0.0806341375099 -0.0573507857034
575 -0.00277107656814 -0.0806341375099 -0.0573507857034
576 -0.00277107656814 -0.0806341375099 -0.0573507857034
577 -0.00277107656814 -0.0806341375099 -0.0573507857034
578 -0.00277107656814 -0.0806341375099 -0.0573507857034
579 -0.00277107656814 -0.0806341375099 -0.0573507857034
580 -0.00277107656814 -0.0806341375099 -0.0573507857034
581 -0.00277107656814 -0.0806341375099 -0.0573507857034
582 -0.00277107656814 -0.0806341375099 -0.0573507857034
583 -0.00277107656814 -0.0806341375099 -0.0573507857034
584 -0.00277107656814 -0.0806341375099 -0.0573507857034
585 -0.00277107656814 -0.0806341375099 -0.0573507857034
586 -0.00277107656814 -0.0806341375099 -0.0573507857034
587 -0.00277107656814 -0.0806341375099 -0.0573507857034
588 -0.00277107656814 -0.0806341375099 -0.0573507857034
589 -0.00277107656814 -0.0806341375099 -0.0573507857034
590 -0.00277107656814 -0.0806341375099 -0.0573507857034
591 -0.00277107656814 -0.0806341375099 -0.0573507857034
592 -0.00277107656814 -0.0806341375099 -0.0573507857034
593 -0.00277107656814 -0.0806341375099 -0.0573507857034
594 -0.00277107656814 -0.0806341375099 -0.0573507857034
595 -0.00277107656814 -0.0806341375099 -0.0573507857034
596 -0.00277107656814 -0.0806341375099 -0.0573507857034
597 -0.00277107656814 -0.0806341375099 -0.0573507857034
598 -0.00277107656814 -0.0806341375099 -0.0573507857034
599 -0.00277107656814 -0.0806341375099 -0.0573507857034
600 -0.00277107656814 -0.0806341375099 -0.0573507857034
601 -0.00259973791201 -0.00720228354452 -0.0297840765091
602 -0.00259973791201 -0.00720228354452 -0.0297840765091
603 -0.00259973791201 -0.00720228354452 -0.0297840765091
604 -0.00259973791201 -0.00720228354452 -0.0297840765091
605 -0.00259973791201 -0.00720228354452 -0.0297840765091
606 -0.00259973791201 -0.00720228354452 -0.0297840765091
607 -0.00259973791201 -0.00720228354452 -0.0297840765091
608 -0.00259973791201 -0.00720228354452 -0.0297840765091
609 -0.00259973791201 -0.00720228354452 -0.0297840765091
610 -0.00259973791201 -0.00720228354452 -0.0297840765091
611 -0.00259973791201 -0.00720228354452 -0.0297840765091
612 -0.00259973791201 -0.00720228354452 -0.0297840765091
613 -0.00259973791201 -0.00720228354452 -0.0297840765091
614 -0.00259973791201 -0.00720228354452 -0.0297840765091
615 -0.00259973791201 -0.00720228354452 -0.0297840765091
616 -0.00259973791201 -0.00720228354452 -0.0297840765091
617 -0.00259973791201 -0.00720228354452 -0.0297840765091
618 -0.00259973791201 -0.00720228354452 -0.0297840765091
619 -0.00259973791201 -0.00720228354452 -0.0297840765091
620 -0.00259973791201 -0.00720228354452 -0.0297840765091
621 -0.00259973791201 -0.00720228354452 -0.0297840765091
622 -0.00259973791201 -0.00720228354452 -0.0297840765091
623 -0.00259973791201 -0.00720228354452 -0.0297840765091
624 -0.00259973791201 -0.00720228354452 -0.0297840765091
625 -0.00259973791201 -0.00720228354452 -0.0297840765091
626 -0.00259973791201 -0.00720228354452 -0.0297840765091
627 -0.00259973791201 -0.00720228354452 -0.0297840765091
628 -0.00259973791201 -0.00720228354452 -0.0297840765091
629 -0.00259973791201 -0.00720228354452 -0.0297840765091
630 -0.00259973791201 -0.00720228354452 -0.0297840765091
631 -0.00259973791201 -0.00720228354452 -0.0297840765091
632 -0.00259973791201 -0.00720228354452 -0.0297840765091
633 -0.00259973791201 -0.00720228354452 -0.0297840765091
634 -0.00259973791201 -0.00720228354452 -0.0297840765091
635 -0.00259973791201 -0.00720228354452 -0.0297840765091
636 -0.00259973791201 -0.00720228354452 -0.0297840765091
637 -0.00259973791201 -0.00720228354452 -0.0297840765091
638 -0.00259973791201 -0.00720228354452 -0.0297840765091
639 -0.00259973791201 -0.00720228354452 -0.0297840765091
640 -0.00259973791201 -0.00720228354452 -0.0297840765091
641 -0.00259973791201 -0.00720228354452 -0.0297840765091
642 -0.00259973791201 -0.00720228354452 -0.0297840765091
643 -0.00259973791201 -0.00720228354452 -0.0297840765091
644 -0.00259973791201 -0.00720228354452 -0.0297840765091
645 -0.00259973791201 -0.00720228354452 -0.0297840765091
646 -0.00259973791201 -0.00720228354452 -0.0297840765091
647 -0.00259973791201 -0.00720228354452 -0.0297840765091
648 -0.00259973791201 -0.00720228354452 -0.0297840765091
649 -0.00259973791201 -0.00720228354452 -0.0297840765091
650 -0.00259973791201 -0.00720228354452 -0.0297840765091
651 -0.00711716941345 -0.00720228354452 -0.0297840765091
652 -0.00711716941345 -0.00720228354452 -0.0297840765091
653 -0.00711716941345 -0.00720228354452 -0.0297840765091
654 -0.00711716941345 -0.00720228354452 -0.0297840765091
655 -0.00711716941345 -0.00720228354452 -0.0297840765091
656 -0.00711716941345 -0.00720228354452 -0.0297840765091
657 -0.00711716941345 -0.00720228354452 -0.0297840765091
658 -0.00711716941345 -0.00720228354452 -0.0297840765091
659 -0.00711716941345 -0.00720228354452 -0.0297840765091
660 -0.00711716941345 -0.00720228354452 -0.0297840765091
661 -0.00711716941345 -0.00720228354452 -0.0297840765091
662 -0.00711716941345 -0.00720228354452 -0.0297840765091
663 -0.00711716941345 -0.00720228354452 -0.0297840765091
664 -0.00711716941345 -0.00720228354452 -0.0297840765091
665 -0.00711716941345 -0.00720228354452 -0.0297840765091
666 -0.00711716941345 -0.00720228354452 -0.0297840765091
667 -0.00711716941345 -0.00720228354452 -0.0297840765091
668 -0.00711716941345 -0.00720228354452 -0.0297840765091
669 -0.00711716941345 -0.00720228354452 -0.0297840765091
670 -0.00711716941345 -0.00720228354452 -0.0297840765091
671 -0.00711716941345 -0.00720228354452 -0.0297840765091
672 -0.00711716941345 -0.00720228354452 -0.0297840765091
673 -0.00711716941345 -0.00720228354452 -0.0297840765091
674 -0.00711716941345 -0.00720228354452 -0.0297840765091
675 -0.00711716941345 -0.00720228354452 -0.0297840765091
676 -0.00711716941345 -0.00720228354452 -0.0297840765091
677 -0.00711716941345 -0.00720228354452 -0.0297840765091
678 -0.00711716941345 -0.00720228354452 -0.0297840765091
679 -0.00711716941345 -0.00720228354452 -0.0297840765091
680 -0.00711716941345 -0.00720228354452 -0.0297840765091
681 -0.00711716941345 -0.00720228354452 -0.0297840765091
682 -0.00711716941345 -0.00720228354452 -0.0297840765091
683 -0.00711716941345 -0.00720228354452 -0.0297840765091
684 -0.00711716941345 -0.00720228354452 -0.0297840765091
685 -0.00711716941345 -0.00720228354452 -0.0297840765091
686 -0.00711716941345 -0.00720228354452 -0.0297840765091
687 -0.00711716941345 -0.00720228354452 -0.0297840765091
688 -0.00711716941345 -0.00720228354452 -0.0297840765091
689 -0.00711716941345 -0.00720228354452 -0.0297840765091
690 -0.00711716941345 -0.00720228354452 -0.0297840765091
691 -0.00711716941345 -0.00720228354452 -0.0297840765091
692 -0.00711716941345 -0.00720228354452 -0.0297840765091
693 -0.00711716941345 -0.00720228354452 -0.0297840765091
694 -0.00711716941345 -0.00720228354452 -0.0297840765091
695 -0.00711716941345 -0.00720228354452 -0.0297840765091
696 -0.00711716941345 -0.00720228354452 -0.0297840765091
697 -0.00711716941345 -0.00720228354452 -0.0297840765091
698 -0.00711716941345 -0.00720228354452 -0.0297840765091
699 -0.00711716941345 -0.00720228354452 -0.0297840765091
700 -0.00711716941345 -0.00720228354452 -0.0297840765091
701 -0.00624660489433 0.00194446733292 0.0154877077195
702 -0.00624660489433 0.00194446733292 0.0154877077195
703 -0.00624660489433 0.00194446733292 0.0154877077195
704 -0.00624660489433 0.00194446733292 0.0154877077195
705 -0.00624660489433 0.00194446733292 0.0154877077195
706 -0.00624660489433 0.00194446733292 0.0154877077195
707 -0.00624660489433 0.00194446733292 0.0154877077195
708 -0.00624660489433 0.00194446733292 0.0154877077195
709 -0.00624660489433 0.00194446733292 0.0154877077195
710 -0.00624660489433 0.00194446733292 0.0154877077195
711 -0.00624660489433 0.00194446733292 0.0154877077195
712 -0.00624660489433 0.00194446733292 0.0154877077195
713 -0.00624660489433 0.00194446733292 0.0154877077195
714 -0.00624660489433 0.00194446733292 0.0154877077195
715 -0.00624660489433 0.00194446733292 0.0154877077195
716 -0.00624660489433 0.00194446733292 0.0154877077195
717 -0.00624660489433 0.00194446733292 0.0154877077195
718 -0.00624660489433 0.00194446733292 0.0154877077195
719 -0.00624660489433 0.00194446733292 0.0154877077195
720 -0.00624660489433 0.00194446733292 0.0154877077195
721 -0.00624660489433 0.00194446733292 0.0154877077195
722 -0.00624660489433 0.00194446733292 0.0154877077195
723 -0.00624660489433 0.00194446733292 0.0154877077195
724 -0.00624660489433 0.00194446733292 0.0154877077195
725 -0.00624660489433 0.00194446733292 0.0154877077195
726 -0.00624660489433 0.00194446733292 0.0154877077195
727 -0.00624660489433 0.00194446733292 0.0154877077195
728 -0.00624660489433 0.00194446733292 0.0154877077195
729 -0.00624660489433 0.00194446733292 0.0154877077195
730 -0.00624660489433 0.00194446733292 0.0154877077195
731 -0.00624660489433 0.00194446733292 0.0154877077195
732 -0.00624660489433 0.00194446733292 0.0154877077195
733 -0.00624660489433 0.00194446733292 0.0154877077195
734 -0.00624660489433 0.00194446733292 0.0154877077195
735 -0.00624660489433 0.00194446733292 0.0154877077195
736 -0.00624660489433 0.00194446733292 0.0154877077195
737 -0.00624660489433 0.00194446733292 0.0154877077195
738 -0.00624660489433 0.00194446733292 0.0154877077195
739 -0.00624660489433 0.00194446733292 0.0154877077195
740 -0.00624660489433 0.00194446733292 0.0154877077195
741 -0.00624660489433 0.00194446733292 0.0154877077195
742 -0.00624660489433 0.00194446733292 0.0154877077195
743 -0.00624660489433 0.00194446733292 0.0154877077195
744 -0.00624660489433 0.00194446733292 0.0154877077195
745 -0.00624660489433 0.00194446733292 0.0154877077195
746 -0.00624660489433 0.00194446733292 0.0154877077195
747 -0.00624660489433 0.00194446733292 0.0154877077195
748 -0.00624660489433 0.00194446733292 0.0154877077195
749 -0.00624660489433 0.00194446733292 0.0154877077195
750 -0.00624660489433 0.00194446733292 0.0154877077195
751 0.00468530604665 0.00194446733292 0.0154877077195
752 0.00468530604665 0.00194446733292 0.0154877077195
753 0.00468530604665 0.00194446733292 0.0154877077195
754 0.00468530604665 0.00194446733292 0.0154877077195
755 0.00468530604665 0.00194446733292 0.0154877077195
756 0.00468530604665 0.00194446733292 0.0154877077195
757 0.00468530604665 0.00194446733292 0.0154877077195
758 0.00468530604665 0.00194446733292 0.0154877077195
759 0.00468530604665 0.00194446733292 0.0154877077195
760 0.00468530604665 0.00194446733292 0.0154877077195
761 0.00468530604665 0.00194446733292 0.0154877077195
762 0.00468530604665 0.00194446733292 0.0154877077195
763 0.00468530604665 0.00194446733292 0.0154877077195
764 0.00468530604665 0.00194446733292 0.0154877077195
765 0.00468530604665 0.00194446733292 0.0154877077195
766 0.00468530604665 0.00194446733292 0.0154877077195
767 0.00468530604665 0.00194446733292 0.0154877077195
768 0.00468530604665 0.00194446733292 0.0154877077195
769 0.00468530604665 0.00194446733292 0.0154877077195
770 0.00468530604665 0.00194446733292 0.0154877077195
771 0.00468530604665 0.00194446733292 0.0154877077195
772 0.00468530604665 0.00194446733292 0.0154877077195
773 0.00468530604665 0.00194446733292 0.0154877077195
774 0.00468530604665 0.00194446733292 0.0154877077195
775 0.00468530604665 0.00194446733292 0.0154877077195
776 0.00468530604665 0.00194446733292 0.0154877077195
777 0.00468530604665 0.00194446733292 0.0154877077195
778 0.00468530604665 0.00194446733292 0.0154877077195
779 0.00468530604665 0.00194446733292 0.0154877077195
780 0.00468530604665 0.00194446733292 0.0154877077195
781 0.00468530604665 0.00194446733292 0.0154877077195
782 0.00468530604665 0.00194446733292 0.0154877077195
783 0.00468530604665 0.00194446733292 0.0154877077195
784 0.00468530604665 0.00194446733292 0.0154877077195
785 0.00468530604665 0.00194446733292 0.0154877077195
786 0.00468530604665 0.00194446733292 0.0154877077195
787 0.00468530604665 0.00194446733292 0.0154877077195
788 0.00468530604665 0.00194446733292 0.0154877077195
789 0.00468530604665 0.00194446733292 0.0154877077195
790 0.00468530604665 0.00194446733292 0.0154877077195
791 0.00468530604665 0.00194446733292 0.0154877077195
792 0.00468530604665 0.00194446733292 0.0154877077195
793 0.00468530604665 0.00194446733292 0.0154877077195
794 0.00468530604665 0.00194446733292 0.0154877077195
795 0.00468530604665 0.00194446733292 0.0154877077195
796 0.00468530604665 0.00194446733292 0.0154877077195
797 0.00468530604665 0.00194446733292 0.0154877077195
798 0.00468530604665 0.00194446733292 0.0154877077195
799 0.00468530604665 0.00194446733292 0.0154877077195
800 0.00468530604665 0.00194446733292 0.0154877077195
801 -0.00151241227006 -0.0071853052413 -0.0163561275884
802 -0.00151241227006 -0.0071853052413 -0.0163561275884
803 -0.00151241227006 -0.0071853052413 -0.0163561275884
804 -0.00151241227006 -0.0071853052413 -0.0163561275884
805 -0.00151241227006 -0.0071853052413 -0.0163561275884
806 -0.00151241227006 -0.0071853052413 -0.0163561275884
807 -0.00151241227006 -0.0071853052413 -0.0163561275884
808 -0.00151241227006 -0.0071853052413 -0.0163561275884
809 -0.00151241227006 -0.0071853052413 -0.0163561275884
810 -0.00151241227006 -0.0071853052413 -0.0163561275884
811 -0.00151241227006 -0.0071853052413 -0.0163561275884
812 -0.00151241227006 -0.0071853052413 -0.0163561275884
813 -0.00151241227006 -0.0071853052413 -0.0163561275884
814 -0.00151241227006 -0.0071853052413 -0.0163561275884
815 -0.00151241227006 -0.0071853052413 -0.0163561275884
816 -0.00151241227006 -0.0071853052413 -0.0163561275884
817 -0.00151241227006 -0.0071853052413 -0.0163561275884
818 -0.00151241227006 -0.0071853052413 -0.0163561275884
819 -0.00151241227006 -0.0071853052413 -0.0163561275884
820 -0.00151241227006 -0.0071853052413 -0.0163561275884
821 -0.00151241227006 -0.0071853052413 -0.0163561275884
822 -0.00151241227006 -0.0071853052413 -0.0163561275884
823 -0.00151241227006 -0.0071853052413 -0.0163561275884
824 -0.00151241227006 -0.0071853052413 -0.0163561275884
825 -0.00151241227006 -0.0071853052413 -0.0163561275884
826 -0.00151241227006 -0.0071853052413 -0.0163561275884
827 -0.00151241227006 -0.0071853052413 -0.0163561275884
828 -0.00151241227006 -0.0071853052413 -0.0163561275884
829 -0.00151241227006 -0.0071853052413 -0.0163561275884
830 -0.00151241227006 -0.0071853052413 -0.0163561275884
831 -0.00151241227006 -0.0071853052413 -0.0163561275884
832 -0.00151241227006 -0.0071853052413 -0.0163561275884
833 -0.00151241227006 -0.0071853052413 -0.0163561275884
834 -0.00151241227006 -0.0071853052413 -0.0163561275884
835 -0.00151241227006 -0.0071853052413 -0.0163561275884
836 -0.00151241227006 -0.0071853052413 -0.0163561275884
837 -0.00151241227006 -0.0071853052413 -0.0163561275884
838 -0.00151241227006 -0.0071853052413 -0.0163561275884
839 -0.00151241227006 -0.0071853052413 -0.0163561275884
840 -0.00151241227006 -0.0071853052413 -0.0163561275884
841 -0.00151241227006 -0.0071853052413 -0.0163561275884
842 -0.00151241227006 -0.0071853052413 -0.0163561275884
843 -0.00151241227006 -0.0071853052413 -0.0163561275884
844 -0.00151241227006 -0.0071853052413 -0.0163561275884
845 -0.00151241227006 -0.0071853052413 -0.0163561275884
846 -0.00151241227006 -0.0071853052413 -0.0163561275884
847 -0.00151241227006 -0.0071853052413 -0.0163561275884
848 -0.00151241227006 -0.0071853052413 -0.0163561275884
849 -0.00151241227006 -0.0071853052413 -0.0163561275884
850 -0.00151241227006 -0.0071853052413 -0.0163561275884
851 0.00107217509946 -0.0071853052413 -0.0163561275884
852 0.00107217509946 -0.0071853052413 -0.0163561275884
853 0.00107217509946 -0.0071853052413 -0.0163561275884
854 0.00107217509946 -0.0071853052413 -0.0163561275884
855 0.00107217509946 -0.0071853052413 -0.0163561275884
856 0.00107217509946 -0.0071853052413 -0.0163561275884
857 0.00107217509946 -0.0071853052413 -0.0163561275884
858 0.00107217509946 -0.0071853052413 -0.0163561275884
859 0.00107217509946 -0.0071853052413 -0.0163561275884
860 0.00107217509946 -0.0071853052413 -0.0163561275884
861 0.00107217509946 -0.0071853052413 -0.0163561275884
862 0.00107217509946 -0.0071853052413 -0.0163561275884
863 0.00107217509946 -0.0071853052413 -0.0163561275884
864 0.00107217509946 -0.0071853052413 -0.0163561275884
865 0.00107217509946 -0.0071853052413 -0.0163561275884
866 0.00107217509946 -0.0071853052413 -0.0163561275884
867 0.00107217509946 -0.0071853052413 -0.0163561275884
868 0.00107217509946 -0.0071853052413 -0.0163561275884
869 0.00107217509946 -0.0071853052413 -0.0163561275884
870 0.00107217509946 -0.0071853052413 -0.0163561275884
871 0.00107217509946 -0.0071853052413 -0.0163561275884
872 0.00107217509946 -0.0071853052413 -0.0163561275884
873 0.00107217509946 -0.0071853052413 -0.0163561275884
874 0.00107217509946 -0.0071853052413 -0.0163561275884
875 0.00107217509946 -0.0071853052413 -0.0163561275884
876 0.00107217509946 -0.0071853052413 -0.0163561275884
877 0.00107217509946 -0.0071853052413 -0.0163561275884
878 0.00107217509946 -0.0071853052413 -0.0163561275884
879 0.00107217509946 -0.0071853052413 -0.0163561275884
880 0.00107217509946 -0.0071853052413 -0.0163561275884
881 0.00107217509946 -0.0071853052413 -0.0163561275884
882 0.00107217509946 -0.0071853052413 -0.0163561275884
883 0.00107217509946 -0.0071853052413 -0.0163561275884
884 0.00107217509946 -0.0071853052413 -0.0163561275884
885 0.00107217509946 -0.0071853052413 -0.0163561275884
886 0.00107217509946 -0.0071853052413 -0.0163561275884
887 0.00107217509946 -0.0071853052413 -0.0163561275884
888 0.00107217509946 -0.0071853052413 -0.0163561275884
889 0.00107217509946 -0.0071853052413 -0.0163561275884
890 0.00107217509946 -0.0071853052413 -0.0163561275884
891 0.00107217509946 -0.0071853052413 -0.0163561275884
892 0.00107217509946 -0.0071853052413 -0.0163561275884
893 0.00107217509946 -0.0071853052413 -0.0163561275884
894 0.00107217509946 -0.0071853052413 -0.0163561275884
895 0.00107217509946 -0.0071853052413 -0.0163561275884
896 0.00107217509946 -0.0071853052413 -0.0163561275884
897 0.00107217509946 -0.0071853052413 -0.0163561275884
898 0.00107217509946 -0.0071853052413 -0.0163561275884
899 0.00107217509946 -0.0071853052413 -0.0163561275884
900 0.00107217509946 -0.0071853052413 -0.0163561275884
901 -0.000853245447711 0.00211048761491 -0.000749637737089
902 -0.000853245447711 0.00211048761491 -0.000749637737089
903 -0.000853245447711 0.00211048761491 -0.000749637737089
904 -0.000853245447711 0.00211048761491 -0.000749637737089
905 -0.000853245447711 0.00211048761491 -0.000749637737089
906 -0.000853245447711 0.00211048761491 -0.000749637737089
907 -0.000853245447711 0.00211048761491 -0.000749637737089
908 -0.000853245447711 0.00211048761491 -0.000749637737089
909 -0.000853245447711 0.00211048761491 -0.000749637737089
910 -0.000853245447711 0.00211048761491 -0.000749637737089
911 -0.000853245447711 0.00211048761491 -0.000749637737089
912 -0.000853245447711 0.00211048761491 -0.000749637737089
913 -0.000853245447711 0.00211048761491 -0.000749637737089
914 -0.000853245447711 0.00211048761491 -0.000749637737089
915 -0.000853245447711 0.00211048761491 -0.000749637737089
916 -0.000853245447711 0.00211048761491 -0.000749637737089
917 -0.000853245447711 0.00211048761491 -0.000749637737089
918 -0.000853245447711 0.00211048761491 -0.000749637737089
919 -0.000853245447711 0.00211048761491 -0.000749637737089
920 -0.000853245447711 0.00211048761491 -0.000749637737089
921 -0.000853245447711 0.00211048761491 -0.000749637737089
922 -0.000853245447711 0.00211048761491 -0.000749637737089
923 -0.000853245447711 0.00211048761491 -0.000749637737089
924 -0.000853245447711 0.00211048761491 -0.000749637737089
925 -0.000853245447711 0.00211048761491 -0.000749637737089
926 -0.000853245447711 0.00211048761491 -0.000749637737089
927 -0.000853245447711 0.00211048761491 -0.000749637737089
928 -0.000853245447711 0.00211048761491 -0.000749637737089
929 -0.000853245447711 0.00211048761491 -0.000749637737089
930 -0.000853245447711 0.00211048761491 -0.000749637737089
931 -0.000853245447711 0.00211048761491 -0.000749637737089
932 -0.000853245447711 0.00211048761491 -0.000749637737089
933 -0.000853245447711 0.00211048761491 -0.000749637737089
934 -0.000853245447711 0.00211048761491 -0.000749637737089
935 -0.000853245447711 0.00211048761491 -0.000749637737089
936 -0.000853245447711 0.00211048761491 -0.000749637737089
937 -0.000853245447711 0.00211048761491 -0.000749637737089
938 -0.000853245447711 0.00211048761491 -0.000749637737089
939 -0.000853245447711 0.00211048761491 -0.000749637737089
940 -0.000853245447711 0.00211048761491 -0.000749637737089
941 -0.000853245447711 0.00211048761491 -0.000749637737089
942 -0.000853245447711 0.00211048761491 -0.000749637737089
943 -0.000853245447711 0.00211048761491 -0.000749637737089
944 -0.000853245447711 0.00211048761491 -0.000749637737089
945 -0.000853245447711 0.00211048761491 -0.000749637737089
946 -0.000853245447711 0.00211048761491 -0.000749637737089
947 -0.000853245447711 0.00211048761491 -0.000749637737089
948 -0.000853245447711 0.00211048761491 -0.000749637737089
949 -0.000853245447711 0.00211048761491 -0.000749637737089
950 -0.000853245447711 0.00211048761491 -0.000749637737089
951 -0.000853245447711 0.00211048761491 -0.000749637737089
952 -0.000853245447711 0.00211048761491 -0.000749637737089
953 -0.000853245447711 0.00211048761491 -0.000749637737089
954 -0.000853245447711 0.00211048761491 -0.000749637737089
955 -0.000853245447711 0.00211048761491 -0.000749637737089
956 -0.000853245447711 0.00211048761491 -0.000749637737089
957 -0.000853245447711 0.00211048761491 -0.000749637737089
958 -0.000853245447711 0.00211048761491 -0.000749637737089
959 -0.000853245447711 0.00211048761491 -0.000749637737089
960 -0.000853245447711 0.00211048761491 -0.000749637737089
961 -0.000853245447711 0.00211048761491 -0.000749637737089
962 -0.000853245447711 0.00211048761491 -0.000749637737089
963 -0.000853245447711 0.00211048761491 -0.000749637737089
964 -0.000853245447711 0.00211048761491 -0.000749637737089
965 -0.000853245447711 0.00211048761491 -0.000749637737089
966 -0.000853245447711 0.00211048761491 -0.000749637737089
967 -0.000853245447711 0.00211048761491 -0.000749637737089
968 -0.000853245447711 0.00211048761491 -0.000749637737089
969 -0.000853245447711 0.00211048761491 -0.000749637737089
970 -0.000853245447711 0.00211048761491 -0.000749637737089
971 -0.00737183915327 0.00211048761491 -0.000749637737089
972 -0.00737183915327 0.00211048761491 -0.000749637737089
973 -0.00737183915327 0.00211048761491 -0.000749637737089
974 -0.00737183915327 0.00211048761491 -0.000749637737089
975 -0.00737183915327 0.00211048761491 -0.000749637737089
976 -0.00737183915327 0.00211048761491 -0.000749637737089
977 -0.00737183915327 0.00211048761491 -0.000749637737089
978 -0.00737183915327 0.00211048761491 -0.000749637737089
979 -0.00737183915327 0.00211048761491 -0.000749637737089
980 -0.00737183915327 0.00211048761491 -0.000749637737089
981 -0.00737183915327 0.00211048761491 -0.000749637737089
982 -0.00737183915327 0.00211048761491 -0.000749637737089
983 -0.00737183915327 0.00211048761491 -0.000749637737089
984 -0.00737183915327 0.00211048761491 -0.000749637737089
985 -0.00737183915327 0.00211048761491 -0.000749637737089
986 -0.00737183915327 0.00211048761491 -0.000749637737089
987 -0.00737183915327 0.00211048761491 -0.000749637737089
988 -0.00737183915327 0.00211048761491 -0.000749637737089
989 -0.00737183915327 0.00211048761491 -0.000749637737089
990 -0.00737183915327 0.00211048761491 -0.000749637737089
991 -0.00737183915327 0.00211048761491 -0.000749637737089
992 -0.00737183915327 0.00211048761491 -0.000749637737089
993 -0.00737183915327 0.00211048761491 -0.000749637737089
994 -0.00737183915327 0.00211048761491 -0.000749637737089
995 -0.00737183915327 0.00211048761491 -0.000749637737089
996 -0.00737183915327 0.00211048761491 -0.000749637737089
997 -0.00737183915327 0.00211048761491 -0.000749637737089
998 -0.00737183915327 0.00211048761491 -0.000749637737089
999 -0.00737183915327 0.00211048761491 -0.000749637737089
1000 -0.00737183915327 0.00211048761491 -0.000749637737089
1001 -0.00737183915327 0.0 0.0
1002 -0.00737183915327 0.0 0.0
1003 -0.00737183915327 0.0 0.0
1004 -0.00737183915327 0.0 0.0
1005 -0.00737183915327 0.0 0.0
1006 -0.00737183915327 0.0 0.0
1007 -0.00737183915327 0.0 0.0
1008 -0.00737183915327 0.0 0.0
1009 -0.00737183915327 0.0 0.0
1010 -0.00737183915327 0.0 0.0
1011 -0.00737183915327 0.0 0.0
1012 -0.00737183915327 0.0 0.0
1013 -0.00737183915327 0.0 0.0
1014 -0.00737183915327 0.0 0.0
1015 -0.00737183915327 0.0 0.0
1016 -0.00737183915327 0.0 0.0
1017 -0.00737183915327 0.0 0.0
1018 -0.00737183915327 0.0 0.0
1019 -0.00737183915327 0.0 0.0
1020 -0.00737183915327 0.0 0.0
1021 -0.00737183915327 0.0 0.0
1022 -0.00737183915327 0.0 0.0
1023 -0.00737183915327 0.0 0.0
1024 -0.00737183915327 0.0 0.0
1025 -0.00737183915327 0.0 0.0
1026 -0.00737183915327 0.0 0.0
1027 -0.00737183915327 0.0 0.0
1028 -0.00737183915327 0.0 0.0
1029 -0.00737183915327 0.0 0.0
1030 -0.00737183915327 0.0 0.0
1031 -0.000730166492714 0.0 0.0
1032 -0.000730166492714 0.0 0.0
1033 -0.000730166492714 0.0 0.0
1034 -0.000730166492714 0.0 0.0
1035 -0.000730166492714 0.0 0.0
1036 -0.000730166492714 0.0 0.0
1037 -0.000730166492714 0.0 0.0
1038 -0.000730166492714 0.0 0.0
1039 -0.000730166492714 0.0 0.0
1040 -0.000730166492714 0.0 0.0
1041 -0.000730166492714 0.0 0.0
1042 -0.000730166492714 0.0 0.0
1043 -0.000730166492714 0.0 0.0
1044 -0.000730166492714 0.0 0.0
1045 -0.000730166492714 0.0 0.0
1046 -0.000730166492714 0.0 0.0
1047 -0.000730166492714 0.0 0.0
1048 -0.000730166492714 0.0 0.0
1049 -0.000730166492714 0.0 0.0
1050 -0.000730166492714 0.0 0.0
1051 -0.000730166492714 0.0 0.0
1052 -0.000730166492714 0.0 0.0
1053 -0.000730166492714 0.0 0.0
1054 -0.000730166492714 0.0 0.0
1055 -0.000730166492714 0.0 0.0
1056 -0.000730166492714 0.0 0.0
1057 -0.000730166492714 0.0 0.0
1058 -0.000730166492714 0.0 0.0
1059 -0.000730166492714 0.0 0.0
1060 -0.000730166492714 0.0 0.0
1061 -0.000730166492714 0.0 0.0
1062 -0.000730166492714 0.0 0.0
1063 -0.000730166492714 0.0 0.0
1064 -0.000730166492714 0.0 0.0
1065 -0.000730166492714 0.0 0.0
1066 -0.000730166492714 0.0 0.0
1067 -0.000730166492714 0.0 0.0
1068 -0.000730166492714 0.0 0.0
1069 -0.000730166492714 0.0 0.0
1070 -0.000730166492714 0.0 0.0
1071 -0.000730166492714 0.0 0.0
1072 -0.000730166492714 0.0 0.0
1073 -0.000730166492714 0.0 0.0
1074 -0.000730166492714 0.0 0.0
1075 -0.000730166492714 0.0 0.0
1076 -0.000730166492714 0.0 0.0
1077 -0.000730166492714 0.0 0.0
1078 -0.000730166492714 0.0 0.0
1079 -0.000730166492714 0.0 0.0
1080 -0.000730166492714 0.0 0.0
1081 -0.000730166492714 0.0 0.0
1082 -0.000730166492714 0.0 0.0
1083 -0.000730166492714 0.0 0.0
1084 -0.000730166492714 0.0 0.0
1085 -0.000730166492714 0.0 0.0
1086 -0.000730166492714 0.0 0.0
1087 -0.000730166492714 0.0 0.0
1088 -0.000730166492714 0.0 0.0
1089 -0.000730166492714 0.0 0.0
1090 -0.000730166492714 0.0 0.0
1091 -0.000118960578222 0.0 0.0
1092 -0.000118960578222 0.0 0.0
1093 -0.000118960578222 0.0 0.0
1094 -0.000118960578222 0.0 0.0
1095 -0.000118960578222 0.0 0.0
1096 -0.000118960578222 0.0 0.0
1097 -0.000118960578222 0.0 0.0
1098 -0.000118960578222 0.0 0.0
1099 -0.000118960578222 0.0 0.0
1100 -0.000118960578222 0.0 0.0
1101 -0.000118960578222 0.0 0.0
1102 -0.000118960578222 0.0 0.0
1103 -0.000118960578222 0.0 0.0
1104 -0.000118960578222 0.0 0.0
1105 -0.000118960578222 0.0 0.0
1106 -0.000118960578222 0.0 0.0
1107 -0.000118960578222 0.0 0.0
1108 -0.000118960578222 0.0 0.0
1109 -0.000118960578222 0.0 0.0
1110 -0.000118960578222 0.0 0.0
1111 -0.000118960578222 0.0 0.0
1112 -0.000118960578222 0.0 0.0
1113 -0.000118960578222 0.0 0.0
1114 -0.000118960578222 0.0 0.0
1115 -0.000118960578222 0.0 0.0
1116 -0.000118960578222 0.0 0.0
1117 -0.000118960578222 0.0 0.0
1118 -0.000118960578222 0.0 0.0
1119 -0.000118960578222 0.0 0.0
1120 -0.000118960578222 0.0 0.0
1121 -0.000118960578222 0.0 0.0
1122 -0.000118960578222 0.0 0.0
1123 -0.000118960578222 0.0 0.0
1124 -0.000118960578222 0.0 0.0
1125 -0.000118960578222 0.0 0.0
1126 -0.000118960578222 0.0 0.0
1127 -0.000118960578222 0.0 0.0
1128 -0.000118960578222 0.0 0.0
1129 -0.000118960578222 0.0 0.0
1130 -0.000118960578222 0.0 0.0
1131 -0.000118960578222 0.0 0.0
1132 -0.000118960578222 0.0 0.0
1133 -0.000118960578222 0.0 0.0
1134 -0.000118960578222 0.0 0.0
1135 -0.000118960578222 0.0 0.0
1136 -0.000118960578222 0.0 0.0
1137 -0.000118960578222 0.0 0.0
1138 -0.000118960578222 0.0 0.0
1139 -0.000118960578222 0.0 0.0
1140 -0.000118960578222 0.0 0.0
1141 -0.000118960578222 0.0 0.0
1142 -0.000118960578222 0.0 0.0
1143 -0.000118960578222 0.0 0.0
1144 -0.000118960578222 0.0 0.0
1145 -0.000118960578222 0.0 0.0
1146 -0.000118960578222 0.0 0.0
1147 -0.000118960578222 0.0 0.0
1148 -0.000118960578222 0.0 0.0
1149 -0.000118960578222 0.0 0.0
1150 -0.000118960578222 0.0 0.0
1151 7.43168366077e-05 0.0 0.0
1152 7.43168366077e-05 0.0 0.0
1153 7.43168366077e-05 0.0 0.0
1154 7.43168366077e-05 0.0 0.0
1155 7.43168366077e-05 0.0 0.0
1156 7.43168366077e-05 0.0 0.0
1157 7.43168366077e-05 0.0 0.0
1158 7.43168366077e-05 0.0 0.0
1159 7.43168366077e-05 0.0 0.0
1160 7.43168366077e-05 0.0 0.0
1161 7.43168366077e-05 0.0 0.0
1162 7.43168366077e-05 0.0 0.0
1163 7.43168366077e-05 0.0 0.0
1164 7.43168366077e-05 0.0 0.0
1165 7.43168366077e-05 0.0 0.0
1166 7.43168366077e-05 0.0 0.0
1167 7.43168366077e-05 0.0 0.0
1168 7.43168366077e-05 0.0 0.0
1169 7.43168366077e-05 0.0 0.0
1170 7.43168366077e-05 0.0 0.0
1171 7.43168366077e-05 0.0 0.0
1172 7.43168366077e-05 0.0 0.0
1173 7.43168366077e-05 0.0 0.0
1174 7.43168366077e-05 0.0 0.0
1175 7.43168366077e-05 0.0 0.0
1176 7.43168366077e-05 0.0 0.0
1177 7.43168366077e-05 0.0 0.0
1178 7.43168366077e-05 0.0 0.0
1179 7.43168366077e-05 0.0 0.0
1180 7.43168366077e-05 0.0 0.0
1181 7.43168366077e-05 0.0 0.0
1182 7.43168366077e-05 0.0 0.0
1183 7.43168366077e-05 0.0 0.0
1184 7.43168366077e-05 0.0 0.0
1185 7.43168366077e-05 0.0 0.0
1186 7.43168366077e-05 0.0 0.0
1187 7.43168366077e-05 0.0 0.0
1188 7.43168366077e-05 0.0 0.0
1189 7.43168366077e-05 0.0 0.0
1190 7.43168366077e-05 0.0 0.0
1191 7.43168366077e-05 0.0 0.0
1192 7.43168366077e-05 0.0 0.0
1193 7.43168366077e-05 0.0 0.0
1194 7.43168366077e-05 0.0 0.0
1195 7.43168366077e-05 0.0 0.0
1196 7.43168366077e-05 0.0 0.0
1197 7.43168366077e-05 0.0 0.0
1198 7.43168366077e-05 0.0 0.0
1199 7.43168366077e-05 0.0 0.0
1200 7.43168366077e-05 0.0 0.0
1201 7.43168366077e-05 0.0 0.0
1202 7.43168366077e-05 0.0 0.0
1203 7.43168366077e-05 0.0 0.0
1204 7.43168366077e-05 0.0 0.0
1205 7.43168366077e-05 0.0 0.0
1206 7.43168366077e-05 0.0 0.0
1207 7.43168366077e-05 0.0 0.0
1208 7.43168366077e-05 0.0 0.0
1209 7.43168366077e-05 0.0 0.0
1210 7.43168366077e-05 0.0 0.0
1211 -0.00361667886184 0.0 0.0
1212 -0.00361667886184 0.0 0.0
1213 -0.00361667886184 0.0 0.0
1214 -0.00361667886184 0.0 0.0
1215 -0.00361667886184 0.0 0.0
1216 -0.00361667886184 0.0 0.0
1217 -0.00361667886184 0.0 0.0
1218 -0.00361667886184 0.0 0.0
1219 -0.00361667886184 0.0 0.0
1220 -0.00361667886184 0.0 0.0
1221 -0.00361667886184 0.0 0.0
1222 -0.00361667886184 0.0 0.0
1223 -0.00361667886184 0.0 0.0
1224 -0.00361667886184 0.0 0.0
1225 -0.00361667886184 0.0 0.0
1226 -0.00361667886184 0.0 0.0
1227 -0.00361667886184 0.0 0.0
1228 -0.00361667886184 0.0 0.0
1229 -0.00361667886184 0.0 0.0
1230 -0.00361667886184 0.0 0.0
1231 -0.00361667886184 0.0 0.0
1232 -0.00361667886184 0.0 0.0
1233 -0.00361667886184 0.0 0.0
1234 -0.00361667886184 0.0 0.0
1235 -0.00361667886184 0.0 0.0
1236 -0.00361667886184 0.0 0.0
1237 -0.00361667886184 0.0 0.0
1238 -0.00361667886184 0.0 0.0
1239 -0.00361667886184 0.0 0.0
1240 -0.00361667886184 0.0 0.0
1241 -0.00361667886184 0.0 0.0
1242 -0.00361667886184 0.0 0.0
1243 -0.00361667886184 0.0 0.0
1244 -0.00361667886184 0.0 0.0
1245 -0.00361667886184 0.0 0.0
1246 -0.00361667886184 0.0 0.0
1247 -0.00361667886184 0.0 0.0
1248 -0.00361667886184 0.0 0.0
1249 -0.00361667886184 0.0 0.0
1250 -0.00361667886184 0.0 0.0
1251 -0.00361667886184 0.0 0.0
1252 -0.00361667886184 0.0 0.0
1253 -0.00361667886184 0.0 0.0
1254 -0.00361667886184 0.0 0.0
1255 -0.00361667886184 0.0 0.0
1256 -0.00361667886184 0.0 0.0
1257 -0.00361667886184 0.0 0.0
1258 -0.00361667886184 0.0 0.0
1259 -0.00361667886184 0.0 0.0
1260 -0.00361667886184 0.0 0.0
1261 -0.00361667886184 0.0 0.0
1262 -0.00361667886184 0.0 0.0
1263 -0.00361667886184 0.0 0.0
1264 -0.00361667886184 0.0 0.0
1265 -0.00361667886184 0.0 0.0
1266 -0.00361667886184 0.0 0.0
1267 -0.00361667886184 0.0 0.0
1268 -0.00361667886184 0.0 0.0
1269 -0.00361667886184 0.0 0.0
1270 -0.00361667886184 0.0 0.0
1271 -0.00177011231975 0.0 0.0
1272 -0.00177011231975 0.0 0.0
1273 -0.00177011231975 0.0 0.0
1274 -0.00177011231975 0.0 0.0
1275 -0.00177011231975 0.0 0.0
1276 -0.00177011231975 0.0 0.0
1277 -0.00177011231975 0.0 0.0
1278 -0.00177011231975 0.0 0.0
1279 -0.00177011231975 0.0 0.0
1280 -0.00177011231975 0.0 0.0
1281 -0.00177011231975 0.0 0.0
1282 -0.00177011231975 0.0 0.0
1283 -0.00177011231975 0.0 0.0
1284 -0.00177011231975 0.0 0.0
1285 -0.00177011231975 0.0 0.0
1286 -0.00177011231975 0.0 0.0
1287 -0.00177011231975 0.0 0.0
1288 -0.00177011231975 0.0 0.0
1289 -0.00177011231975 0.0 0.0
1290 -0.00177011231975 0.0 0.0
1291 -0.00177011231975 0.0 0.0
1292 -0.00177011231975 0.0 0.0
1293 -0.00177011231975 0.0 0.0
1294 -0.00177011231975 0.0 0.0
1295 -0.00177011231975 0.0 0.0
1296 -0.00177011231975 0.0 0.0
1297 -0.00177011231975 0.0 0.0
1298 -0.00177011231975 0.0 0.0
1299 -0.00177011231975 0.0 0.0
1300 -0.00177011231975 0.0 0.0
1301 -0.00177011231975 0.0 0.0
1302 -0.00177011231975 0.0 0.0
1303 -0.00177011231975 0.0 0.0
1304 -0.00177011231975 0.0 0.0
1305 -0.00177011231975 0.0 0.0
1306 -0.00177011231975 0.0 0.0
1307 -0.00177011231975 0.0 0.0
1308 -0.00177011231975 0.0 0.0
1309 -0.00177011231975 0.0 0.0
1310 -0.00177011231975 0.0 0.0
1311 -0.00177011231975 0.0 0.0
1312 -0.00177011231975 0.0 0.0
1313 -0.00177011231975 0.0 0.0
1314 -0.00177011231975 0.0 0.0
1315 -0.00177011231975 0.0 0.0
1316 -0.00177011231975 0.0 0.0
1317 -0.00177011231975 0.0 0.0
1318 -0.00177011231975 0.0 0.0
1319 -0.00177011231975 0.0 0.0
1320 -0.00177011231975 0.0 0.0
1321 -0.00177011231975 0.0 0.0
1322 -0.00177011231975 0.0 0.0
1323 -0.00177011231975 0.0 0.0
1324 -0.00177011231975 0.0 0.0
1325 -0.00177011231975 0.0 0.0
1326 -0.00177011231975 0.0 0.0
1327 -0.00177011231975 0.0 0.0
1328 -0.00177011231975 0.0 0.0
1329 -0.00177011231975 0.0 0.0
1330 -0.00177011231975 0.0 0.0
1331 0.000802755064606 0.0 0.0
1332 0.000802755064606 0.0 0.0
1333 0.000802755064606 0.0 0.0
1334 0.000802755064606 0.0 0.0
1335 0.000802755064606 0.0 0.0
1336 0.000802755064606 0.0 0.0
1337 0.000802755064606 0.0 0.0
1338 0.000802755064606 0.0 0.0
1339 0.000802755064606 0.0 0.0
1340 0.000802755064606 0.0 0.0
1341 0.000802755064606 0.0 0.0
1342 0.000802755064606 0.0 0.0
1343 0.000802755064606 0.0 0.0
1344 0.000802755064606 0.0 0.0
1345 0.000802755064606 0.0 0.0
1346 0.000802755064606 0.0 0.0
1347 0.000802755064606 0.0 0.0
1348 0.000802755064606 0.0 0.0
1349 0.000802755064606 0.0 0.0
1350 0.000802755064606 0.0 0.0
1351 0.000802755064606 0.0 0.0
1352 0.000802755064606 0.0 0.0
1353 0.000802755064606 0.0 0.0
1354 0.000802755064606 0.0 0.0
1355 0.000802755064606 0.0 0.0
1356 0.000802755064606 0.0 0.0
1357 0.000802755064606 0.0 0.0
1358 0.000802755064606 0.0 0.0
1359 0.000802755064606 0.0 0.0
1360 0.000802755064606 0.0 0.0
1361 0.000802755064606 0.0 0.0
1362 0.000802755064606 0.0 0.0
1363 0.000802755064606 0.0 0.0
1364 0.000802755064606 0.0 0.0
1365 0.000802755064606 0.0 0.0
1366 0.000802755064606 0.0 0.0
1367 0.000802755064606 0.0 0.0
1368 0.000802755064606 0.0 0.0
1369 0.000802755064606 0.0 0.0
1370 0.000802755064606 0.0 0.0
1371 0.000802755064606 0.0 0.0
1372 0.000802755064606 0.0 0.0
1373 0.000802755064606 0.0 0.0
1374 0.000802755064606 0.0 0.0
1375 0.000802755064606 0.0 0.0
1376 0.000802755064606 0.0 0.0
1377 0.000802755064606 0.0 0.0
1378 0.000802755064606 0.0 0.0
1379 0.000802755064606 0.0 0.0
1380 0.000802755064606 0.0 0.0
1381 0.000802755064606 0.0 0.0
1382 0.000802755064606 0.0 0.0
1383 0.000802755064606 0.0 0.0
1384 0.000802755064606 0.0 0.0
1385 0.000802755064606 0.0 0.0
1386 0.000802755064606 0.0 0.0
1387 0.000802755064606 0.0 0.0
1388 0.000802755064606 0.0 0.0
1389 0.000802755064606 0.0 0.0
1390 0.000802755064606 0.0 0.0
1391 0.0033836301095 0.0 0.0
1392 0.0033836301095 0.0 0.0
1393 0.0033836301095 0.0 0.0
1394 0.0033836301095 0.0 0.0
1395 0.0033836301095 0.0 0.0
1396 0.0033836301095 0.0 0.0
1397 0.0033836301095 0.0 0.0
1398 0.0033836301095 0.0 0.0
1399 0.0033836301095 0.0 0.0
1400 0.0033836301095 0.0 0.0
1401 0.0033836301095 0.0 0.0
1402 0.0033836301095 0.0 0.0
1403 0.0033836301095 0.0 0.0
1404 0.0033836301095 0.0 0.0
1405 0.0033836301095 0.0 0.0
1406 0.0033836301095 0.0 0.0
1407 0.0033836301095 0.0 0.0
1408 0.0033836301095 0.0 0.0
1409 0.0033836301095 0.0 0.0
1410 0.0033836301095 0.0 0.0
1411 0.0033836301095 0.0 0.0
1412 0.0033836301095 0.0 0.0
1413 0.0033836301095 0.0 0.0
1414 0.0033836301095 0.0 0.0
1415 0.0033836301095 0.0 0.0
1416 0.0033836301095 0.0 0.0
1417 0.0033836301095 0.0 0.0
1418 0.0033836301095 0.0 0.0
1419 0.0033836301095 0.0 0.0
1420 0.0033836301095 0.0 0.0
1421 0.0033836301095 0.0 0.0
1422 0.0033836301095 0.0 0.0
1423 0.0033836301095 0.0 0.0
1424 0.0033836301095 0.0 0.0
1425 0.0033836301095 0.0 0.0
1426 0.0033836301095 0.0 0.0
1427 0.0033836301095 0.0 0.0
1428 0.0033836301095 0.0 0.0
1429 0.0033836301095 0.0 0.0
1430 0.0033836301095 0.0 0.0
1431 0.0033836301095 0.0 0.0
1432 0.0033836301095 0.0 0.0
1433 0.0033836301095 0.0 0.0
1434 0.0033836301095 0.0 0.0
1435 0.0033836301095 0.0 0.0
1436 0.0033836301095 0.0 0.0
1437 0.0033836301095 0.0 0.0
1438 0.0033836301095 0.0 0.0
1439 0.0033836301095 0.0 0.0
1440 0.0033836301095 0.0 0.0
1441 0.0033836301095 0.0 0.0
1442 0.0033836301095 0.0 0.0
1443 0.0033836301095 0.0 0.0
1444 0.0033836301095 0.0 0.0
1445 0.0033836301095 0.0 0.0
1446 0.0033836301095 0.0 0.0
1447 0.0033836301095 0.0 0.0
1448 0.0033836301095 0.0 0.0
1449 0.0033836301095 0.0 0.0
1450 0.0033836301095 0.0 0.0
1451 -0.00536329995918 0.0 0.0
1452 -0.00536329995918 0.0 0.0
1453 -0.00536329995918 0.0 0.0
1454 -0.00536329995918 0.0 0.0
1455 -0.00536329995918 0.0 0.0
1456 -0.00536329995918 0.0 0.0
1457 -0.00536329995918 0.0 0.0
1458 -0.00536329995918 0.0 0.0
1459 -0.00536329995918 0.0 0.0
1460 -0.00536329995918 0.0 0.0
1461 -0.00536329995918 0.0 0.0
1462 -0.00536329995918 0.0 0.0
1463 -0.00536329995918 0.0 0.0
1464 -0.00536329995918 0.0 0.0
1465 -0.00536329995918 0.0 0.0
1466 -0.00536329995918 0.0 0.0
1467 -0.00536329995918 0.0 0.0
1468 -0.00536329995918 0.0 0.0
1469 -0.00536329995918 0.0 0.0
1470 -0.00536329995918 0.0 0.0
1471 -0.00536329995918 0.0 0.0
1472 -0.00536329995918 0.0 0.0
1473 -0.00536329995918 0.0 0.0
1474 -0.00536329995918 0.0 0.0
1475 -0.00536329995918 0.0 0.0
1476 -0.00536329995918 0.0 0.0
1477 -0.00536329995918 0.0 0.0
1478 -0.00536329995918 0.0 0.0
1479 -0.00536329995918 0.0 0.0
1480 -0.00536329995918 0.0 0.0
1481 -0.00536329995918 0.0 0.0
1482 -0.00536329995918 0.0 0.0
1483 -0.00536329995918 0.0 0.0
1484 -0.00536329995918 0.0 0.0
1485 -0.00536329995918 0.0 0.0
1486 -0.00536329995918 0.0 0.0
1487 -0.00536329995918 0.0 0.0
1488 -0.00536329995918 0.0 0.0
1489 -0.00536329995918 0.0 0.0
1490 -0.00536329995918 0.0 0.0
1491 -0.00536329995918 0.0 0.0
1492 -0.00536329995918 0.0 0.0
1493 -0.00536329995918 0.0 0.0
1494 -0.00536329995918 0.0 0.0
1495 -0.00536329995918 0.0 0.0
1496 -0.00536329995918 0.0 0.0
1497 -0.00536329995918 0.0 0.0
1498 -0.00536329995918 0.0 0.0
1499 -0.00536329995918 0.0 0.0
1500 -0.00536329995918 0.0 0.0
1501 -0.00536329995918 0.0 0.0
1502 -0.00536329995918 0.0 0.0
1503 -0.00536329995918 0.0 0.0
1504 -0.00536329995918 0.0 0.0
1505 -0.00536329995918 0.0 0.0
1506 -0.00536329995918 0.0 0.0
1507 -0.00536329995918 0.0 0.0
1508 -0.00536329995918 0.0 0.0
1509 -0.00536329995918 0.0 0.0
1510 -0.00536329995918 0.0 0.0
1511 -0.00779730910054 0.0 0.0
1512 -0.00779730910054 0.0 0.0
1513 -0.00779730910054 0.0 0.0
1514 -0.00779730910054 0.0 0.0
1515 -0.00779730910054 0.0 0.0
1516 -0.00779730910054 0.0 0.0
1517 -0.00779730910054 0.0 0.0
1518 -0.00779730910054 0.0 0.0
1519 -0.00779730910054 0.0 0.0
1520 -0.00779730910054 0.0 0.0
1521 -0.00779730910054 0.0 0.0
1522 -0.00779730910054 0.0 0.0
1523 -0.00779730910054 0.0 0.0
1524 -0.00779730910054 0.0 0.0
1525 -0.00779730910054 0.0 0.0
1526 -0.00779730910054 0.0 0.0
1527 -0.00779730910054 0.0 0.0
1528 -0.00779730910054 0.0 0.0
1529 -0.00779730910054 0.0 0.0
1530 -0.00779730910054 0.0 0.0
1531 -0.00779730910054 0.0 0.0
1532 -0.00779730910054 0.0 0.0
1533 -0.00779730910054 0.0 0.0
1534 -0.00779730910054 0.0 0.0
1535 -0.00779730910054 0.0 0.0
1536 -0.00779730910054 0.0 0.0
1537 -0.00779730910054 0.0 0.0
1538 -0.00779730910054 0.0 0.0
1539 -0.00779730910054 0.0 0.0
1540 -0.00779730910054 0.0 0.0
1541 -0.00779730910054 0.0 0.0
1542 -0.00779730910054 0.0 0.0
1543 -0.00779730910054 0.0 0.0
1544 -0.00779730910054 0.0 0.0
1545 -0.00779730910054 0.0 0.0
1546 -0.00779730910054 0.0 0.0
1547 -0.00779730910054 0.0 0.0
1548 -0.00779730910054 0.0 0.0
1549 -0.00779730910054 0.0 0.0
1550 -0.00779730910054 0.0 0.0
1551 -0.00779730910054 0.0 0.0
1552 -0.00779730910054 0.0 0.0
1553 -0.00779730910054 0.0 0.0
1554 -0.00779730910054 0.0 0.0
1555 -0.00779730910054 0.0 0.0
1556 -0.00779730910054 0.0 0.0
1557 -0.00779730910054 0.0 0.0
1558 -0.00779730910054 0.0 0.0
1559 -0.00779730910054 0.0 0.0
1560 -0.00779730910054 0.0 0.0
1561 -0.00779730910054 0.0 0.0
1562 -0.00779730910054 0.0 0.0
1563 -0.00779730910054 0.0 0.0
1564 -0.00779730910054 0.0 0.0
1565 -0.00779730910054 0.0 0.0
1566 -0.00779730910054 0.0 0.0
1567 -0.00779730910054 0.0 0.0
1568 -0.00779730910054 0.0 0.0
1569 -0.00779730910054 0.0 0.0
1570 -0.00779730910054 0.0 0.0
1571 -0.00041844426224 0.0 0.0
1572 -0.00041844426224 0.0 0.0
1573 -0.00041844426224 0.0 0.0
1574 -0.00041844426224 0.0 0.0
1575 -0.00041844426224 0.0 0.0
1576 -0.00041844426224 0.0 0.0
1577 -0.00041844426224 0.0 0.0
1578 -0.00041844426224 0.0 0.0
1579 -0.00041844426224 0.0 0.0
1580 -0.00041844426224 0.0 0.0
1581 -0.00041844426224 0.0 0.0
1582 -0.00041844426224 0.0 0.0
1583 -0.00041844426224 0.0 0.0
1584 -0.00041844426224 0.0 0.0
1585 -0.00041844426224 0.0 0.0
1586 -0.00041844426224 0.0 0.0
1587 -0.00041844426224 0.0 0.0
1588 -0.00041844426224 0.0 0.0
1589 -0.00041844426224 0.0 0.0
1590 -0.00041844426224 0.0 0.0
1591 -0.00041844426224 0.0 0.0
1592 -0.00041844426224 0.0 0.0
1593 -0.00041844426224 0.0 0.0
1594 -0.00041844426224 0.0 0.0
1595 -0.00041844426224 0.0 0.0
1596 -0.00041844426224 0.0 0.0
1597 -0.00041844426224 0.0 0.0
1598 -0.00041844426224 0.0 0.0
1599 -0.00041844426224 0.0 0.0
1600 -0.00041844426224 0.0 0.0
1601 -0.00041844426224 0.0 0.0
1602 -0.00041844426224 0.0 0.0
1603 -0.00041844426224 0.0 0.0
1604 -0.00041844426224 0.0 0.0
1605 -0.00041844426224 0.0 0.0
1606 -0.00041844426224 0.0 0.0
1607 -0.00041844426224 0.0 0.0
1608 -0.00041844426224 0.0 0.0
1609 -0.00041844426224 0.0 0.0
1610 -0.00041844426224 0.0 0.0
1611 -0.00041844426224 0.0 0.0
1612 -0.00041844426224 0.0 0.0
1613 -0.00041844426224 0.0 0.0
1614 -0.00041844426224 0.0 0.0
1615 -0.00041844426224 0.0 0.0
1616 -0.00041844426224 0.0 0.0
1617 -0.00041844426224 0.0 0.0
1618 -0.00041844426224 0.0 0.0
1619 -0.00041844426224 0.0 0.0
1620 -0.00041844426224 0.0 0.0
1621 -0.00041844426224 0.0 0.0
1622 -0.00041844426224 0.0 0.0
1623 -0.00041844426224 0.0 0.0
1624 -0.00041844426224 0.0 0.0
1625 -0.00041844426224 0.0 0.0
1626 -0.00041844426224 0.0 0.0
1627 -0.00041844426224 0.0 0.0
1628 -0.00041844426224 0.0 0.0
1629 -0.00041844426224 0.0 0.0
1630 -0.00041844426224 0.0 0.0
1631 -0.00041844426224 0.0 0.0
1632 -0.00041844426224 0.0 0.0
1633 -0.00041844426224 0.0 0.0
1634 -0.00041844426224 0.0 0.0
1635 -0.00041844426224 0.0 0.0
1636 -0.00041844426224 0.0 0.0
1637 -0.00041844426224 0.0 0.0
1638 -0.00041844426224 0.0 0.0
1639 -0.00041844426224 0.0 0.0
1640 -0.00041844426224 0.0 0.0
1641 -0.00041844426224 0.0 0.0
1642 -0.00041844426224 0.0 0.0
1643 -0.00041844426224 0.0 0.0
1644 -0.00041844426224 0.0 0.0
1645 -0.00041844426224 0.0 0.0
1646 -0.00041844426224 0.0 0.0
1647 -0.00041844426224 0.0 0.0
1648 -0.00041844426224 0.0 0.0
1649 -0.00041844426224 0.0 0.0
1650 -0.00041844426224 0.0 0.0
1651 -0.00334357133813 0.0 0.0
1652 -0.00334357133813 0.0 0.0
1653 -0.00334357133813 0.0 0.0
1654 -0.00334357133813 0.0 0.0
1655 -0.00334357133813 0.0 0.0
1656 -0.00334357133813 0.0 0.0
1657 -0.00334357133813 0.0 0.0
1658 -0.00334357133813 0.0 0.0
1659 -0.00334357133813 0.0 0.0
1660 -0.00334357133813 0.0 0.0
1661 -0.00334357133813 0.0 0.0
1662 -0.00334357133813 0.0 0.0
1663 -0.00334357133813 0.0 0.0
1664 -0.00334357133813 0.0 0.0
1665 -0.00334357133813 0.0 0.0
1666 -0.00334357133813 0.0 0.0
1667 -0.00334357133813 0.0 0.0
1668 -0.00334357133813 0.0 0.0
1669 -0.00334357133813 0.0 0.0
1670 -0.00334357133813 0.0 0.0
1671 -0.00334357133813 0.0 0.0
1672 -0.00334357133813 0.0 0.0
1673 -0.00334357133813 0.0 0.0
1674 -0.00334357133813 0.0 0.0
1675 -0.00334357133813 0.0 0.0
1676 -0.00334357133813 0.0 0.0
1677 -0.00334357133813 0.0 0.0
1678 -0.00334357133813 0.0 0.0
1679 -0.00334357133813 0.0 0.0
1680 -0.00334357133813 0.0 0.0
1681 -0.00334357133813 0.0 0.0
1682 -0.00334357133813 0.0 0.0
1683 -0.00334357133813 0.0 0.0
1684 -0.00334357133813 0.0 0.0
1685 -0.00334357133813 0.0 0.0
1686 -0.00334357133813 0.0 0.0
1687 -0.00334357133813 0.0 0.0
1688 -0.00334357133813 0.0 0.0
1689 -0.00334357133813 0.0 0.0
1690 -0.00334357133813 0.0 0.0
1691 -0.00334357133813 0.0 0.0
1692 -0.00334357133813 0.0 0.0
1693 -0.00334357133813 0.0 0.0
1694 -0.00334357133813 0.0 0.0
1695 -0.00334357133813 0.0 0.0
1696 -0.00334357133813 0.0 0.0
1697 -0.00334357133813 0.0 0.0
1698 -0.00334357133813 0.0 0.0
1699 -0.00334357133813 0.0 0.0
1700 -0.00334357133813 0.0 0.0
1701 -0.00334357133813 0.0 0.0
1702 -0.00334357133813 0.0 0.0
1703 -0.00334357133813 0.0 0.0
1704 -0.00334357133813 0.0 0.0
1705 -0.00334357133813 0.0 0.0
1706 -0.00334357133813 0.0 0.0
1707 -0.00334357133813 0.0 0.0
1708 -0.00334357133813 0.0 0.0
1709 -0.00334357133813 0.0 0.0
1710 -0.00334357133813 0.0 0.0
1711 -0.00334357133813 0.0 0.0
1712 -0.00334357133813 0.0 0.0
1713 -0.00334357133813 0.0 0.0
1714 -0.00334357133813 0.0 0.0
1715 -0.00334357133813 0.0 0.0
1716 -0.00334357133813 0.0 0.0
1717 -0.00334357133813 0.0 0.0
1718 -0.00334357133813 0.0 0.0
1719 -0.00334357133813 0.0 0.0
1720 -0.00334357133813 0.0 0.0
1721 -0.00334357133813 0.0 0.0
1722 -0.00334357133813 0.0 0.0
1723 -0.00334357133813 0.0 0.0
1724 -0.00334357133813 0.0 0.0
1725 -0.00334357133813 0.0 0.0
1726 -0.00334357133813 0.0 0.0
1727 -0.00334357133813 0.0 0.0
1728 -0.00334357133813 0.0 0.0
1729 -0.00334357133813 0.0 0.0
1730 -0.00334357133813 0.0 0.0
1731 -0.00334357133813 0.0 0.0
1732 -0.00334357133813 0.0 0.0
1733 -0.00334357133813 0.0 0.0
1734 -0.00334357133813 0.0 0.0
1735 -0.00334357133813 0.0 0.0
1736 -0.00334357133813 0.0 0.0
1737 -0.00334357133813 0.0 0.0
1738 -0.00334357133813 0.0 0.0
1739 -0.00334357133813 0.0 0.0
1740 -0.00334357133813 0.0 0.0
1741 -0.00334357133813 0.0 0.0
1742 -0.00334357133813 0.0 0.0
1743 -0.00334357133813 0.0 0.0
1744 -0.00334357133813 0.0 0.0
1745 -0.00334357133813 0.0 0.0
1746 -0.00334357133813 0.0 0.0
1747 -0.00334357133813 0.0 0.0
1748 -0.00334357133813 0.0 0.0
1749 -0.00334357133813 0.0 0.0
1750 -0.00334357133813 0.0 0.0
1751 0.000975115056889 0.0 0.0
1752 0.000975115056889 0.0 0.0
1753 0.000975115056889 0.0 0.0
1754 0.000975115056889 0.0 0.0
1755 0.000975115056889 0.0 0.0
1756 0.000975115056889 0.0 0.0
1757 0.000975115056889 0.0 0.0
1758 0.000975115056889 0.0 0.0
1759 0.000975115056889 0.0 0.0
1760 0.000975115056889 0.0 0.0
1761 0.000975115056889 0.0 0.0
1762 0.000975115056889 0.0 0.0
1763 0.000975115056889 0.0 0.0
1764 0.000975115056889 0.0 0.0
1765 0.000975115056889 0.0 0.0
1766 0.000975115056889 0.0 0.0
1767 0.000975115056889 0.0 0.0
1768 0.000975115056889 0.0 0.0
1769 0.000975115056889 0.0 0.0
1770 0.000975115056889 0.0 0.0
1771 0.000975115056889 0.0 0.0
1772 0.000975115056889 0.0 0.0
1773 0.000975115056889 0.0 0.0
1774 0.000975115056889 0.0 0.0
1775 0.000975115056889 0.0 0.0
1776 0.000975115056889 0.0 0.0
1777 0.000975115056889 0.0 0.0
1778 0.000975115056889 0.0 0.0
1779 0.000975115056889 0.0 0.0
1780 0.000975115056889 0.0 0.0
1781 0.000975115056889 0.0 0.0
1782 0.000975115056889 0.0 0.0
1783 0.000975115056889 0.0 0.0
1784 0.000975115056889 0.0 0.0
1785 0.000975115056889 0.0 0.0
1786 0.000975115056889 0.0 0.0
1787 0.000975115056889 0.0 0.0
1788 0.000975115056889 0.0 0.0
1789 0.000975115056889 0.0 0.0
1790 0.000975115056889 0.0 0.0
1791 0.000975115056889 0.0 0.0
1792 0.000975115056889 0.0 0.0
1793 0.000975115056889 0.0 0.0
1794 0.000975115056889 0.0 0.0
1795 0.000975115056889 0.0 0.0
1796 0.000975115056889 0.0 0.0
1797 0.000975115056889 0.0 0.0
1798 0.000975115056889 0.0 0.0
1799 0.000975115056889 0.0 0.0
1800 0.000975115056889 0.0 0.0
1801 0.000975115056889 0.0 0.0
1802 0.000975115056889 0.0 0.0
1803 0.000975115056889 0.0 0.0
1804 0.000975115056889 0.0 0.0
1805 0.000975115056889 0.0 0.0
1806 0.000975115056889 0.0 0.0
1807 0.000975115056889 0.0 0.0
1808 0.000975115056889 0.0 0.0
1809 0.000975115056889 0.0 0.0
1810 0.000975115056889 0.0 0.0
1811 0.000975115056889 0.0 0.0
1812 0.000975115056889 0.0 0.0
1813 0.000975115056889 0.0 0.0
1814 0.000975115056889 0.0 0.0
1815 0.000975115056889 0.0 0.0
1816 0.000975115056889 0.0 0.0
1817 0.000975115056889 0.0 0.0
1818 0.000975115056889 0.0 0.0
1819 0.000975115056889 0.0 0.0
1820 0.000975115056889 0.0 0.0
1821 0.000975115056889 0.0 0.0
1822 0.000975115056889 0.0 0.0
1823 0.000975115056889 0.0 0.0
1824 0.000975115056889 0.0 0.0
1825 0.000975115056889 0.0 0.0
1826 0.000975115056889 0.0 0.0
1827 0.000975115056889 0.0 0.0
1828 0.000975115056889 0.0 0.0
1829 0.000975115056889 0.0 0.0
1830 0.000975115056889 0.0 0.0
1831 0.000975115056889 0.0 0.0
1832 0.000975115056889 0.0 0.0
1833 0.000975115056889 0.0 0.0
1834 0.000975115056889 0.0 0.0
1835 0.000975115056889 0.0 0.0
1836 0.000975115056889 0.0 0.0
1837 0.000975115056889 0.0 0.0
1838 0.000975115056889 0.0 0.0
1839 0.000975115056889 0.0 0.0
1840 0.000975115056889 0.0 0.0
1841 0.000975115056889 0.0 0.0
1842 0.000975115056889 0.0 0.0
1843 0.000975115056889 0.0 0.0
1844 0.000975115056889 0.0 0.0
1845 0.000975115056889 0.0 0.0
1846 0.000975115056889 0.0 0.0
1847 0.000975115056889 0.0 0.0
1848 0.000975115056889 0.0 0.0
1849 0.000975115056889 0.0 0.0
1850 0.000975115056889 0.0 0.0
1851 -0.000704834491992 0.0 0.0
1852 -0.000704834491992 0.0 0.0
1853 -0.000704834491992 0.0 0.0
1854 -0.000704834491992 0.0 0.0
1855 -0.000704834491992 0.0 0.0
1856 -0.000704834491992 0.0 0.0
1857 -0.000704834491992 0.0 0.0
1858 -0.000704834491992 0.0 0.0
1859 -0.000704834491992 0.0 0.0
1860 -0.000704834491992 0.0 0.0
1861 -0.000704834491992 0.0 0.0
1862 -0.000704834491992 0.0 0.0
1863 -0.000704834491992 0.0 0.0
1864 -0.000704834491992 0.0 0.0
1865 -0.000704834491992 0.0 0.0
1866 -0.000704834491992 0.0 0.0
1867 -0.000704834491992 0.0 0.0
1868 -0.000704834491992 0.0 0.0
1869 -0.000704834491992 0.0 0.0
1870 -0.000704834491992 0.0 0.0
1871 -0.000704834491992 0.0 0.0
1872 -0.000704834491992 0.0 0.0
1873 -0.000704834491992 0.0 0.0
1874 -0.000704834491992 0.0 0.0
1875 -0.000704834491992 0.0 0.0
1876 -0.000704834491992 0.0 0.0
1877 -0.000704834491992 0.0 0.0
1878 -0.000704834491992 0.0 0.0
1879 -0.000704834491992 0.0 0.0
1880 -0.000704834491992 0.0 0.0
1881 -0.000704834491992 0.0 0.0
1882 -0.000704834491992 0.0 0.0
1883 -0.000704834491992 0.0 0.0
1884 -0.000704834491992 0.0 0.0
1885 -0.000704834491992 0.0 0.0
1886 -0.000704834491992 0.0 0.0
1887 -0.000704834491992 0.0 0.0
1888 -0.000704834491992 0.0 0.0
1889 -0.000704834491992 0.0 0.0
1890 -0.000704834491992 0.0 0.0
1891 -0.000704834491992 0.0 0.0
1892 -0.000704834491992 0.0 0.0
1893 -0.000704834491992 0.0 0.0
1894 -0.000704834491992 0.0 0.0
1895 -0.000704834491992 0.0 0.0
1896 -0.000704834491992 0.0 0.0
1897 -0.000704834491992 0.0 0.0
1898 -0.000704834491992 0.0 0.0
1899 -0.000704834491992 0.0 0.0
1900 -0.000704834491992 0.0 0.0
1901 -0.000704834491992 0.0 0.0
1902 -0.000704834491992 0.0 0.0
1903 -0.000704834491992 0.0 0.0
1904 -0.000704834491992 0.0 0.0
1905 -0.000704834491992 0.0 0.0
1906 -0.000704834491992 0.0 0.0
1907 -0.000704834491992 0.0 0.0
1908 -0.000704834491992 0.0 0.0
1909 -0.000704834491992 0.0 0.0
1910 -0.000704834491992 0.0 0.0
1911 -0.000704834491992 0.0 0.0
1912 -0.000704834491992 0.0 0.0
1913 -0.000704834491992 0.0 0.0
1914 -0.000704834491992 0.0 0.0
1915 -0.000704834491992 0.0 0.0
1916 -0.000704834491992 0.0 0.0
1917 -0.000704834491992 0.0 0.0
1918 -0.000704834491992 0.0 0.0
1919 -0.000704834491992 0.0 0.0
1920 -0.000704834491992 0.0 0.0
1921 -0.000704834491992 0.0 0.0
1922 -0.000704834491992 0.0 0.0
1923 -0.000704834491992 0.0 0.0
1924 -0.000704834491992 0.0 0.0
1925 -0.000704834491992 0.0 0.0
1926 -0.000704834491992 0.0 0.0
1927 -0.000704834491992 0.0 0.0
1928 -0.000704834491992 0.0 0.0
1929 -0.000704834491992 0.0 0.0
1930 -0.000704834491992 0.0 0.0
1931 -0.000704834491992 0.0 0.0
1932 -0.000704834491992 0.0 0.0
1933 -0.000704834491992 0.0 0.0
1934 -0.000704834491992 0.0 0.0
1935 -0.000704834491992 0.0 0.0
1936 -0.000704834491992 0.0 0.0
1937 -0.000704834491992 0.0 0.0
1938 -0.000704834491992 0.0 0.0
1939 -0.000704834491992 0.0 0.0
1940 -0.000704834491992 0.0 0.0
1941 -0.000704834491992 0.0 0.0
1942 -0.000704834491992 0.0 0.0
1943 -0.000704834491992 0.0 0.0
1944 -0.000704834491992 0.0 0.0
1945 -0.000704834491992 0.0 0.0
1946 -0.000704834491992 0.0 0.0
1947 -0.000704834491992 0.0 0.0
1948 -0.000704834491992 0.0 0.0
1949 -0.000704834491992 0.0 0.0
1950 -0.000704834491992 0.0 0.0
1951 -0.00481041009595 0.0 0.0
1952 -0.00481041009595 0.0 0.0
1953 -0.00481041009595 0.0 0.0
1954 -0.00481041009595 0.0 0.0
1955 -0.00481041009595 0.0 0.0
1956 -0.00481041009595 0.0 0.0
1957 -0.00481041009595 0.0 0.0
1958 -0.00481041009595 0.0 0.0
1959 -0.00481041009595 0.0 0.0
1960 -0.00481041009595 0.0 0.0
1961 -0.00481041009595 0.0 0.0
1962 -0.00481041009595 0.0 0.0
1963 -0.00481041009595 0.0 0.0
1964 -0.00481041009595 0.0 0.0
1965 -0.00481041009595 0.0 0.0
1966 -0.00481041009595 0.0 0.0
1967 -0.00481041009595 0.0 0.0
1968 -0.00481041009595 0.0 0.0
1969 -0.00481041009595 0.0 0.0
1970 -0.00481041009595 0.0 0.0
1971 -0.00481041009595 0.0 0.0
1972 -0.00481041009595 0.0 0.0
1973 -0.00481041009595 0.0 0.0
1974 -0.00481041009595 0.0 0.0
1975 -0.00481041009595 0.0 0.0
1976 -0.00481041009595 0.0 0.0
1977 -0.00481041009595 0.0 0.0
1978 -0.00481041009595 0.0 0.0
1979 -0.00481041009595 0.0 0.0
1980 -0.00481041009595 0.0 0.0
1981 -0.00481041009595 0.0 0.0
1982 -0.00481041009595 0.0 0.0
1983 -0.00481041009595 0.0 0.0
1984 -0.00481041009595 0.0 0.0
1985 -0.00481041009595 0.0 0.0
1986 -0.00481041009595 0.0 0.0
1987 -0.00481041009595 0.0 0.0
1988 -0.00481041009595 0.0 0.0
1989 -0.00481041009595 0.0 0.0
1990 -0.00481041009595 0.0 0.0
1991 -0.00481041009595 0.0 0.0
1992 -0.00481041009595 0.0 0.0
1993 -0.00481041009595 0.0 0.0
1994 -0.00481041009595 0.0 0.0
1995 -0.00481041009595 0.0 0.0
1996 -0.00481041009595 0.0 0.0
1997 -0.00481041009595 0.0 0.0
1998 -0.00481041009595 0.0 0.0
1999 -0.00481041009595 0.0 0.0
2000 -0.00481041009595 0.0 0.0
2001 -0.00481041009595 0.0 0.0
2002 -0.00481041009595 0.0 0.0
2003 -0.00481041009595 0.0 0.0
2004 -0.00481041009595 0.0 0.0
2005 -0.00481041009595 0.0 0.0
2006 -0.00481041009595 0.0 0.0
2007 -0.00481041009595 0.0 0.0
2008 -0.00481041009595 0.0 0.0
2009 -0.00481041009595 0.0 0.0
2010 -0.00481041009595 0.0 0.0
2011 -0.00481041009595 0.0 0.0
2012 -0.00481041009595 0.0 0.0
2013 -0.00481041009595 0.0 0.0
2014 -0.00481041009595 0.0 0.0
2015 -0.00481041009595 0.0 0.0
2016 -0.00481041009595 0.0 0.0
2017 -0.00481041009595 0.0 0.0
2018 -0.00481041009595 0.0 0.0
2019 -0.00481041009595 0.0 0.0
2020 -0.00481041009595 0.0 0.0
2021 -0.00481041009595 0.0 0.0
2022 -0.00481041009595 0.0 0.0
2023 -0.00481041009595 0.0 0.0
2024 -0.00481041009595 0.0 0.0
2025 -0.00481041009595 0.0 0.0
2026 -0.00481041009595 0.0 0.0
2027 -0.00481041009595 0.0 0.0
2028 -0.00481041009595 0.0 0.0
2029 -0.00481041009595 0.0 0.0
2030 -0.00481041009595 0.0 0.0
2031 -0.00481041009595 0.0 0.0
2032 -0.00481041009595 0.0 0.0
2033 -0.00481041009595 0.0 0.0
2034 -0.00481041009595 0.0 0.0
2035 -0.00481041009595 0.0 0.0
2036 -0.00481041009595 0.0 0.0
2037 -0.00481041009595 0.0 0.0
2038 -0.00481041009595 0.0 0.0
2039 -0.00481041009595 0.0 0.0
2040 -0.00481041009595 0.0 0.0
2041 -0.00481041009595 0.0 0.0
2042 -0.00481041009595 0.0 0.0
2043 -0.00481041009595 0.0 0.0
2044 -0.00481041009595 0.0 0.0
2045 -0.00481041009595 0.0 0.0
2046 -0.00481041009595 0.0 0.0
2047 -0.00481041009595 0.0 0.0
2048 -0.00481041009595 0.0 0.0
2049 -0.00481041009595 0.0 0.0
2050 -0.00481041009595 0.0 0.0
2051 -0.00481041009595 0.0 0.0
2052 -0.00481041009595 0.0 0.0
2053 -0.00481041009595 0.0 0.0
2054 -0.00481041009595 0.0 0.0
2055 -0.00481041009595 0.0 0.0
2056 -0.00481041009595 0.0 0.0
2057 -0.00481041009595 0.0 0.0
2058 -0.00481041009595 0.0 0.0
2059 -0.00481041009595 0.0 0.0
2060 -0.00481041009595 0.0 0.0
2061 -0.00481041009595 0.0 0.0
2062 -0.00481041009595 0.0 0.0
2063 -0.00481041009595 0.0 0.0
2064 -0.00481041009595 0.0 0.0
2065 -0.00481041009595 0.0 0.0
2066 -0.00481041009595 0.0 0.0
2067 -0.00481041009595 0.0 0.0
2068 -0.00481041009595 0.0 0.0
2069 -0.00481041009595 0.0 0.0
2070 -0.00481041009595 0.0 0.0
2071 -0.00481041009595 0.0 0.0
2072 -0.00481041009595 0.0 0.0
2073 -0.00481041009595 0.0 0.0
2074 -0.00481041009595 0.0 0.0
2075 -0.00481041009595 0.0 0.0
2076 -0.00481041009595 0.0 0.0
2077 -0.00481041009595 0.0 0.0
2078 -0.00481041009595 0.0 0.0
2079 -0.00481041009595 0.0 0.0
2080 -0.00481041009595 0.0 0.0
2081 -0.00481041009595 0.0 0.0
2082 -0.00481041009595 0.0 0.0
2083 -0.00481041009595 0.0 0.0
2084 -0.00481041009595 0.0 0.0
2085 -0.00481041009595 0.0 0.0
2086 -0.00481041009595 0.0 0.0
2087 -0.00481041009595 0.0 0.0
2088 -0.00481041009595 0.0 0.0
2089 -0.00481041009595 0.0 0.0
2090 -0.00481041009595 0.0 0.0
2091 -0.00481041009595 0.0 0.0
2092 -0.00481041009595 0.0 0.0
2093 -0.00481041009595 0.0 0.0
2094 -0.00481041009595 0.0 0.0
2095 -0.00481041009595 0.0 0.0
2096 -0.00481041009595 0.0 0.0
2097 -0.00481041009595 0.0 0.0
2098 -0.00481041009595 0.0 0.0
2099 -0.00481041009595 0.0 0.0
2100 -0.00481041009595 0.0 0.0
2101 -0.00218337843545 0.0 0.0
2102 -0.00218337843545 0.0 0.0
2103 -0.00218337843545 0.0 0.0
2104 -0.00218337843545 0.0 0.0
2105 -0.00218337843545 0.0 0.0
2106 -0.00218337843545 0.0 0.0
2107 -0.00218337843545 0.0 0.0
2108 -0.00218337843545 0.0 0.0
2109 -0.00218337843545 0.0 0.0
2110 -0.00218337843545 0.0 0.0
2111 -0.00218337843545 0.0 0.0
2112 -0.00218337843545 0.0 0.0
2113 -0.00218337843545 0.0 0.0
2114 -0.00218337843545 0.0 0.0
2115 -0.00218337843545 0.0 0.0
2116 -0.00218337843545 0.0 0.0
2117 -0.00218337843545 0.0 0.0
2118 -0.00218337843545 0.0 0.0
2119 -0.00218337843545 0.0 0.0
2120 -0.00218337843545 0.0 0.0
2121 -0.00218337843545 0.0 0.0
2122 -0.00218337843545 0.0 0.0
2123 -0.00218337843545 0.0 0.0
2124 -0.00218337843545 0.0 0.0
2125 -0.00218337843545 0.0 0.0
2126 -0.00218337843545 0.0 0.0
2127 -0.00218337843545 0.0 0.0
2128 -0.00218337843545 0.0 0.0
2129 -0.00218337843545 0.0 0.0
2130 -0.00218337843545 0.0 0.0
2131 -0.00218337843545 0.0 0.0
2132 -0.00218337843545 0.0 0.0
2133 -0.00218337843545 0.0 0.0
2134 -0.00218337843545 0.0 0.0
2135 -0.00218337843545 0.0 0.0
2136 -0.00218337843545 0.0 0.0
2137 -0.00218337843545 0.0 0.0
2138 -0.00218337843545 0.0 0.0
2139 -0.00218337843545 0.0 0.0
2140 -0.00218337843545 0.0 0.0
2141 -0.00218337843545 0.0 0.0
2142 -0.00218337843545 0.0 0.0
2143 -0.00218337843545 0.0 0.0
2144 -0.00218337843545 0.0 0.0
2145 -0.00218337843545 0.0 0.0
2146 -0.00218337843545 0.0 0.0
2147 -0.00218337843545 0.0 0.0
2148 -0.00218337843545 0.0 0.0
2149 -0.00218337843545 0.0 0.0
2150 -0.00218337843545 0.0 0.0
2151 -0.00218337843545 0.0 0.0
2152 -0.00218337843545 0.0 0.0
2153 -0.00218337843545 0.0 0.0
2154 -0.00218337843545 0.0 0.0
2155 -0.00218337843545 0.0 0.0
2156 -0.00218337843545 0.0 0.0
2157 -0.00218337843545 0.0 0.0
2158 -0.00218337843545 0.0 0.0
2159 -0.00218337843545 0.0 0.0
2160 -0.00218337843545 0.0 0.0
2161 -0.00218337843545 0.0 0.0
2162 -0.00218337843545 0.0 0.0
2163 -0.00218337843545 0.0 0.0
2164 -0.00218337843545 0.0 0.0
2165 -0.00218337843545 0.0 0.0
2166 -0.00218337843545 0.0 0.0
2167 -0.00218337843545 0.0 0.0
2168 -0.00218337843545 0.0 0.0
2169 -0.00218337843545 0.0 0.0
2170 -0.00218337843545 0.0 0.0
2171 -0.00218337843545 0.0 0.0
2172 -0.00218337843545 0.0 0.0
2173 -0.00218337843545 0.0 0.0
2174 -0.00218337843545 0.0 0.0
2175 -0.00218337843545 0.0 0.0
2176 -0.00218337843545 0.0 0.0
2177 -0.00218337843545 0.0 0.0
2178 -0.00218337843545 0.0 0.0
2179 -0.00218337843545 0.0 0.0
2180 -0.00218337843545 0.0 0.0
2181 -0.00218337843545 0.0 0.0
2182 -0.00218337843545 0.0 0.0
2183 -0.00218337843545 0.0 0.0
2184 -0.00218337843545 0.0 0.0
2185 -0.00218337843545 0.0 0.0
2186 -0.00218337843545 0.0 0.0
2187 -0.00218337843545 0.0 0.0
2188 -0.00218337843545 0.0 0.0
2189 -0.00218337843545 0.0 0.0
2190 -0.00218337843545 0.0 0.0
2191 -0.00218337843545 0.0 0.0
2192 -0.00218337843545 0.0 0.0
2193 -0.00218337843545 0.0 0.0
2194 -0.00218337843545 0.0 0.0
2195 -0.00218337843545 0.0 0.0
2196 -0.00218337843545 0.0 0.0
2197 -0.00218337843545 0.0 0.0
2198 -0.00218337843545 0.0 0.0
2199 -0.00218337843545 0.0 0.0
2200 -0.00218337843545 0.0 0.0
2201 -0.00218337843545 0.0 0.0
2202 -0.00218337843545 0.0 0.0
2203 -0.00218337843545 0.0 0.0
2204 -0.00218337843545 0.0 0.0
2205 -0.00218337843545 0.0 0.0
2206 -0.00218337843545 0.0 0.0
2207 -0.00218337843545 0.0 0.0
2208 -0.00218337843545 0.0 0.0
2209 -0.00218337843545 0.0 0.0
2210 -0.00218337843545 0.0 0.0
2211 -0.00218337843545 0.0 0.0
2212 -0.00218337843545 0.0 0.0
2213 -0.00218337843545 0.0 0.0
2214 -0.00218337843545 0.0 0.0
2215 -0.00218337843545 0.0 0.0
2216 -0.00218337843545 0.0 0.0
2217 -0.00218337843545 0.0 0.0
2218 -0.00218337843545 0.0 0.0
2219 -0.00218337843545 0.0 0.0
2220 -0.00218337843545 0.0 0.0
2221 -0.00218337843545 0.0 0.0
2222 -0.00218337843545 0.0 0.0
2223 -0.00218337843545 0.0 0.0
2224 -0.00218337843545 0.0 0.0
2225 -0.00218337843545 0.0 0.0
2226 -0.00218337843545 0.0 0.0
2227 -0.00218337843545 0.0 0.0
2228 -0.00218337843545 0.0 0.0
2229 -0.00218337843545 0.0 0.0
2230 -0.00218337843545 0.0 0.0
2231 -0.00218337843545 0.0 0.0
2232 -0.00218337843545 0.0 0.0
2233 -0.00218337843545 0.0 0.0
2234 -0.00218337843545 0.0 0.0
2235 -0.00218337843545 0.0 0.0
2236 -0.00218337843545 0.0 0.0
2237 -0.00218337843545 0.0 0.0
2238 -0.00218337843545 0.0 0.0
2239 -0.00218337843545 0.0 0.0
2240 -0.00218337843545 0.0 0.0
2241 -0.00218337843545 0.0 0.0
2242 -0.00218337843545 0.0 0.0
2243 -0.00218337843545 0.0 0.0
2244 -0.00218337843545 0.0 0.0
2245 -0.00218337843545 0.0 0.0
2246 -0.00218337843545 0.0 0.0
2247 -0.00218337843545 0.0 0.0
2248 -0.00218337843545 0.0 0.0
2249 -0.00218337843545 0.0 0.0
2250 -0.00218337843545 0.0 0.0
2251 -0.00218337843545 0.0 0.0
2252 -0.00218337843545 0.0 0.0
2253 -0.00218337843545 0.0 0.0
2254 -0.00218337843545 0.0 0.0
2255 -0.00218337843545 0.0 0.0
2256 -0.00218337843545 0.0 0.0
2257 -0.00218337843545 0.0 0.0
2258 -0.00218337843545 0.0 0.0
2259 -0.00218337843545 0.0 0.0
2260 -0.00218337843545 0.0 0.0
2261 -0.00218337843545 0.0 0.0
2262 -0.00218337843545 0.0 0.0
2263 -0.00218337843545 0.0 0.0
2264 -0.00218337843545 0.0 0.0
2265 -0.00218337843545 0.0 0.0
2266 -0.00218337843545 0.0 0.0
2267 -0.00218337843545 0.0 0.0
2268 -0.00218337843545 0.0 0.0
2269 -0.00218337843545 0.0 0.0
2270 -0.00218337843545 0.0 0.0
2271 -0.00218337843545 0.0 0.0
2272 -0.00218337843545 0.0 0.0
2273 -0.00218337843545 0.0 0.0
2274 -0.00218337843545 0.0 0.0
2275 -0.00218337843545 0.0 0.0
2276 -0.00218337843545 0.0 0.0
2277 -0.00218337843545 0.0 0.0
2278 -0.00218337843545 0.0 0.0
2279 -0.00218337843545 0.0 0.0
2280 -0.00218337843545 0.0 0.0
2281 -0.00218337843545 0.0 0.0
2282 -0.00218337843545 0.0 0.0
2283 -0.00218337843545 0.0 0.0
2284 -0.00218337843545 0.0 0.0
2285 -0.00218337843545 0.0 0.0
2286 -0.00218337843545 0.0 0.0
2287 -0.00218337843545 0.0 0.0
2288 -0.00218337843545 0.0 0.0
2289 -0.00218337843545 0.0 0.0
2290 -0.00218337843545 0.0 0.0
2291 -0.00218337843545 0.0 0.0
2292 -0.00218337843545 0.0 0.0
2293 -0.00218337843545 0.0 0.0
2294 -0.00218337843545 0.0 0.0
2295 -0.00218337843545 0.0 0.0
2296 -0.00218337843545 0.0 0.0
2297 -0.00218337843545 0.0 0.0
2298 -0.00218337843545 0.0 0.0
2299 -0.00218337843545 0.0 0.0
2300 -0.00218337843545 0.0 0.0
2301 0.00262922233563 0.0 0.0
2302 0.00262922233563 0.0 0.0
2303 0.00262922233563 0.0 0.0
2304 0.00262922233563 0.0 0.0
2305 0.00262922233563 0.0 0.0
2306 0.00262922233563 0.0 0.0
2307 0.00262922233563 0.0 0.0
2308 0.00262922233563 0.0 0.0
2309 0.00262922233563 0.0 0.0
2310 0.00262922233563 0.0 0.0
2311 0.00262922233563 0.0 0.0
2312 0.00262922233563 0.0 0.0
2313 0.00262922233563 0.0 0.0
2314 0.00262922233563 0.0 0.0
2315 0.00262922233563 0.0 0.0
2316 0.00262922233563 0.0 0.0
2317 0.00262922233563 0.0 0.0
2318 0.00262922233563 0.0 0.0
2319 0.00262922233563 0.0 0.0
2320 0.00262922233563 0.0 0.0
2321 0.00262922233563 0.0 0.0
2322 0.00262922233563 0.0 0.0
2323 0.00262922233563 0.0 0.0
2324 0.00262922233563 0.0 0.0
2325 0.00262922233563 0.0 0.0
2326 0.00262922233563 0.0 0.0
2327 0.00262922233563 0.0 0.0
2328 0.00262922233563 0.0 0.0
2329 0.00262922233563 0.0 0.0
2330 0.00262922233563 0.0 0.0
2331 0.00262922233563 0.0 0.0
2332 0.00262922233563 0.0 0.0
2333 0.00262922233563 0.0 0.0
2334 0.00262922233563 0.0 0.0
2335 0.00262922233563 0.0 0.0
2336 0.00262922233563 0.0 0.0
2337 0.00262922233563 0.0 0.0
2338 0.00262922233563 0.0 0.0
2339 0.00262922233563 0.0 0.0
2340 0.00262922233563 0.0 0.0
2341 0.00262922233563 0.0 0.0
2342 0.00262922233563 0.0 0.0
2343 0.00262922233563 0.0 0.0
2344 0.00262922233563 0.0 0.0
2345 0.00262922233563 0.0 0.0
2346 0.00262922233563 0.0 0.0
2347 0.00262922233563 0.0 0.0
2348 0.00262922233563 0.0 0.0
2349 0.00262922233563 0.0 0.0
2350 0.00262922233563 0.0 0.0
2351 0.00262922233563 0.0 0.0
2352 0.00262922233563 0.0 0.0
2353 0.00262922233563 0.0 0.0
2354 0.00262922233563 0.0 0.0
2355 0.00262922233563 0.0 0.0
2356 0.00262922233563 0.0 0.0
2357 0.00262922233563 0.0 0.0
2358 0.00262922233563 0.0 0.0
2359 0.00262922233563 0.0 0.0
2360 0.00262922233563 0.0 0.0
2361 0.00262922233563 0.0 0.0
2362 0.00262922233563 0.0 0.0
2363 0.00262922233563 0.0 0.0
2364 0.00262922233563 0.0 0.0
2365 0.00262922233563 0.0 0.0
2366 0.00262922233563 0.0 0.0
2367 0.00262922233563 0.0 0.0
2368 0.00262922233563 0.0 0.0
2369 0.00262922233563 0.0 0.0
2370 0.00262922233563 0.0 0.0
2371 0.00262922233563 0.0 0.0
2372 0.00262922233563 0.0 0.0
2373 0.00262922233563 0.0 0.0
2374 0.00262922233563 0.0 0.0
2375 0.00262922233563 0.0 0.0
2376 0.00262922233563 0.0 0.0
2377 0.00262922233563 0.0 0.0
2378 0.00262922233563 0.0 0.0
2379 0.00262922233563 0.0 0.0
2380 0.00262922233563 0.0 0.0
2381 0.00262922233563 0.0 0.0
2382 0.00262922233563 0.0 0.0
2383 0.00262922233563 0.0 0.0
2384 0.00262922233563 0.0 0.0
2385 0.00262922233563 0.0 0.0
2386 0.00262922233563 0.0 0.0
2387 0.00262922233563 0.0 0.0
2388 0.00262922233563 0.0 0.0
2389 0.00262922233563 0.0 0.0
2390 0.00262922233563 0.0 0.0
2391 0.00262922233563 0.0 0.0
2392 0.00262922233563 0.0 0.0
2393 0.00262922233563 0.0 0.0
2394 0.00262922233563 0.0 0.0
2395 0.00262922233563 0.0 0.0
2396 0.00262922233563 0.0 0.0
2397 0.00262922233563 0.0 0.0
2398 0.00262922233563 0.0 0.0
2399 0.00262922233563 0.0 0.0
2400 0.00262922233563 0.0 0.0
2401 0.00262922233563 0.0 0.0
2402 0.00262922233563 0.0 0.0
2403 0.00262922233563 0.0 0.0
2404 0.00262922233563 0.0 0.0
2405 0.00262922233563 0.0 0.0
2406 0.00262922233563 0.0 0.0
2407 0.00262922233563 0.0 0.0
2408 0.00262922233563 0.0 0.0
2409 0.00262922233563 0.0 0.0
2410 0.00262922233563 0.0 0.0
2411 0.00262922233563 0.0 0.0
2412 0.00262922233563 0.0 0.0
2413 0.00262922233563 0.0 0.0
2414 0.00262922233563 0.0 0.0
2415 0.00262922233563 0.0 0.0
2416 0.00262922233563 0.0 0.0
2417 0.00262922233563 0.0 0.0
2418 0.00262922233563 0.0 0.0
2419 0.00262922233563 0.0 0.0
2420 0.00262922233563 0.0 0.0
2421 0.00262922233563 0.0 0.0
2422 0.00262922233563 0.0 0.0
2423 0.00262922233563 0.0 0.0
2424 0.00262922233563 0.0 0.0
2425 0.00262922233563 0.0 0.0
2426 0.00262922233563 0.0 0.0
2427 0.00262922233563 0.0 0.0
2428 0.00262922233563 0.0 0.0
2429 0.00262922233563 0.0 0.0
2430 0.00262922233563 0.0 0.0
2431 0.00262922233563 0.0 0.0
2432 0.00262922233563 0.0 0.0
2433 0.00262922233563 0.0 0.0
2434 0.00262922233563 0.0 0.0
2435 0.00262922233563 0.0 0.0
2436 0.00262922233563 0.0 0.0
2437 0.00262922233563 0.0 0.0
2438 0.00262922233563 0.0 0.0
2439 0.00262922233563 0.0 0.0
2440 0.00262922233563 0.0 0.0
2441 0.00262922233563 0.0 0.0
2442 0.00262922233563 0.0 0.0
2443 0.00262922233563 0.0 0.0
2444 0.00262922233563 0.0 0.0
2445 0.00262922233563 0.0 0.0
2446 0.00262922233563 0.0 0.0
2447 0.00262922233563 0.0 0.0
2448 0.00262922233563 0.0 0.0
2449 0.00262922233563 0.0 0.0
2450 0.00262922233563 0.0 0.0
2451 0.00262922233563 0.0 0.0
2452 0.00262922233563 0.0 0.0
2453 0.00262922233563 0.0 0.0
2454 0.00262922233563 0.0 0.0
2455 0.00262922233563 0.0 0.0
2456 0.00262922233563 0.0 0.0
2457 0.00262922233563 0.0 0.0
2458 0.00262922233563 0.0 0.0
2459 0.00262922233563 0.0 0.0
2460 0.00262922233563 0.0 0.0
2461 0.00262922233563 0.0 0.0
2462 0.00262922233563 0.0 0.0
2463 0.00262922233563 0.0 0.0
2464 0.00262922233563 0.0 0.0
2465 0.00262922233563 0.0 0.0
2466 0.00262922233563 0.0 0.0
2467 0.00262922233563 0.0 0.0
2468 0.00262922233563 0.0 0.0
2469 0.00262922233563 0.0 0.0
2470 0.00262922233563 0.0 0.0
2471 0.00262922233563 0.0 0.0
2472 0.00262922233563 0.0 0.0
2473 0.00262922233563 0.0 0.0
2474 0.00262922233563 0.0 0.0
2475 0.00262922233563 0.0 0.0
2476 0.00262922233563 0.0 0.0
2477 0.00262922233563 0.0 0.0
2478 0.00262922233563 0.0 0.0
2479 0.00262922233563 0.0 0.0
2480 0.00262922233563 0.0 0.0
2481 0.00262922233563 0.0 0.0
2482 0.00262922233563 0.0 0.0
2483 0.00262922233563 0.0 0.0
2484 0.00262922233563 0.0 0.0
2485 0.00262922233563 0.0 0.0
2486 0.00262922233563 0.0 0.0
2487 0.00262922233563 0.0 0.0
2488 0.00262922233563 0.0 0.0
2489 0.00262922233563 0.0 0.0
2490 0.00262922233563 0.0 0.0
2491 0.00262922233563 0.0 0.0
2492 0.00262922233563 0.0 0.0
2493 0.00262922233563 0.0 0.0
2494 0.00262922233563 0.0 0.0
2495 0.00262922233563 0.0 0.0
2496 0.00262922233563 0.0 0.0
2497 0.00262922233563 0.0 0.0
2498 0.00262922233563 0.0 0.0
2499 0.00262922233563 0.0 0.0
2500 0.00262922233563 0.0 0.0
