0 0.0 0.0 0.0
1 0.0 0.0 0.0
2 0.0121769980952 0.0 0.0
3 0.0121769980952 0.0 0.0
4 0.0121769980952 0.0 0.0
5 0.0121769980952 0.0 0.0
6 0.0121769980952 0.0 0.0
7 0.0121769980952 0.0 0.0
8 0.0121769980952 0.0 0.0
9 0.0121769980952 0.0 0.0
10 0.0121769980952 0.0 0.0
11 0.0121769980952 0.0 0.0
12 0.0121769980952 0.0 0.0
13 0.0121769980952 0.0 0.0
14 0.0121769980952 0.0 0.0
15 0.0121769980952 0.0 0.0
16 0.0121769980952 0.0 0.0
17 0.0121769980952 0.0 0.0
18 0.0121769980952 0.0 0.0
19 0.0121769980952 0.0 0.0
20 0.0121769980952 0.0 0.0
21 0.0121769980952 0.0 0.0
22 0.0121769980952 0.0 0.0
23 0.0121769980952 0.0 0.0
24 0.0121769980952 0.0 0.0
25 0.0121769980952 0.0 0.0
26 0.0121769980952 0.0 0.0
27 0.0121769980952 0.0 0.0
28 0.0121769980952 0.0 0.0
29 0.0121769980952 0.0 0.0
30 0.0121769980952 0.0 0.0
31 0.0121769980952 0.0 0.0
32 0.0121769980952 0.0 0.0
33 0.0121769980952 0.0 0.0
34 0.0121769980952 0.0 0.0
35 0.0121769980952 0.0 0.0
36 0.0121769980952 0.0 0.0
37 0.0121769980952 0.0 0.0
38 0.0121769980952 0.0 0.0
39 0.0121769980952 0.0 0.0
40 0.0121769980952 0.0 0.0
41 0.0121769980952 0.0 0.0
42 0.0121769980952 0.0 0.0
43 0.0121769980952 0.0 0.0
44 0.0121769980952 0.0 0.0
45 0.0121769980952 0.0 0.0
46 0.0121769980952 0.0 0.0
47 0.0121769980952 0.0 0.0
48 0.0121769980952 0.0 0.0
49 0.0121769980952 0.0 0.0
50 0.0121769980952 0.0 0.0
51 -0.00138812288209 0.0 0.0
52 -0.00138812288209 0.0 0.0
53 -0.00138812288209 0.0 0.0
54 -0.00138812288209 0.0 0.0
55 -0.00138812288209 0.0 0.0
56 -0.00138812288209 0.0 0.0
57 -0.00138812288209 0.0 0.0
58 -0.00138812288209 0.0 0.0
59 -0.00138812288209 0.0 0.0
60 -0.00138812288209 0.0 0.0
61 -0.00138812288209 0.0 0.0
62 -0.00138812288209 0.0 0.0
63 -0.00138812288209 0.0 0.0
64 -0.00138812288209 0.0 0.0
65 -0.00138812288209 0.0 0.0
66 -0.00138812288209 0.0 0.0
67 -0.00138812288209 0.0 0.0
68 -0.00138812288209 0.0 0.0
69 -0.00138812288209 0.0 0.0
70 -0.00138812288209 0.0 0.0
71 -0.00138812288209 0.0 0.0
72 -0.00138812288209 0.0 0.0
73 -0.00138812288209 0.0 0.0
74 -0.00138812288209 0.0 0.0
75 -0.00138812288209 0.0 0.0
76 -0.00138812288209 0.0 0.0
77 -0.00138812288209 0.0 0.0
78 -0.00138812288209 0.0 0.0
79 -0.00138812288209 0.0 0.0
80 -0.00138812288209 0.0 0.0
81 -0.00138812288209 0.0 0.0
82 -0.00138812288209 0.0 0.0
83 -0.00138812288209 0.0 0.0
84 -0.00138812288209 0.0 0.0
85 -0.00138812288209 0.0 0.0
86 -0.00138812288209 0.0 0.0
87 -0.00138812288209 0.0 0.0
88 -0.00138812288209 0.0 0.0
89 -0.00138812288209 0.0 0.0
90 -0.00138812288209 0.0 0.0
91 -0.00138812288209 0.0 0.0
92 -0.00138812288209 0.0 0.0
93 -0.00138812288209 0.0 0.0
94 -0.00138812288209 0.0 0.0
95 -0.00138812288209 0.0 0.0
96 -0.00138812288209 0.0 0.0
97 -0.00138812288209 0.0 0.0
98 -0.00138812288209 0.0 0.0
99 -0.00138812288209 0.0 0.0
100 -0.00138812288209 0.0 0.0
101 -0.000391357469586 -0.00784924472211 -0.0861556903673
102 -0.000391357469586 -0.00784924472211 -0.0861556903673
103 -0.000391357469586 -0.00784924472211 -0.0861556903673
104 -0.000391357469586 -0.00784924472211 -0.0861556903673
105 -0.000391357469586 -0.00784924472211 -0.0861556903673
106 -0.000391357469586 -0.00784924472211 -0.0861556903673
107 -0.000391357469586 -0.00784924472211 -0.0861556903673
108 -0.000391357469586 -0.00784924472211 -0.0861556903673
109 -0.000391357469586 -0.00784924472211 -0.0861556903673
110 -0.000391357469586 -0.00784924472211 -0.0861556903673
111 -0.000391357469586 -0.00784924472211 -0.0861556903673
112 -0.000391357469586 -0.00784924472211 -0.0861556903673
113 -0.000391357469586 -0.00784924472211 -0.0861556903673
114 -0.000391357469586 -0.00784924472211 -0.0861556903673
115 -0.000391357469586 -0.00784924472211 -0.0861556903673
116 -0.000391357469586 -0.00784924472211 -0.0861556903673
117 -0.000391357469586 -0.00784924472211 -0.0861556903673
118 -0.000391357469586 -0.00784924472211 -0.0861556903673
119 -0.000391357469586 -0.00784924472211 -0.0861556903673
120 -0.000391357469586 -0.00784924472211 -0.0861556903673
121 -0.000391357469586 -0.00784924472211 -0.0861556903673
122 -0.000391357469586 -0.00784924472211 -0.0861556903673
123 -0.000391357469586 -0.00784924472211 -0.0861556903673
124 -0.000391357469586 -0.00784924472211 -0.0861556903673
125 -0.000391357469586 -0.00784924472211 -0.0861556903673
126 -0.000391357469586 -0.00784924472211 -0.0861556903673
127 -0.000391357469586 -0.00784924472211 -0.0861556903673
128 -0.000391357469586 -0.00784924472211 -0.0861556903673
129 -0.000391357469586 -0.00784924472211 -0.0861556903673
130 -0.000391357469586 -0.00784924472211 -0.0861556903673
131 -0.000391357469586 -0.00784924472211 -0.0861556903673
132 -0.000391357469586 -0.00784924472211 -0.0861556903673
133 -0.000391357469586 -0.00784924472211 -0.0861556903673
134 -0.000391357469586 -0.00784924472211 -0.0861556903673
135 -0.000391357469586 -0.00784924472211 -0.0861556903673
136 -0.000391357469586 -0.00784924472211 -0.0861556903673
137 -0.000391357469586 -0.00784924472211 -0.0861556903673
138 -0.000391357469586 -0.00784924472211 -0.0861556903673
139 -0.000391357469586 -0.00784924472211 -0.0861556903673
140 -0.000391357469586 -0.00784924472211 -0.0861556903673
141 -0.000391357469586 -0.00784924472211 -0.0861556903673
142 -0.000391357469586 -0.00784924472211 -0.0861556903673
143 -0.000391357469586 -0.00784924472211 -0.0861556903673
144 -0.000391357469586 -0.00784924472211 -0.0861556903673
145 -0.000391357469586 -0.00784924472211 -0.0861556903673
146 -0.000391357469586 -0.00784924472211 -0.0861556903673
147 -0.000391357469586 -0.00784924472211 -0.0861556903673
148 -0.000391357469586 -0.00784924472211 -0.0861556903673
149 -0.000391357469586 -0.00784924472211 -0.0861556903673
150 -0.000391357469586 -0.00784924472211 -0.0861556903673
151 -0.00154821614562 -0.00784924472211 -0.0861556903673
152 -0.00154821614562 -0.00784924472211 -0.0861556903673
153 -0.00154821614562 -0.00784924472211 -0.0861556903673
154 -0.00154821614562 -0.00784924472211 -0.0861556903673
155 -0.00154821614562 -0.00784924472211 -0.0861556903673
156 -0.00154821614562 -0.00784924472211 -0.0861556903673
157 -0.00154821614562 -0.00784924472211 -0.0861556903673
158 -0.00154821614562 -0.00784924472211 -0.0861556903673
159 -0.00154821614562 -0.00784924472211 -0.0861556903673
160 -0.00154821614562 -0.00784924472211 -0.0861556903673
161 -0.00154821614562 -0.00784924472211 -0.0861556903673
162 -0.00154821614562 -0.00784924472211 -0.0861556903673
163 -0.00154821614562 -0.00784924472211 -0.0861556903673
164 -0.00154821614562 -0.00784924472211 -0.0861556903673
165 -0.00154821614562 -0.00784924472211 -0.0861556903673
166 -0.00154821614562 -0.00784924472211 -0.0861556903673
167 -0.00154821614562 -0.00784924472211 -0.0861556903673
168 -0.00154821614562 -0.00784924472211 -0.0861556903673
169 -0.00154821614562 -0.00784924472211 -0.0861556903673
170 -0.00154821614562 -0.00784924472211 -0.0861556903673
171 -0.00154821614562 -0.00784924472211 -0.0861556903673
172 -0.00154821614562 -0.00784924472211 -0.0861556903673
173 -0.00154821614562 -0.00784924472211 -0.0861556903673
174 -0.00154821614562 -0.00784924472211 -0.0861556903673
175 -0.00154821614562 -0.00784924472211 -0.0861556903673
176 -0.00154821614562 -0.00784924472211 -0.0861556903673
177 -0.00154821614562 -0.00784924472211 -0.0861556903673
178 -0.00154821614562 -0.00784924472211 -0.0861556903673
179 -0.00154821614562 -0.00784924472211 -0.0861556903673
180 -0.00154821614562 -0.00784924472211 -0.0861556903673
181 -0.00154821614562 -0.00784924472211 -0.0861556903673
182 -0.00154821614562 -0.00784924472211 -0.0861556903673
183 -0.00154821614562 -0.00784924472211 -0.0861556903673
184 -0.00154821614562 -0.00784924472211 -0.0861556903673
185 -0.00154821614562 -0.00784924472211 -0.0861556903673
186 -0.00154821614562 -0.00784924472211 -0.0861556903673
187 -0.00154821614562 -0.00784924472211 -0.0861556903673
188 -0.00154821614562 -0.00784924472211 -0.0861556903673
189 -0.00154821614562 -0.00784924472211 -0.0861556903673
190 -0.00154821614562 -0.00784924472211 -0.0861556903673
191 -0.00154821614562 -0.00784924472211 -0.0861556903673
192 -0.00154821614562 -0.00784924472211 -0.0861556903673
193 -0.00154821614562 -0.00784924472211 -0.0861556903673
194 -0.00154821614562 -0.00784924472211 -0.0861556903673
195 -0.00154821614562 -0.00784924472211 -0.0861556903673
196 -0.00154821614562 -0.00784924472211 -0.0861556903673
197 -0.00154821614562 -0.00784924472211 -0.0861556903673
198 -0.00154821614562 -0.00784924472211 -0.0861556903673
199 -0.00154821614562 -0.00784924472211 -0.0861556903673
200 -0.00154821614562 -0.00784924472211 -0.0861556903673
201 -0.00109821561466 0.0182795345752 0.0948637825197
202 -0.00109821561466 0.0182795345752 0.0948637825197
203 -0.00109821561466 0.0182795345752 0.0948637825197
204 -0.00109821561466 0.0182795345752 0.0948637825197
205 -0.00109821561466 0.0182795345752 0.0948637825197
206 -0.00109821561466 0.0182795345752 0.0948637825197
207 -0.00109821561466 0.0182795345752 0.0948637825197
208 -0.00109821561466 0.0182795345752 0.0948637825197
209 -0.00109821561466 0.0182795345752 0.0948637825197
210 -0.00109821561466 0.0182795345752 0.0948637825197
211 -0.00109821561466 0.0182795345752 0.0948637825197
212 -0.00109821561466 0.0182795345752 0.0948637825197
213 -0.00109821561466 0.0182795345752 0.0948637825197
214 -0.00109821561466 0.0182795345752 0.0948637825197
215 -0.00109821561466 0.0182795345752 0.0948637825197
216 -0.00109821561466 0.0182795345752 0.0948637825197
217 -0.00109821561466 0.0182795345752 0.0948637825197
218 -0.00109821561466 0.0182795345752 0.0948637825197
219 -0.00109821561466 0.0182795345752 0.0948637825197
220 -0.00109821561466 0.0182795345752 0.0948637825197
221 -0.00109821561466 0.0182795345752 0.0948637825197
222 -0.00109821561466 0.0182795345752 0.0948637825197
223 -0.00109821561466 0.0182795345752 0.0948637825197
224 -0.00109821561466 0.0182795345752 0.0948637825197
225 -0.00109821561466 0.0182795345752 0.0948637825197
226 -0.00109821561466 0.0182795345752 0.0948637825197
227 -0.00109821561466 0.0182795345752 0.0948637825197
228 -0.00109821561466 0.0182795345752 0.0948637825197
229 -0.00109821561466 0.0182795345752 0.0948637825197
230 -0.00109821561466 0.0182795345752 0.0948637825197
231 -0.00109821561466 0.0182795345752 0.0948637825197
232 -0.00109821561466 0.0182795345752 0.0948637825197
233 -0.00109821561466 0.0182795345752 0.0948637825197
234 -0.00109821561466 0.0182795345752 0.0948637825197
235 -0.00109821561466 0.0182795345752 0.0948637825197
236 -0.00109821561466 0.0182795345752 0.0948637825197
237 -0.00109821561466 0.0182795345752 0.0948637825197
238 -0.00109821561466 0.0182795345752 0.0948637825197
239 -0.00109821561466 0.0182795345752 0.0948637825197
240 -0.00109821561466 0.0182795345752 0.0948637825197
241 -0.00109821561466 0.0182795345752 0.0948637825197
242 -0.00109821561466 0.0182795345752 0.0948637825197
243 -0.00109821561466 0.0182795345752 0.0948637825197
244 -0.00109821561466 0.0182795345752 0.0948637825197
245 -0.00109821561466 0.0182795345752 0.0948637825197
246 -0.00109821561466 0.0182795345752 0.0948637825197
247 -0.00109821561466 0.0182795345752 0.0948637825197
248 -0.00109821561466 0.0182795345752 0.0948637825197
249 -0.00109821561466 0.0182795345752 0.0948637825197
250 -0.00109821561466 0.0182795345752 0.0948637825197
251 -0.00061154832466 0.0182795345752 0.0948637825197
252 -0.00061154832466 0.0182795345752 0.0948637825197
253 -0.00061154832466 0.0182795345752 0.0948637825197
254 -0.00061154832466 0.0182795345752 0.0948637825197
255 -0.00061154832466 0.0182795345752 0.0948637825197
256 -0.00061154832466 0.0182795345752 0.0948637825197
257 -0.00061154832466 0.0182795345752 0.0948637825197
258 -0.00061154832466 0.0182795345752 0.0948637825197
259 -0.00061154832466 0.0182795345752 0.0948637825197
260 -0.00061154832466 0.0182795345752 0.0948637825197
261 -0.00061154832466 0.0182795345752 0.0948637825197
262 -0.00061154832466 0.0182795345752 0.0948637825197
263 -0.00061154832466 0.0182795345752 0.0948637825197
264 -0.00061154832466 0.0182795345752 0.0948637825197
265 -0.00061154832466 0.0182795345752 0.0948637825197
266 -0.00061154832466 0.0182795345752 0.0948637825197
267 -0.00061154832466 0.0182795345752 0.0948637825197
268 -0.00061154832466 0.0182795345752 0.0948637825197
269 -0.00061154832466 0.0182795345752 0.0948637825197
270 -0.00061154832466 0.0182795345752 0.0948637825197
271 -0.00061154832466 0.0182795345752 0.0948637825197
272 -0.00061154832466 0.0182795345752 0.0948637825197
273 -0.00061154832466 0.0182795345752 0.0948637825197
274 -0.00061154832466 0.0182795345752 0.0948637825197
275 -0.00061154832466 0.0182795345752 0.0948637825197
276 -0.00061154832466 0.0182795345752 0.0948637825197
277 -0.00061154832466 0.0182795345752 0.0948637825197
278 -0.00061154832466 0.0182795345752 0.0948637825197
279 -0.00061154832466 0.0182795345752 0.0948637825197
280 -0.00061154832466 0.0182795345752 0.0948637825197
281 -0.00061154832466 0.0182795345752 0.0948637825197
282 -0.00061154832466 0.0182795345752 0.0948637825197
283 -0.00061154832466 0.0182795345752 0.0948637825197
284 -0.00061154832466 0.0182795345752 0.0948637825197
285 -0.00061154832466 0.0182795345752 0.0948637825197
286 -0.00061154832466 0.0182795345752 0.0948637825197
287 -0.00061154832466 0.0182795345752 0.0948637825197
288 -0.00061154832466 0.0182795345752 0.0948637825197
289 -0.00061154832466 0.0182795345752 0.0948637825197
290 -0.00061154832466 0.0182795345752 0.0948637825197
291 -0.00061154832466 0.0182795345752 0.0948637825197
292 -0.00061154832466 0.0182795345752 0.0948637825197
293 -0.00061154832466 0.0182795345752 0.0948637825197
294 -0.00061154832466 0.0182795345752 0.0948637825197
295 -0.00061154832466 0.0182795345752 0.0948637825197
296 -0.00061154832466 0.0182795345752 0.0948637825197
297 -0.00061154832466 0.0182795345752 0.0948637825197
298 -0.00061154832466 0.0182795345752 0.0948637825197
299 -0.00061154832466 0.0182795345752 0.0948637825197
300 -0.00061154832466 0.0182795345752 0.0948637825197
301 -0.00129327664183 0.0172525920301 0.0200472297789
302 -0.00129327664183 0.0172525920301 0.0200472297789
303 -0.00129327664183 0.0172525920301 0.0200472297789
304 -0.00129327664183 0.0172525920301 0.0200472297789
305 -0.00129327664183 0.0172525920301 0.0200472297789
306 -0.00129327664183 0.0172525920301 0.0200472297789
307 -0.00129327664183 0.0172525920301 0.0200472297789
308 -0.00129327664183 0.0172525920301 0.0200472297789
309 -0.00129327664183 0.0172525920301 0.0200472297789
310 -0.00129327664183 0.0172525920301 0.0200472297789
311 -0.00129327664183 0.0172525920301 0.0200472297789
312 -0.00129327664183 0.0172525920301 0.0200472297789
313 -0.00129327664183 0.0172525920301 0.0200472297789
314 -0.00129327664183 0.0172525920301 0.0200472297789
315 -0.00129327664183 0.0172525920301 0.0200472297789
316 -0.00129327664183 0.0172525920301 0.0200472297789
317 -0.00129327664183 0.0172525920301 0.0200472297789
318 -0.00129327664183 0.0172525920301 0.0200472297789
319 -0.00129327664183 0.0172525920301 0.0200472297789
320 -0.00129327664183 0.0172525920301 0.0200472297789
321 -0.00129327664183 0.0172525920301 0.0200472297789
322 -0.00129327664183 0.0172525920301 0.0200472297789
323 -0.00129327664183 0.0172525920301 0.0200472297789
324 -0.00129327664183 0.0172525920301 0.0200472297789
325 -0.00129327664183 0.0172525920301 0.0200472297789
326 -0.00129327664183 0.0172525920301 0.0200472297789
327 -0.00129327664183 0.0172525920301 0.0200472297789
328 -0.00129327664183 0.0172525920301 0.0200472297789
329 -0.00129327664183 0.0172525920301 0.0200472297789
330 -0.00129327664183 0.0172525920301 0.0200472297789
331 -0.00129327664183 0.0172525920301 0.0200472297789
332 -0.00129327664183 0.0172525920301 0.0200472297789
333 -0.00129327664183 0.0172525920301 0.0200472297789
334 -0.00129327664183 0.0172525920301 0.0200472297789
335 -0.00129327664183 0.0172525920301 0.0200472297789
336 -0.00129327664183 0.0172525920301 0.0200472297789
337 -0.00129327664183 0.0172525920301 0.0200472297789
338 -0.00129327664183 0.0172525920301 0.0200472297789
339 -0.00129327664183 0.0172525920301 0.0200472297789
340 -0.00129327664183 0.0172525920301 0.0200472297789
341 -0.00129327664183 0.0172525920301 0.0200472297789
342 -0.00129327664183 0.0172525920301 0.0200472297789
343 -0.00129327664183 0.0172525920301 0.0200472297789
344 -0.00129327664183 0.0172525920301 0.0200472297789
345 -0.00129327664183 0.0172525920301 0.0200472297789
346 -0.00129327664183 0.0172525920301 0.0200472297789
347 -0.00129327664183 0.0172525920301 0.0200472297789
348 -0.00129327664183 0.0172525920301 0.0200472297789
349 -0.00129327664183 0.0172525920301 0.0200472297789
350 -0.00129327664183 0.0172525920301 0.0200472297789
351 -0.000138954807888 0.0172525920301 0.0200472297789
352 -0.000138954807888 0.0172525920301 0.0200472297789
353 -0.000138954807888 0.0172525920301 0.0200472297789
354 -0.000138954807888 0.0172525920301 0.0200472297789
355 -0.000138954807888 0.0172525920301 0.0200472297789
356 -0.000138954807888 0.0172525920301 0.0200472297789
357 -0.000138954807888 0.0172525920301 0.0200472297789
358 -0.000138954807888 0.0172525920301 0.0200472297789
359 -0.000138954807888 0.0172525920301 0.0200472297789
360 -0.000138954807888 0.0172525920301 0.0200472297789
361 -0.000138954807888 0.0172525920301 0.0200472297789
362 -0.000138954807888 0.0172525920301 0.0200472297789
363 -0.000138954807888 0.0172525920301 0.0200472297789
364 -0.000138954807888 0.0172525920301 0.0200472297789
365 -0.000138954807888 0.0172525920301 0.0200472297789
366 -0.000138954807888 0.0172525920301 0.0200472297789
367 -0.000138954807888 0.0172525920301 0.0200472297789
368 -0.000138954807888 0.0172525920301 0.0200472297789
369 -0.000138954807888 0.0172525920301 0.0200472297789
370 -0.000138954807888 0.0172525920301 0.0200472297789
371 -0.000138954807888 0.0172525920301 0.0200472297789
372 -0.000138954807888 0.0172525920301 0.0200472297789
373 -0.000138954807888 0.0172525920301 0.0200472297789
374 -0.000138954807888 0.0172525920301 0.0200472297789
375 -0.000138954807888 0.0172525920301 0.0200472297789
376 -0.000138954807888 0.0172525920301 0.0200472297789
377 -0.000138954807888 0.0172525920301 0.0200472297789
378 -0.000138954807888 0.0172525920301 0.0200472297789
379 -0.000138954807888 0.0172525920301 0.0200472297789
380 -0.000138954807888 0.0172525920301 0.0200472297789
381 -0.000138954807888 0.0172525920301 0.0200472297789
382 -0.000138954807888 0.0172525920301 0.0200472297789
383 -0.000138954807888 0.0172525920301 0.0200472297789
384 -0.000138954807888 0.0172525920301 0.0200472297789
385 -0.000138954807888 0.0172525920301 0.0200472297789
386 -0.000138954807888 0.0172525920301 0.0200472297789
387 -0.000138954807888 0.0172525920301 0.0200472297789
388 -0.000138954807888 0.0172525920301 0.0200472297789
389 -0.000138954807888 0.0172525920301 0.0200472297789
390 -0.000138954807888 0.0172525920301 0.0200472297789
391 -0.000138954807888 0.0172525920301 0.0200472297789
392 -0.000138954807888 0.0172525920301 0.0200472297789
393 -0.000138954807888 0.0172525920301 0.0200472297789
394 -0.000138954807888 0.0172525920301 0.0200472297789
395 -0.000138954807888 0.0172525920301 0.0200472297789
396 -0.000138954807888 0.0172525920301 0.0200472297789
397 -0.000138954807888 0.0172525920301 0.0200472297789
398 -0.000138954807888 0.0172525920301 0.0200472297789
399 -0.000138954807888 0.0172525920301 0.0200472297789
400 -0.000138954807888 0.0172525920301 0.0200472297789
401 -0.00143978550644 0.00043779236885 -0.0902245061018
402 -0.00143978550644 0.00043779236885 -0.0902245061018
403 -0.00143978550644 0.00043779236885 -0.0902245061018
404 -0.00143978550644 0.00043779236885 -0.0902245061018
405 -0.00143978550644 0.00043779236885 -0.0902245061018
406 -0.00143978550644 0.00043779236885 -0.0902245061018
407 -0.00143978550644 0.00043779236885 -0.0902245061018
408 -0.00143978550644 0.00043779236885 -0.0902245061018
409 -0.00143978550644 0.00043779236885 -0.0902245061018
410 -0.00143978550644 0.00043779236885 -0.0902245061018
411 -0.00143978550644 0.00043779236885 -0.0902245061018
412 -0.00143978550644 0.00043779236885 -0.0902245061018
413 -0.00143978550644 0.00043779236885 -0.0902245061018
414 -0.00143978550644 0.00043779236885 -0.0902245061018
415 -0.00143978550644 0.00043779236885 -0.0902245061018
416 -0.00143978550644 0.00043779236885 -0.0902245061018
417 -0.00143978550644 0.00043779236885 -0.0902245061018
418 -0.00143978550644 0.00043779236885 -0.0902245061018
419 -0.00143978550644 0.00043779236885 -0.0902245061018
420 -0.00143978550644 0.00043779236885 -0.0902245061018
421 -0.00143978550644 0.00043779236885 -0.0902245061018
422 -0.00143978550644 0.00043779236885 -0.0902245061018
423 -0.00143978550644 0.00043779236885 -0.0902245061018
424 -0.00143978550644 0.00043779236885 -0.0902245061018
425 -0.00143978550644 0.00043779236885 -0.0902245061018
426 -0.00143978550644 0.00043779236885 -0.0902245061018
427 -0.00143978550644 0.00043779236885 -0.0902245061018
428 -0.00143978550644 0.00043779236885 -0.0902245061018
429 -0.00143978550644 0.00043779236885 -0.0902245061018
430 -0.00143978550644 0.00043779236885 -0.0902245061018
431 -0.00143978550644 0.00043779236885 -0.0902245061018
432 -0.00143978550644 0.00043779236885 -0.0902245061018
433 -0.00143978550644 0.00043779236885 -0.0902245061018
434 -0.00143978550644 0.00043779236885 -0.0902245061018
435 -0.00143978550644 0.00043779236885 -0.0902245061018
436 -0.00143978550644 0.00043779236885 -0.0902245061018
437 -0.00143978550644 0.00043779236885 -0.0902245061018
438 -0.00143978550644 0.00043779236885 -0.0902245061018
439 -0.00143978550644 0.00043779236885 -0.0902245061018
440 -0.00143978550644 0.00043779236885 -0.0902245061018
441 -0.00143978550644 0.00043779236885 -0.0902245061018
442 -0.00143978550644 0.00043779236885 -0.0902245061018
443 -0.00143978550644 0.00043779236885 -0.0902245061018
444 -0.00143978550644 0.00043779236885 -0.0902245061018
445 -0.00143978550644 0.00043779236885 -0.0902245061018
446 -0.00143978550644 0.00043779236885 -0.0902245061018
447 -0.00143978550644 0.00043779236885 -0.0902245061018
448 -0.00143978550644 0.00043779236885 -0.0902245061018
449 -0.00143978550644 0.00043779236885 -0.0902245061018
450 -0.00143978550644 0.00043779236885 -0.0902245061018
451 0.00395422682378 0.00043779236885 -0.0902245061018
452 0.00395422682378 0.00043779236885 -0.0902245061018
453 0.00395422682378 0.00043779236885 -0.0902245061018
454 0.00395422682378 0.00043779236885 -0.0902245061018
455 0.00395422682378 0.00043779236885 -0.0902245061018
456 0.00395422682378 0.00043779236885 -0.0902245061018
457 0.00395422682378 0.00043779236885 -0.0902245061018
458 0.00395422682378 0.00043779236885 -0.0902245061018
459 0.00395422682378 0.00043779236885 -0.0902245061018
460 0.00395422682378 0.00043779236885 -0.0902245061018
461 0.00395422682378 0.00043779236885 -0.0902245061018
462 0.00395422682378 0.00043779236885 -0.0902245061018
463 0.00395422682378 0.00043779236885 -0.0902245061018
464 0.00395422682378 0.00043779236885 -0.0902245061018
465 0.00395422682378 0.00043779236885 -0.0902245061018
466 0.00395422682378 0.00043779236885 -0.0902245061018
467 0.00395422682378 0.00043779236885 -0.0902245061018
468 0.00395422682378 0.00043779236885 -0.0902245061018
469 0.00395422682378 0.00043779236885 -0.0902245061018
470 0.00395422682378 0.00043779236885 -0.0902245061018
471 0.00395422682378 0.00043779236885 -0.0902245061018
472 0.00395422682378 0.00043779236885 -0.0902245061018
473 0.00395422682378 0.00043779236885 -0.0902245061018
474 0.00395422682378 0.00043779236885 -0.0902245061018
475 0.00395422682378 0.00043779236885 -0.0902245061018
476 0.00395422682378 0.00043779236885 -0.0902245061018
477 0.00395422682378 0.00043779236885 -0.0902245061018
478 0.00395422682378 0.00043779236885 -0.0902245061018
479 0.00395422682378 0.00043779236885 -0.0902245061018
480 0.00395422682378 0.00043779236885 -0.0902245061018
481 0.00395422682378 0.00043779236885 -0.0902245061018
482 0.00395422682378 0.00043779236885 -0.0902245061018
483 0.00395422682378 0.00043779236885 -0.0902245061018
484 0.00395422682378 0.00043779236885 -0.0902245061018
485 0.00395422682378 0.00043779236885 -0.0902245061018
486 0.00395422682378 0.00043779236885 -0.0902245061018
487 0.00395422682378 0.00043779236885 -0.0902245061018
488 0.00395422682378 0.00043779236885 -0.0902245061018
489 0.00395422682378 0.00043779236885 -0.0902245061018
490 0.00395422682378 0.00043779236885 -0.0902245061018
491 0.00395422682378 0.00043779236885 -0.0902245061018
492 0.00395422682378 0.00043779236885 -0.0902245061018
493 0.00395422682378 0.00043779236885 -0.0902245061018
494 0.00395422682378 0.00043779236885 -0.0902245061018
495 0.00395422682378 0.00043779236885 -0.0902245061018
496 0.00395422682378 0.00043779236885 -0.0902245061018
497 0.00395422682378 0.00043779236885 -0.0902245061018
498 0.00395422682378 0.00043779236885 -0.0902245061018
499 0.00395422682378 0.00043779236885 -0.0902245061018
500 0.00395422682378 0.00043779236885 -0.0902245061018
501 0.0087655493446 0.0435378296418 -0.0179932990916
502 0.0087655493446 0.0435378296418 -0.0179932990916
503 0.0087655493446 0.0435378296418 -0.0179932990916
504 0.0087655493446 0.0435378296418 -0.0179932990916
505 0.0087655493446 0.0435378296418 -0.0179932990916
506 0.0087655493446 0.0435378296418 -0.0179932990916
507 0.0087655493446 0.0435378296418 -0.0179932990916
508 0.0087655493446 0.0435378296418 -0.0179932990916
509 0.0087655493446 0.0435378296418 -0.0179932990916
510 0.0087655493446 0.0435378296418 -0.0179932990916
511 0.0087655493446 0.0435378296418 -0.0179932990916
512 0.0087655493446 0.0435378296418 -0.0179932990916
513 0.0087655493446 0.0435378296418 -0.0179932990916
514 0.0087655493446 0.0435378296418 -0.0179932990916
515 0.0087655493446 0.0435378296418 -0.0179932990916
516 0.0087655493446 0.0435378296418 -0.0179932990916
517 0.0087655493446 0.0435378296418 -0.0179932990916
518 0.0087655493446 0.0435378296418 -0.0179932990916
519 0.0087655493446 0.0435378296418 -0.0179932990916
520 0.0087655493446 0.0435378296418 -0.0179932990916
521 0.0087655493446 0.0435378296418 -0.0179932990916
522 0.0087655493446 0.0435378296418 -0.0179932990916
523 0.0087655493446 0.0435378296418 -0.0179932990916
524 0.0087655493446 0.0435378296418 -0.0179932990916
525 0.0087655493446 0.0435378296418 -0.0179932990916
526 0.0087655493446 0.0435378296418 -0.0179932990916
527 0.0087655493446 0.0435378296418 -0.0179932990916
528 0.0087655493446 0.0435378296418 -0.0179932990916
529 0.0087655493446 0.0435378296418 -0.0179932990916
530 0.0087655493446 0.0435378296418 -0.0179932990916
531 0.0087655493446 0.0435378296418 -0.0179932990916
532 0.0087655493446 0.0435378296418 -0.0179932990916
533 0.0087655493446 0.0435378296418 -0.0179932990916
534 0.0087655493446 0.0435378296418 -0.0179932990916
535 0.0087655493446 0.0435378296418 -0.0179932990916
536 0.0087655493446 0.0435378296418 -0.0179932990916
537 0.0087655493446 0.0435378296418 -0.0179932990916
538 0.0087655493446 0.0435378296418 -0.0179932990916
539 0.0087655493446 0.0435378296418 -0.0179932990916
540 0.0087655493446 0.0435378296418 -0.0179932990916
541 0.0087655493446 0.0435378296418 -0.0179932990916
542 0.0087655493446 0.0435378296418 -0.0179932990916
543 0.0087655493446 0.0435378296418 -0.0179932990916
544 0.0087655493446 0.0435378296418 -0.0179932990916
545 0.0087655493446 0.0435378296418 -0.0179932990916
546 0.0087655493446 0.0435378296418 -0.0179932990916
547 0.0087655493446 0.0435378296418 -0.0179932990916
548 0.0087655493446 0.0435378296418 -0.0179932990916
549 0.0087655493446 0.0435378296418 -0.0179932990916
550 0.0087655493446 0.0435378296418 -0.0179932990916
551 0.0204081632653 0.0435378296418 -0.0179932990916
552 0.0204081632653 0.0435378296418 -0.0179932990916
553 0.0204081632653 0.0435378296418 -0.0179932990916
554 0.0204081632653 0.0435378296418 -0.0179932990916
555 0.0204081632653 0.0435378296418 -0.0179932990916
556 0.0204081632653 0.0435378296418 -0.0179932990916
557 0.0204081632653 0.0435378296418 -0.0179932990916
558 0.0204081632653 0.0435378296418 -0.0179932990916
559 0.0204081632653 0.0435378296418 -0.0179932990916
560 0.0204081632653 0.0435378296418 -0.0179932990916
561 0.0204081632653 0.0435378296418 -0.0179932990916
562 0.0204081632653 0.0435378296418 -0.0179932990916
563 0.0204081632653 0.0435378296418 -0.0179932990916
564 0.0204081632653 0.0435378296418 -0.0179932990916
565 0.0204081632653 0.0435378296418 -0.0179932990916
566 0.0204081632653 0.0435378296418 -0.0179932990916
567 0.0204081632653 0.0435378296418 -0.0179932990916
568 0.0204081632653 0.0435378296418 -0.0179932990916
569 0.0204081632653 0.0435378296418 -0.0179932990916
570 0.0204081632653 0.0435378296418 -0.0179932990916
571 0.0204081632653 0.0435378296418 -0.0179932990916
572 0.0204081632653 0.0435378296418 -0.0179932990916
573 0.0204081632653 0.0435378296418 -0.0179932990916
574 0.0204081632653 0.0435378296418 -0.0179932990916
575 0.0204081632653 0.0435378296418 -0.0179932990916
576 0.0204081632653 0.0435378296418 -0.0179932990916
577 0.0204081632653 0.0435378296418 -0.0179932990916
578 0.0204081632653 0.0435378296418 -0.0179932990916
579 0.0204081632653 0.0435378296418 -0.0179932990916
580 0.0204081632653 0.0435378296418 -0.0179932990916
581 0.0204081632653 0.0435378296418 -0.0179932990916
582 0.0204081632653 0.0435378296418 -0.0179932990916
583 0.0204081632653 0.0435378296418 -0.0179932990916
584 0.0204081632653 0.0435378296418 -0.0179932990916
585 0.0204081632653 0.0435378296418 -0.0179932990916
586 0.0204081632653 0.0435378296418 -0.0179932990916
587 0.0204081632653 0.0435378296418 -0.0179932990916
588 0.0204081632653 0.0435378296418 -0.0179932990916
589 0.0204081632653 0.0435378296418 -0.0179932990916
590 0.0204081632653 0.0435378296418 -0.0179932990916
591 0.0204081632653 0.0435378296418 -0.0179932990916
592 0.0204081632653 0.0435378296418 -0.0179932990916
593 0.0204081632653 0.0435378296418 -0.0179932990916
594 0.0204081632653 0.0435378296418 -0.0179932990916
595 0.0204081632653 0.0435378296418 -0.0179932990916
596 0.0204081632653 0.0435378296418 -0.0179932990916
597 0.0204081632653 0.0435378296418 -0.0179932990916
598 0.0204081632653 0.0435378296418 -0.0179932990916
599 0.0204081632653 0.0435378296418 -0.0179932990916
600 0.0204081632653 0.0435378296418 -0.0179932990916
601 0.00729043760922 0.0174073372415 -0.00517549283061
602 0.00729043760922 0.0174073372415 -0.00517549283061
603 0.00729043760922 0.0174073372415 -0.00517549283061
604 0.00729043760922 0.0174073372415 -0.00517549283061
605 0.00729043760922 0.0174073372415 -0.00517549283061
606 0.00729043760922 0.0174073372415 -0.00517549283061
607 0.00729043760922 0.0174073372415 -0.00517549283061
608 0.00729043760922 0.0174073372415 -0.00517549283061
609 0.00729043760922 0.0174073372415 -0.00517549283061
610 0.00729043760922 0.0174073372415 -0.00517549283061
611 0.00729043760922 0.0174073372415 -0.00517549283061
612 0.00729043760922 0.0174073372415 -0.00517549283061
613 0.00729043760922 0.0174073372415 -0.00517549283061
614 0.00729043760922 0.0174073372415 -0.00517549283061
615 0.00729043760922 0.0174073372415 -0.00517549283061
616 0.00729043760922 0.0174073372415 -0.00517549283061
617 0.00729043760922 0.0174073372415 -0.00517549283061
618 0.00729043760922 0.0174073372415 -0.00517549283061
619 0.00729043760922 0.0174073372415 -0.00517549283061
620 0.00729043760922 0.0174073372415 -0.00517549283061
621 0.00729043760922 0.0174073372415 -0.00517549283061
622 0.00729043760922 0.0174073372415 -0.00517549283061
623 0.00729043760922 0.0174073372415 -0.00517549283061
624 0.00729043760922 0.0174073372415 -0.00517549283061
625 0.00729043760922 0.0174073372415 -0.00517549283061
626 0.00729043760922 0.0174073372415 -0.00517549283061
627 0.00729043760922 0.0174073372415 -0.00517549283061
628 0.00729043760922 0.0174073372415 -0.00517549283061
629 0.00729043760922 0.0174073372415 -0.00517549283061
630 0.00729043760922 0.0174073372415 -0.00517549283061
631 0.00729043760922 0.0174073372415 -0.00517549283061
632 0.00729043760922 0.0174073372415 -0.00517549283061
633 0.00729043760922 0.0174073372415 -0.00517549283061
634 0.00729043760922 0.0174073372415 -0.00517549283061
635 0.00729043760922 0.0174073372415 -0.00517549283061
636 0.00729043760922 0.0174073372415 -0.00517549283061
637 0.00729043760922 0.0174073372415 -0.00517549283061
638 0.00729043760922 0.0174073372415 -0.00517549283061
639 0.00729043760922 0.0174073372415 -0.00517549283061
640 0.00729043760922 0.0174073372415 -0.00517549283061
641 0.00729043760922 0.0174073372415 -0.00517549283061
642 0.00729043760922 0.0174073372415 -0.00517549283061
643 0.00729043760922 0.0174073372415 -0.00517549283061
644 0.00729043760922 0.0174073372415 -0.00517549283061
645 0.00729043760922 0.0174073372415 -0.00517549283061
646 0.00729043760922 0.0174073372415 -0.00517549283061
647 0.00729043760922 0.0174073372415 -0.00517549283061
648 0.00729043760922 0.0174073372415 -0.00517549283061
649 0.00729043760922 0.0174073372415 -0.00517549283061
650 0.00729043760922 0.0174073372415 -0.00517549283061
651 2.35813892441e-05 0.0174073372415 -0.00517549283061
652 2.35813892441e-05 0.0174073372415 -0.00517549283061
653 2.35813892441e-05 0.0174073372415 -0.00517549283061
654 2.35813892441e-05 0.0174073372415 -0.00517549283061
655 2.35813892441e-05 0.0174073372415 -0.00517549283061
656 2.35813892441e-05 0.0174073372415 -0.00517549283061
657 2.35813892441e-05 0.0174073372415 -0.00517549283061
658 2.35813892441e-05 0.0174073372415 -0.00517549283061
659 2.35813892441e-05 0.0174073372415 -0.00517549283061
660 2.35813892441e-05 0.0174073372415 -0.00517549283061
661 2.35813892441e-05 0.0174073372415 -0.00517549283061
662 2.35813892441e-05 0.0174073372415 -0.00517549283061
663 2.35813892441e-05 0.0174073372415 -0.00517549283061
664 2.35813892441e-05 0.0174073372415 -0.00517549283061
665 2.35813892441e-05 0.0174073372415 -0.00517549283061
666 2.35813892441e-05 0.0174073372415 -0.00517549283061
667 2.35813892441e-05 0.0174073372415 -0.00517549283061
668 2.35813892441e-05 0.0174073372415 -0.00517549283061
669 2.35813892441e-05 0.0174073372415 -0.00517549283061
670 2.35813892441e-05 0.0174073372415 -0.00517549283061
671 2.35813892441e-05 0.0174073372415 -0.00517549283061
672 2.35813892441e-05 0.0174073372415 -0.00517549283061
673 2.35813892441e-05 0.0174073372415 -0.00517549283061
674 2.35813892441e-05 0.0174073372415 -0.00517549283061
675 2.35813892441e-05 0.0174073372415 -0.00517549283061
676 2.35813892441e-05 0.0174073372415 -0.00517549283061
677 2.35813892441e-05 0.0174073372415 -0.00517549283061
678 2.35813892441e-05 0.0174073372415 -0.00517549283061
679 2.35813892441e-05 0.0174073372415 -0.00517549283061
680 2.35813892441e-05 0.0174073372415 -0.00517549283061
681 2.35813892441e-05 0.0174073372415 -0.00517549283061
682 2.35813892441e-05 0.0174073372415 -0.00517549283061
683 2.35813892441e-05 0.0174073372415 -0.00517549283061
684 2.35813892441e-05 0.0174073372415 -0.00517549283061
685 2.35813892441e-05 0.0174073372415 -0.00517549283061
686 2.35813892441e-05 0.0174073372415 -0.00517549283061
687 2.35813892441e-05 0.0174073372415 -0.00517549283061
688 2.35813892441e-05 0.0174073372415 -0.00517549283061
689 2.35813892441e-05 0.0174073372415 -0.00517549283061
690 2.35813892441e-05 0.0174073372415 -0.00517549283061
691 2.35813892441e-05 0.0174073372415 -0.00517549283061
692 2.35813892441e-05 0.0174073372415 -0.00517549283061
693 2.35813892441e-05 0.0174073372415 -0.00517549283061
694 2.35813892441e-05 0.0174073372415 -0.00517549283061
695 2.35813892441e-05 0.0174073372415 -0.00517549283061
696 2.35813892441e-05 0.0174073372415 -0.00517549283061
697 2.35813892441e-05 0.0174073372415 -0.00517549283061
698 2.35813892441e-05 0.0174073372415 -0.00517549283061
699 2.35813892441e-05 0.0174073372415 -0.00517549283061
700 2.35813892441e-05 0.0174073372415 -0.00517549283061
701 -0.00132590460387 -0.00575853575749 0.00519033594054
702 -0.00132590460387 -0.00575853575749 0.00519033594054
703 -0.00132590460387 -0.00575853575749 0.00519033594054
704 -0.00132590460387 -0.00575853575749 0.00519033594054
705 -0.00132590460387 -0.00575853575749 0.00519033594054
706 -0.00132590460387 -0.00575853575749 0.00519033594054
707 -0.00132590460387 -0.00575853575749 0.00519033594054
708 -0.00132590460387 -0.00575853575749 0.00519033594054
709 -0.00132590460387 -0.00575853575749 0.00519033594054
710 -0.00132590460387 -0.00575853575749 0.00519033594054
711 -0.00132590460387 -0.00575853575749 0.00519033594054
712 -0.00132590460387 -0.00575853575749 0.00519033594054
713 -0.00132590460387 -0.00575853575749 0.00519033594054
714 -0.00132590460387 -0.00575853575749 0.00519033594054
715 -0.00132590460387 -0.00575853575749 0.00519033594054
716 -0.00132590460387 -0.00575853575749 0.00519033594054
717 -0.00132590460387 -0.00575853575749 0.00519033594054
718 -0.00132590460387 -0.00575853575749 0.00519033594054
719 -0.00132590460387 -0.00575853575749 0.00519033594054
720 -0.00132590460387 -0.00575853575749 0.00519033594054
721 -0.00132590460387 -0.00575853575749 0.00519033594054
722 -0.00132590460387 -0.00575853575749 0.00519033594054
723 -0.00132590460387 -0.00575853575749 0.00519033594054
724 -0.00132590460387 -0.00575853575749 0.00519033594054
725 -0.00132590460387 -0.00575853575749 0.00519033594054
726 -0.00132590460387 -0.00575853575749 0.00519033594054
727 -0.00132590460387 -0.00575853575749 0.00519033594054
728 -0.00132590460387 -0.00575853575749 0.00519033594054
729 -0.00132590460387 -0.00575853575749 0.00519033594054
730 -0.00132590460387 -0.00575853575749 0.00519033594054
731 -0.00132590460387 -0.00575853575749 0.00519033594054
732 -0.00132590460387 -0.00575853575749 0.00519033594054
733 -0.00132590460387 -0.00575853575749 0.00519033594054
734 -0.00132590460387 -0.00575853575749 0.00519033594054
735 -0.00132590460387 -0.00575853575749 0.00519033594054
736 -0.00132590460387 -0.00575853575749 0.00519033594054
737 -0.00132590460387 -0.00575853575749 0.00519033594054
738 -0.00132590460387 -0.00575853575749 0.00519033594054
739 -0.00132590460387 -0.00575853575749 0.00519033594054
740 -0.00132590460387 -0.00575853575749 0.00519033594054
741 -0.00132590460387 -0.00575853575749 0.00519033594054
742 -0.00132590460387 -0.00575853575749 0.00519033594054
743 -0.00132590460387 -0.00575853575749 0.00519033594054
744 -0.00132590460387 -0.00575853575749 0.00519033594054
745 -0.00132590460387 -0.00575853575749 0.00519033594054
746 -0.00132590460387 -0.00575853575749 0.00519033594054
747 -0.00132590460387 -0.00575853575749 0.00519033594054
748 -0.00132590460387 -0.00575853575749 0.00519033594054
749 -0.00132590460387 -0.00575853575749 0.00519033594054
750 -0.00132590460387 -0.00575853575749 0.00519033594054
751 -0.00588970279314 -0.00575853575749 0.00519033594054
752 -0.00588970279314 -0.00575853575749 0.00519033594054
753 -0.00588970279314 -0.00575853575749 0.00519033594054
754 -0.00588970279314 -0.00575853575749 0.00519033594054
755 -0.00588970279314 -0.00575853575749 0.00519033594054
756 -0.00588970279314 -0.00575853575749 0.00519033594054
757 -0.00588970279314 -0.00575853575749 0.00519033594054
758 -0.00588970279314 -0.00575853575749 0.00519033594054
759 -0.00588970279314 -0.00575853575749 0.00519033594054
760 -0.00588970279314 -0.00575853575749 0.00519033594054
761 -0.00588970279314 -0.00575853575749 0.00519033594054
762 -0.00588970279314 -0.00575853575749 0.00519033594054
763 -0.00588970279314 -0.00575853575749 0.00519033594054
764 -0.00588970279314 -0.00575853575749 0.00519033594054
765 -0.00588970279314 -0.00575853575749 0.00519033594054
766 -0.00588970279314 -0.00575853575749 0.00519033594054
767 -0.00588970279314 -0.00575853575749 0.00519033594054
768 -0.00588970279314 -0.00575853575749 0.00519033594054
769 -0.00588970279314 -0.00575853575749 0.00519033594054
770 -0.00588970279314 -0.00575853575749 0.00519033594054
771 -0.00588970279314 -0.00575853575749 0.00519033594054
772 -0.00588970279314 -0.00575853575749 0.00519033594054
773 -0.00588970279314 -0.00575853575749 0.00519033594054
774 -0.00588970279314 -0.00575853575749 0.00519033594054
775 -0.00588970279314 -0.00575853575749 0.00519033594054
776 -0.00588970279314 -0.00575853575749 0.00519033594054
777 -0.00588970279314 -0.00575853575749 0.00519033594054
778 -0.00588970279314 -0.00575853575749 0.00519033594054
779 -0.00588970279314 -0.00575853575749 0.00519033594054
780 -0.00588970279314 -0.00575853575749 0.00519033594054
781 -0.00588970279314 -0.00575853575749 0.00519033594054
782 -0.00588970279314 -0.00575853575749 0.00519033594054
783 -0.00588970279314 -0.00575853575749 0.00519033594054
784 -0.00588970279314 -0.00575853575749 0.00519033594054
785 -0.00588970279314 -0.00575853575749 0.00519033594054
786 -0.00588970279314 -0.00575853575749 0.00519033594054
787 -0.00588970279314 -0.00575853575749 0.00519033594054
788 -0.00588970279314 -0.00575853575749 0.00519033594054
789 -0.00588970279314 -0.00575853575749 0.00519033594054
790 -0.00588970279314 -0.00575853575749 0.00519033594054
791 -0.00588970279314 -0.00575853575749 0.00519033594054
792 -0.00588970279314 -0.00575853575749 0.00519033594054
793 -0.00588970279314 -0.00575853575749 0.00519033594054
794 -0.00588970279314 -0.00575853575749 0.00519033594054
795 -0.00588970279314 -0.00575853575749 0.00519033594054
796 -0.00588970279314 -0.00575853575749 0.00519033594054
797 -0.00588970279314 -0.00575853575749 0.00519033594054
798 -0.00588970279314 -0.00575853575749 0.00519033594054
799 -0.00588970279314 -0.00575853575749 0.00519033594054
800 -0.00588970279314 -0.00575853575749 0.00519033594054
801 -0.00565823262953 -0.00346309584714 -0.0174615900327
802 -0.00565823262953 -0.00346309584714 -0.0174615900327
803 -0.00565823262953 -0.00346309584714 -0.0174615900327
804 -0.00565823262953 -0.00346309584714 -0.0174615900327
805 -0.00565823262953 -0.00346309584714 -0.0174615900327
806 -0.00565823262953 -0.00346309584714 -0.0174615900327
807 -0.00565823262953 -0.00346309584714 -0.0174615900327
808 -0.00565823262953 -0.00346309584714 -0.0174615900327
809 -0.00565823262953 -0.00346309584714 -0.0174615900327
810 -0.00565823262953 -0.00346309584714 -0.0174615900327
811 -0.00565823262953 -0.00346309584714 -0.0174615900327
812 -0.00565823262953 -0.00346309584714 -0.0174615900327
813 -0.00565823262953 -0.00346309584714 -0.0174615900327
814 -0.00565823262953 -0.00346309584714 -0.0174615900327
815 -0.00565823262953 -0.00346309584714 -0.0174615900327
816 -0.00565823262953 -0.00346309584714 -0.0174615900327
817 -0.00565823262953 -0.00346309584714 -0.0174615900327
818 -0.00565823262953 -0.00346309584714 -0.0174615900327
819 -0.00565823262953 -0.00346309584714 -0.0174615900327
820 -0.00565823262953 -0.00346309584714 -0.0174615900327
821 -0.00565823262953 -0.00346309584714 -0.0174615900327
822 -0.00565823262953 -0.00346309584714 -0.0174615900327
823 -0.00565823262953 -0.00346309584714 -0.0174615900327
824 -0.00565823262953 -0.00346309584714 -0.0174615900327
825 -0.00565823262953 -0.00346309584714 -0.0174615900327
826 -0.00565823262953 -0.00346309584714 -0.0174615900327
827 -0.00565823262953 -0.00346309584714 -0.0174615900327
828 -0.00565823262953 -0.00346309584714 -0.0174615900327
829 -0.00565823262953 -0.00346309584714 -0.0174615900327
830 -0.00565823262953 -0.00346309584714 -0.0174615900327
831 -0.00565823262953 -0.00346309584714 -0.0174615900327
832 -0.00565823262953 -0.00346309584714 -0.0174615900327
833 -0.00565823262953 -0.00346309584714 -0.0174615900327
834 -0.00565823262953 -0.00346309584714 -0.0174615900327
835 -0.00565823262953 -0.00346309584714 -0.0174615900327
836 -0.00565823262953 -0.00346309584714 -0.0174615900327
837 -0.00565823262953 -0.00346309584714 -0.0174615900327
838 -0.00565823262953 -0.00346309584714 -0.0174615900327
839 -0.00565823262953 -0.00346309584714 -0.0174615900327
840 -0.00565823262953 -0.00346309584714 -0.0174615900327
841 -0.00565823262953 -0.00346309584714 -0.0174615900327
842 -0.00565823262953 -0.00346309584714 -0.0174615900327
843 -0.00565823262953 -0.00346309584714 -0.0174615900327
844 -0.00565823262953 -0.00346309584714 -0.0174615900327
845 -0.00565823262953 -0.00346309584714 -0.0174615900327
846 -0.00565823262953 -0.00346309584714 -0.0174615900327
847 -0.00565823262953 -0.00346309584714 -0.0174615900327
848 -0.00565823262953 -0.00346309584714 -0.0174615900327
849 -0.00565823262953 -0.00346309584714 -0.0174615900327
850 -0.00565823262953 -0.00346309584714 -0.0174615900327
851 -0.00939631560355 -0.00346309584714 -0.0174615900327
852 -0.00939631560355 -0.00346309584714 -0.0174615900327
853 -0.00939631560355 -0.00346309584714 -0.0174615900327
854 -0.00939631560355 -0.00346309584714 -0.0174615900327
855 -0.00939631560355 -0.00346309584714 -0.0174615900327
856 -0.00939631560355 -0.00346309584714 -0.0174615900327
857 -0.00939631560355 -0.00346309584714 -0.0174615900327
858 -0.00939631560355 -0.00346309584714 -0.0174615900327
859 -0.00939631560355 -0.00346309584714 -0.0174615900327
860 -0.00939631560355 -0.00346309584714 -0.0174615900327
861 -0.00939631560355 -0.00346309584714 -0.0174615900327
862 -0.00939631560355 -0.00346309584714 -0.0174615900327
863 -0.00939631560355 -0.00346309584714 -0.0174615900327
864 -0.00939631560355 -0.00346309584714 -0.0174615900327
865 -0.00939631560355 -0.00346309584714 -0.0174615900327
866 -0.00939631560355 -0.00346309584714 -0.0174615900327
867 -0.00939631560355 -0.00346309584714 -0.0174615900327
868 -0.00939631560355 -0.00346309584714 -0.0174615900327
869 -0.00939631560355 -0.00346309584714 -0.0174615900327
870 -0.00939631560355 -0.00346309584714 -0.0174615900327
871 -0.00939631560355 -0.00346309584714 -0.0174615900327
872 -0.00939631560355 -0.00346309584714 -0.0174615900327
873 -0.00939631560355 -0.00346309584714 -0.0174615900327
874 -0.00939631560355 -0.00346309584714 -0.0174615900327
875 -0.00939631560355 -0.00346309584714 -0.0174615900327
876 -0.00939631560355 -0.00346309584714 -0.0174615900327
877 -0.00939631560355 -0.00346309584714 -0.0174615900327
878 -0.00939631560355 -0.00346309584714 -0.0174615900327
879 -0.00939631560355 -0.00346309584714 -0.0174615900327
880 -0.00939631560355 -0.00346309584714 -0.0174615900327
881 -0.00939631560355 -0.00346309584714 -0.0174615900327
882 -0.00939631560355 -0.00346309584714 -0.0174615900327
883 -0.00939631560355 -0.00346309584714 -0.0174615900327
884 -0.00939631560355 -0.00346309584714 -0.0174615900327
885 -0.00939631560355 -0.00346309584714 -0.0174615900327
886 -0.00939631560355 -0.00346309584714 -0.0174615900327
887 -0.00939631560355 -0.00346309584714 -0.0174615900327
888 -0.00939631560355 -0.00346309584714 -0.0174615900327
889 -0.00939631560355 -0.00346309584714 -0.0174615900327
890 -0.00939631560355 -0.00346309584714 -0.0174615900327
891 -0.00939631560355 -0.00346309584714 -0.0174615900327
892 -0.00939631560355 -0.00346309584714 -0.0174615900327
893 -0.00939631560355 -0.00346309584714 -0.0174615900327
894 -0.00939631560355 -0.00346309584714 -0.0174615900327
895 -0.00939631560355 -0.00346309584714 -0.0174615900327
896 -0.00939631560355 -0.00346309584714 -0.0174615900327
897 -0.00939631560355 -0.00346309584714 -0.0174615900327
898 -0.00939631560355 -0.00346309584714 -0.0174615900327
899 -0.00939631560355 -0.00346309584714 -0.0174615900327
900 -0.00939631560355 -0.00346309584714 -0.0174615900327
901 0.000250991286263 -0.000234038875612 -0.00321034435114
902 0.000250991286263 -0.000234038875612 -0.00321034435114
903 0.000250991286263 -0.000234038875612 -0.00321034435114
904 0.000250991286263 -0.000234038875612 -0.00321034435114
905 0.000250991286263 -0.000234038875612 -0.00321034435114
906 0.000250991286263 -0.000234038875612 -0.00321034435114
907 0.000250991286263 -0.000234038875612 -0.00321034435114
908 0.000250991286263 -0.000234038875612 -0.00321034435114
909 0.000250991286263 -0.000234038875612 -0.00321034435114
910 0.000250991286263 -0.000234038875612 -0.00321034435114
911 0.000250991286263 -0.000234038875612 -0.00321034435114
912 0.000250991286263 -0.000234038875612 -0.00321034435114
913 0.000250991286263 -0.000234038875612 -0.00321034435114
914 0.000250991286263 -0.000234038875612 -0.00321034435114
915 0.000250991286263 -0.000234038875612 -0.00321034435114
916 0.000250991286263 -0.000234038875612 -0.00321034435114
917 0.000250991286263 -0.000234038875612 -0.00321034435114
918 0.000250991286263 -0.000234038875612 -0.00321034435114
919 0.000250991286263 -0.000234038875612 -0.00321034435114
920 0.000250991286263 -0.000234038875612 -0.00321034435114
921 0.000250991286263 -0.000234038875612 -0.00321034435114
922 0.000250991286263 -0.000234038875612 -0.00321034435114
923 0.000250991286263 -0.000234038875612 -0.00321034435114
924 0.000250991286263 -0.000234038875612 -0.00321034435114
925 0.000250991286263 -0.000234038875612 -0.00321034435114
926 0.000250991286263 -0.000234038875612 -0.00321034435114
927 0.000250991286263 -0.000234038875612 -0.00321034435114
928 0.000250991286263 -0.000234038875612 -0.00321034435114
929 0.000250991286263 -0.000234038875612 -0.00321034435114
930 0.000250991286263 -0.000234038875612 -0.00321034435114
931 0.000250991286263 -0.000234038875612 -0.00321034435114
932 0.000250991286263 -0.000234038875612 -0.00321034435114
933 0.000250991286263 -0.000234038875612 -0.00321034435114
934 0.000250991286263 -0.000234038875612 -0.00321034435114
935 0.000250991286263 -0.000234038875612 -0.00321034435114
936 0.000250991286263 -0.000234038875612 -0.00321034435114
937 0.000250991286263 -0.000234038875612 -0.00321034435114
938 0.000250991286263 -0.000234038875612 -0.00321034435114
939 0.000250991286263 -0.000234038875612 -0.00321034435114
940 0.000250991286263 -0.000234038875612 -0.00321034435114
941 0.000250991286263 -0.000234038875612 -0.00321034435114
942 0.000250991286263 -0.000234038875612 -0.00321034435114
943 0.000250991286263 -0.000234038875612 -0.00321034435114
944 0.000250991286263 -0.000234038875612 -0.00321034435114
945 0.000250991286263 -0.000234038875612 -0.00321034435114
946 0.000250991286263 -0.000234038875612 -0.00321034435114
947 0.000250991286263 -0.000234038875612 -0.00321034435114
948 0.000250991286263 -0.000234038875612 -0.00321034435114
949 0.000250991286263 -0.000234038875612 -0.00321034435114
950 0.000250991286263 -0.000234038875612 -0.00321034435114
951 0.000250991286263 -0.000234038875612 -0.00321034435114
952 0.000250991286263 -0.000234038875612 -0.00321034435114
953 0.000250991286263 -0.000234038875612 -0.00321034435114
954 0.000250991286263 -0.000234038875612 -0.00321034435114
955 0.000250991286263 -0.000234038875612 -0.00321034435114
956 0.000250991286263 -0.000234038875612 -0.00321034435114
957 0.000250991286263 -0.000234038875612 -0.00321034435114
958 0.000250991286263 -0.000234038875612 -0.00321034435114
959 0.000250991286263 -0.000234038875612 -0.00321034435114
960 0.000250991286263 -0.000234038875612 -0.00321034435114
961 0.000250991286263 -0.000234038875612 -0.00321034435114
962 0.000250991286263 -0.000234038875612 -0.00321034435114
963 0.000250991286263 -0.000234038875612 -0.00321034435114
964 0.000250991286263 -0.000234038875612 -0.00321034435114
965 0.000250991286263 -0.000234038875612 -0.00321034435114
966 0.000250991286263 -0.000234038875612 -0.00321034435114
967 0.000250991286263 -0.000234038875612 -0.00321034435114
968 0.000250991286263 -0.000234038875612 -0.00321034435114
969 0.000250991286263 -0.000234038875612 -0.00321034435114
970 0.000250991286263 -0.000234038875612 -0.00321034435114
971 -0.000682367751841 -0.000234038875612 -0.00321034435114
972 -0.000682367751841 -0.000234038875612 -0.00321034435114
973 -0.000682367751841 -0.000234038875612 -0.00321034435114
974 -0.000682367751841 -0.000234038875612 -0.00321034435114
975 -0.000682367751841 -0.000234038875612 -0.00321034435114
976 -0.000682367751841 -0.000234038875612 -0.00321034435114
977 -0.000682367751841 -0.000234038875612 -0.00321034435114
978 -0.000682367751841 -0.000234038875612 -0.00321034435114
979 -0.000682367751841 -0.000234038875612 -0.00321034435114
980 -0.000682367751841 -0.000234038875612 -0.00321034435114
981 -0.000682367751841 -0.000234038875612 -0.00321034435114
982 -0.000682367751841 -0.000234038875612 -0.00321034435114
983 -0.000682367751841 -0.000234038875612 -0.00321034435114
984 -0.000682367751841 -0.000234038875612 -0.00321034435114
985 -0.000682367751841 -0.000234038875612 -0.00321034435114
986 -0.000682367751841 -0.000234038875612 -0.00321034435114
987 -0.000682367751841 -0.000234038875612 -0.00321034435114
988 -0.000682367751841 -0.000234038875612 -0.00321034435114
989 -0.000682367751841 -0.000234038875612 -0.00321034435114
990 -0.000682367751841 -0.000234038875612 -0.00321034435114
991 -0.000682367751841 -0.000234038875612 -0.00321034435114
992 -0.000682367751841 -0.000234038875612 -0.00321034435114
993 -0.000682367751841 -0.000234038875612 -0.00321034435114
994 -0.000682367751841 -0.000234038875612 -0.00321034435114
995 -0.000682367751841 -0.000234038875612 -0.00321034435114
996 -0.000682367751841 -0.000234038875612 -0.00321034435114
997 -0.000682367751841 -0.000234038875612 -0.00321034435114
998 -0.000682367751841 -0.000234038875612 -0.00321034435114
999 -0.000682367751841 -0.000234038875612 -0.00321034435114
1000 -0.000682367751841 -0.000234038875612 -0.00321034435114
1001 -0.000682367751841 0.0 0.0
1002 -0.000682367751841 0.0 0.0
1003 -0.000682367751841 0.0 0.0
1004 -0.000682367751841 0.0 0.0
1005 -0.000682367751841 0.0 0.0
1006 -0.000682367751841 0.0 0.0
1007 -0.000682367751841 0.0 0.0
1008 -0.000682367751841 0.0 0.0
1009 -0.000682367751841 0.0 0.0
1010 -0.000682367751841 0.0 0.0
1011 -0.000682367751841 0.0 0.0
1012 -0.000682367751841 0.0 0.0
1013 -0.000682367751841 0.0 0.0
1014 -0.000682367751841 0.0 0.0
1015 -0.000682367751841 0.0 0.0
1016 -0.000682367751841 0.0 0.0
1017 -0.000682367751841 0.0 0.0
1018 -0.000682367751841 0.0 0.0
1019 -0.000682367751841 0.0 0.0
1020 -0.000682367751841 0.0 0.0
1021 -0.000682367751841 0.0 0.0
1022 -0.000682367751841 0.0 0.0
1023 -0.000682367751841 0.0 0.0
1024 -0.000682367751841 0.0 0.0
1025 -0.000682367751841 0.0 0.0
1026 -0.000682367751841 0.0 0.0
1027 -0.000682367751841 0.0 0.0
1028 -0.000682367751841 0.0 0.0
1029 -0.000682367751841 0.0 0.0
1030 -0.000682367751841 0.0 0.0
1031 0.00567466260664 0.0 0.0
1032 0.00567466260664 0.0 0.0
1033 0.00567466260664 0.0 0.0
1034 0.00567466260664 0.0 0.0
1035 0.00567466260664 0.0 0.0
1036 0.00567466260664 0.0 0.0
1037 0.00567466260664 0.0 0.0
1038 0.00567466260664 0.0 0.0
1039 0.00567466260664 0.0 0.0
1040 0.00567466260664 0.0 0.0
1041 0.00567466260664 0.0 0.0
1042 0.00567466260664 0.0 0.0
1043 0.00567466260664 0.0 0.0
1044 0.00567466260664 0.0 0.0
1045 0.00567466260664 0.0 0.0
1046 0.00567466260664 0.0 0.0
1047 0.00567466260664 0.0 0.0
1048 0.00567466260664 0.0 0.0
1049 0.00567466260664 0.0 0.0
1050 0.00567466260664 0.0 0.0
1051 0.00567466260664 0.0 0.0
1052 0.00567466260664 0.0 0.0
1053 0.00567466260664 0.0 0.0
1054 0.00567466260664 0.0 0.0
1055 0.00567466260664 0.0 0.0
1056 0.00567466260664 0.0 0.0
1057 0.00567466260664 0.0 0.0
1058 0.00567466260664 0.0 0.0
1059 0.00567466260664 0.0 0.0
1060 0.00567466260664 0.0 0.0
1061 0.00567466260664 0.0 0.0
1062 0.00567466260664 0.0 0.0
1063 0.00567466260664 0.0 0.0
1064 0.00567466260664 0.0 0.0
1065 0.00567466260664 0.0 0.0
1066 0.00567466260664 0.0 0.0
1067 0.00567466260664 0.0 0.0
1068 0.00567466260664 0.0 0.0
1069 0.00567466260664 0.0 0.0
1070 0.00567466260664 0.0 0.0
1071 0.00567466260664 0.0 0.0
1072 0.00567466260664 0.0 0.0
1073 0.00567466260664 0.0 0.0
1074 0.00567466260664 0.0 0.0
1075 0.00567466260664 0.0 0.0
1076 0.00567466260664 0.0 0.0
1077 0.00567466260664 0.0 0.0
1078 0.00567466260664 0.0 0.0
1079 0.00567466260664 0.0 0.0
1080 0.00567466260664 0.0 0.0
1081 0.00567466260664 0.0 0.0
1082 0.00567466260664 0.0 0.0
1083 0.00567466260664 0.0 0.0
1084 0.00567466260664 0.0 0.0
1085 0.00567466260664 0.0 0.0
1086 0.00567466260664 0.0 0.0
1087 0.00567466260664 0.0 0.0
1088 0.00567466260664 0.0 0.0
1089 0.00567466260664 0.0 0.0
1090 0.00567466260664 0.0 0.0
1091 -0.00455388282529 0.0 0.0
1092 -0.00455388282529 0.0 0.0
1093 -0.00455388282529 0.0 0.0
1094 -0.00455388282529 0.0 0.0
1095 -0.00455388282529 0.0 0.0
1096 -0.00455388282529 0.0 0.0
1097 -0.00455388282529 0.0 0.0
1098 -0.00455388282529 0.0 0.0
1099 -0.00455388282529 0.0 0.0
1100 -0.00455388282529 0.0 0.0
1101 -0.00455388282529 0.0 0.0
1102 -0.00455388282529 0.0 0.0
1103 -0.00455388282529 0.0 0.0
1104 -0.00455388282529 0.0 0.0
1105 -0.00455388282529 0.0 0.0
1106 -0.00455388282529 0.0 0.0
1107 -0.00455388282529 0.0 0.0
1108 -0.00455388282529 0.0 0.0
1109 -0.00455388282529 0.0 0.0
1110 -0.00455388282529 0.0 0.0
1111 -0.00455388282529 0.0 0.0
1112 -0.00455388282529 0.0 0.0
1113 -0.00455388282529 0.0 0.0
1114 -0.00455388282529 0.0 0.0
1115 -0.00455388282529 0.0 0.0
1116 -0.00455388282529 0.0 0.0
1117 -0.00455388282529 0.0 0.0
1118 -0.00455388282529 0.0 0.0
1119 -0.00455388282529 0.0 0.0
1120 -0.00455388282529 0.0 0.0
1121 -0.00455388282529 0.0 0.0
1122 -0.00455388282529 0.0 0.0
1123 -0.00455388282529 0.0 0.0
1124 -0.00455388282529 0.0 0.0
1125 -0.00455388282529 0.0 0.0
1126 -0.00455388282529 0.0 0.0
1127 -0.00455388282529 0.0 0.0
1128 -0.00455388282529 0.0 0.0
1129 -0.00455388282529 0.0 0.0
1130 -0.00455388282529 0.0 0.0
1131 -0.00455388282529 0.0 0.0
1132 -0.00455388282529 0.0 0.0
1133 -0.00455388282529 0.0 0.0
1134 -0.00455388282529 0.0 0.0
1135 -0.00455388282529 0.0 0.0
1136 -0.00455388282529 0.0 0.0
1137 -0.00455388282529 0.0 0.0
1138 -0.00455388282529 0.0 0.0
1139 -0.00455388282529 0.0 0.0
1140 -0.00455388282529 0.0 0.0
1141 -0.00455388282529 0.0 0.0
1142 -0.00455388282529 0.0 0.0
1143 -0.00455388282529 0.0 0.0
1144 -0.00455388282529 0.0 0.0
1145 -0.00455388282529 0.0 0.0
1146 -0.00455388282529 0.0 0.0
1147 -0.00455388282529 0.0 0.0
1148 -0.00455388282529 0.0 0.0
1149 -0.00455388282529 0.0 0.0
1150 -0.00455388282529 0.0 0.0
1151 -0.00825875885033 0.0 0.0
1152 -0.00825875885033 0.0 0.0
1153 -0.00825875885033 0.0 0.0
1154 -0.00825875885033 0.0 0.0
1155 -0.00825875885033 0.0 0.0
1156 -0.00825875885033 0.0 0.0
1157 -0.00825875885033 0.0 0.0
1158 -0.00825875885033 0.0 0.0
1159 -0.00825875885033 0.0 0.0
1160 -0.00825875885033 0.0 0.0
1161 -0.00825875885033 0.0 0.0
1162 -0.00825875885033 0.0 0.0
1163 -0.00825875885033 0.0 0.0
1164 -0.00825875885033 0.0 0.0
1165 -0.00825875885033 0.0 0.0
1166 -0.00825875885033 0.0 0.0
1167 -0.00825875885033 0.0 0.0
1168 -0.00825875885033 0.0 0.0
1169 -0.00825875885033 0.0 0.0
1170 -0.00825875885033 0.0 0.0
1171 -0.00825875885033 0.0 0.0
1172 -0.00825875885033 0.0 0.0
1173 -0.00825875885033 0.0 0.0
1174 -0.00825875885033 0.0 0.0
1175 -0.00825875885033 0.0 0.0
1176 -0.00825875885033 0.0 0.0
1177 -0.00825875885033 0.0 0.0
1178 -0.00825875885033 0.0 0.0
1179 -0.00825875885033 0.0 0.0
1180 -0.00825875885033 0.0 0.0
1181 -0.00825875885033 0.0 0.0
1182 -0.00825875885033 0.0 0.0
1183 -0.00825875885033 0.0 0.0
1184 -0.00825875885033 0.0 0.0
1185 -0.00825875885033 0.0 0.0
1186 -0.00825875885033 0.0 0.0
1187 -0.00825875885033 0.0 0.0
1188 -0.00825875885033 0.0 0.0
1189 -0.00825875885033 0.0 0.0
1190 -0.00825875885033 0.0 0.0
1191 -0.00825875885033 0.0 0.0
1192 -0.00825875885033 0.0 0.0
1193 -0.00825875885033 0.0 0.0
1194 -0.00825875885033 0.0 0.0
1195 -0.00825875885033 0.0 0.0
1196 -0.00825875885033 0.0 0.0
1197 -0.00825875885033 0.0 0.0
1198 -0.00825875885033 0.0 0.0
1199 -0.00825875885033 0.0 0.0
1200 -0.00825875885033 0.0 0.0
1201 -0.00825875885033 0.0 0.0
1202 -0.00825875885033 0.0 0.0
1203 -0.00825875885033 0.0 0.0
1204 -0.00825875885033 0.0 0.0
1205 -0.00825875885033 0.0 0.0
1206 -0.00825875885033 0.0 0.0
1207 -0.00825875885033 0.0 0.0
1208 -0.00825875885033 0.0 0.0
1209 -0.00825875885033 0.0 0.0
1210 -0.00825875885033 0.0 0.0
1211 0.0035128004066 0.0 0.0
1212 0.0035128004066 0.0 0.0
1213 0.0035128004066 0.0 0.0
1214 0.0035128004066 0.0 0.0
1215 0.0035128004066 0.0 0.0
1216 0.0035128004066 0.0 0.0
1217 0.0035128004066 0.0 0.0
1218 0.0035128004066 0.0 0.0
1219 0.0035128004066 0.0 0.0
1220 0.0035128004066 0.0 0.0
1221 0.0035128004066 0.0 0.0
1222 0.0035128004066 0.0 0.0
1223 0.0035128004066 0.0 0.0
1224 0.0035128004066 0.0 0.0
1225 0.0035128004066 0.0 0.0
1226 0.0035128004066 0.0 0.0
1227 0.0035128004066 0.0 0.0
1228 0.0035128004066 0.0 0.0
1229 0.0035128004066 0.0 0.0
1230 0.0035128004066 0.0 0.0
1231 0.0035128004066 0.0 0.0
1232 0.0035128004066 0.0 0.0
1233 0.0035128004066 0.0 0.0
1234 0.0035128004066 0.0 0.0
1235 0.0035128004066 0.0 0.0
1236 0.0035128004066 0.0 0.0
1237 0.0035128004066 0.0 0.0
1238 0.0035128004066 0.0 0.0
1239 0.0035128004066 0.0 0.0
1240 0.0035128004066 0.0 0.0
1241 0.0035128004066 0.0 0.0
1242 0.0035128004066 0.0 0.0
1243 0.0035128004066 0.0 0.0
1244 0.0035128004066 0.0 0.0
1245 0.0035128004066 0.0 0.0
1246 0.0035128004066 0.0 0.0
1247 0.0035128004066 0.0 0.0
1248 0.0035128004066 0.0 0.0
1249 0.0035128004066 0.0 0.0
1250 0.0035128004066 0.0 0.0
1251 0.0035128004066 0.0 0.0
1252 0.0035128004066 0.0 0.0
1253 0.0035128004066 0.0 0.0
1254 0.0035128004066 0.0 0.0
1255 0.0035128004066 0.0 0.0
1256 0.0035128004066 0.0 0.0
1257 0.0035128004066 0.0 0.0
1258 0.0035128004066 0.0 0.0
1259 0.0035128004066 0.0 0.0
1260 0.0035128004066 0.0 0.0
1261 0.0035128004066 0.0 0.0
1262 0.0035128004066 0.0 0.0
1263 0.0035128004066 0.0 0.0
1264 0.0035128004066 0.0 0.0
1265 0.0035128004066 0.0 0.0
1266 0.0035128004066 0.0 0.0
1267 0.0035128004066 0.0 0.0
1268 0.0035128004066 0.0 0.0
1269 0.0035128004066 0.0 0.0
1270 0.0035128004066 0.0 0.0
1271 0.00253872026988 0.0 0.0
1272 0.00253872026988 0.0 0.0
1273 0.00253872026988 0.0 0.0
1274 0.00253872026988 0.0 0.0
1275 0.00253872026988 0.0 0.0
1276 0.00253872026988 0.0 0.0
1277 0.00253872026988 0.0 0.0
1278 0.00253872026988 0.0 0.0
1279 0.00253872026988 0.0 0.0
1280 0.00253872026988 0.0 0.0
1281 0.00253872026988 0.0 0.0
1282 0.00253872026988 0.0 0.0
1283 0.00253872026988 0.0 0.0
1284 0.00253872026988 0.0 0.0
1285 0.00253872026988 0.0 0.0
1286 0.00253872026988 0.0 0.0
1287 0.00253872026988 0.0 0.0
1288 0.00253872026988 0.0 0.0
1289 0.00253872026988 0.0 0.0
1290 0.00253872026988 0.0 0.0
1291 0.00253872026988 0.0 0.0
1292 0.00253872026988 0.0 0.0
1293 0.00253872026988 0.0 0.0
1294 0.00253872026988 0.0 0.0
1295 0.00253872026988 0.0 0.0
1296 0.00253872026988 0.0 0.0
1297 0.00253872026988 0.0 0.0
1298 0.00253872026988 0.0 0.0
1299 0.00253872026988 0.0 0.0
1300 0.00253872026988 0.0 0.0
1301 0.00253872026988 0.0 0.0
1302 0.00253872026988 0.0 0.0
1303 0.00253872026988 0.0 0.0
1304 0.00253872026988 0.0 0.0
1305 0.00253872026988 0.0 0.0
1306 0.00253872026988 0.0 0.0
1307 0.00253872026988 0.0 0.0
1308 0.00253872026988 0.0 0.0
1309 0.00253872026988 0.0 0.0
1310 0.00253872026988 0.0 0.0
1311 0.00253872026988 0.0 0.0
1312 0.00253872026988 0.0 0.0
1313 0.00253872026988 0.0 0.0
1314 0.00253872026988 0.0 0.0
1315 0.00253872026988 0.0 0.0
1316 0.00253872026988 0.0 0.0
1317 0.00253872026988 0.0 0.0
1318 0.00253872026988 0.0 0.0
1319 0.00253872026988 0.0 0.0
1320 0.00253872026988 0.0 0.0
1321 0.00253872026988 0.0 0.0
1322 0.00253872026988 0.0 0.0
1323 0.00253872026988 0.0 0.0
1324 0.00253872026988 0.0 0.0
1325 0.00253872026988 0.0 0.0
1326 0.00253872026988 0.0 0.0
1327 0.00253872026988 0.0 0.0
1328 0.00253872026988 0.0 0.0
1329 0.00253872026988 0.0 0.0
1330 0.00253872026988 0.0 0.0
1331 0.00371036667298 0.0 0.0
1332 0.00371036667298 0.0 0.0
1333 0.00371036667298 0.0 0.0
1334 0.00371036667298 0.0 0.0
1335 0.00371036667298 0.0 0.0
1336 0.00371036667298 0.0 0.0
1337 0.00371036667298 0.0 0.0
1338 0.00371036667298 0.0 0.0
1339 0.00371036667298 0.0 0.0
1340 0.00371036667298 0.0 0.0
1341 0.00371036667298 0.0 0.0
1342 0.00371036667298 0.0 0.0
1343 0.00371036667298 0.0 0.0
1344 0.00371036667298 0.0 0.0
1345 0.00371036667298 0.0 0.0
1346 0.00371036667298 0.0 0.0
1347 0.00371036667298 0.0 0.0
1348 0.00371036667298 0.0 0.0
1349 0.00371036667298 0.0 0.0
1350 0.00371036667298 0.0 0.0
1351 0.00371036667298 0.0 0.0
1352 0.00371036667298 0.0 0.0
1353 0.00371036667298 0.0 0.0
1354 0.00371036667298 0.0 0.0
1355 0.00371036667298 0.0 0.0
1356 0.00371036667298 0.0 0.0
1357 0.00371036667298 0.0 0.0
1358 0.00371036667298 0.0 0.0
1359 0.00371036667298 0.0 0.0
1360 0.00371036667298 0.0 0.0
1361 0.00371036667298 0.0 0.0
1362 0.00371036667298 0.0 0.0
1363 0.00371036667298 0.0 0.0
1364 0.00371036667298 0.0 0.0
1365 0.00371036667298 0.0 0.0
1366 0.00371036667298 0.0 0.0
1367 0.00371036667298 0.0 0.0
1368 0.00371036667298 0.0 0.0
1369 0.00371036667298 0.0 0.0
1370 0.00371036667298 0.0 0.0
1371 0.00371036667298 0.0 0.0
1372 0.00371036667298 0.0 0.0
1373 0.00371036667298 0.0 0.0
1374 0.00371036667298 0.0 0.0
1375 0.00371036667298 0.0 0.0
1376 0.00371036667298 0.0 0.0
1377 0.00371036667298 0.0 0.0
1378 0.00371036667298 0.0 0.0
1379 0.00371036667298 0.0 0.0
1380 0.00371036667298 0.0 0.0
1381 0.00371036667298 0.0 0.0
1382 0.00371036667298 0.0 0.0
1383 0.00371036667298 0.0 0.0
1384 0.00371036667298 0.0 0.0
1385 0.00371036667298 0.0 0.0
1386 0.00371036667298 0.0 0.0
1387 0.00371036667298 0.0 0.0
1388 0.00371036667298 0.0 0.0
1389 0.00371036667298 0.0 0.0
1390 0.00371036667298 0.0 0.0
1391 0.00336630639992 0.0 0.0
1392 0.00336630639992 0.0 0.0
1393 0.00336630639992 0.0 0.0
1394 0.00336630639992 0.0 0.0
1395 0.00336630639992 0.0 0.0
1396 0.00336630639992 0.0 0.0
1397 0.00336630639992 0.0 0.0
1398 0.00336630639992 0.0 0.0
1399 0.00336630639992 0.0 0.0
1400 0.00336630639992 0.0 0.0
1401 0.00336630639992 0.0 0.0
1402 0.00336630639992 0.0 0.0
1403 0.00336630639992 0.0 0.0
1404 0.00336630639992 0.0 0.0
1405 0.00336630639992 0.0 0.0
1406 0.00336630639992 0.0 0.0
1407 0.00336630639992 0.0 0.0
1408 0.00336630639992 0.0 0.0
1409 0.00336630639992 0.0 0.0
1410 0.00336630639992 0.0 0.0
1411 0.00336630639992 0.0 0.0
1412 0.00336630639992 0.0 0.0
1413 0.00336630639992 0.0 0.0
1414 0.00336630639992 0.0 0.0
1415 0.00336630639992 0.0 0.0
1416 0.00336630639992 0.0 0.0
1417 0.00336630639992 0.0 0.0
1418 0.00336630639992 0.0 0.0
1419 0.00336630639992 0.0 0.0
1420 0.00336630639992 0.0 0.0
1421 0.00336630639992 0.0 0.0
1422 0.00336630639992 0.0 0.0
1423 0.00336630639992 0.0 0.0
1424 0.00336630639992 0.0 0.0
1425 0.00336630639992 0.0 0.0
1426 0.00336630639992 0.0 0.0
1427 0.00336630639992 0.0 0.0
1428 0.00336630639992 0.0 0.0
1429 0.00336630639992 0.0 0.0
1430 0.00336630639992 0.0 0.0
1431 0.00336630639992 0.0 0.0
1432 0.00336630639992 0.0 0.0
1433 0.00336630639992 0.0 0.0
1434 0.00336630639992 0.0 0.0
1435 0.00336630639992 0.0 0.0
1436 0.00336630639992 0.0 0.0
1437 0.00336630639992 0.0 0.0
1438 0.00336630639992 0.0 0.0
1439 0.00336630639992 0.0 0.0
1440 0.00336630639992 0.0 0.0
1441 0.00336630639992 0.0 0.0
1442 0.00336630639992 0.0 0.0
1443 0.00336630639992 0.0 0.0
1444 0.00336630639992 0.0 0.0
1445 0.00336630639992 0.0 0.0
1446 0.00336630639992 0.0 0.0
1447 0.00336630639992 0.0 0.0
1448 0.00336630639992 0.0 0.0
1449 0.00336630639992 0.0 0.0
1450 0.00336630639992 0.0 0.0
1451 0.00136801517419 0.0 0.0
1452 0.00136801517419 0.0 0.0
1453 0.00136801517419 0.0 0.0
1454 0.00136801517419 0.0 0.0
1455 0.00136801517419 0.0 0.0
1456 0.00136801517419 0.0 0.0
1457 0.00136801517419 0.0 0.0
1458 0.00136801517419 0.0 0.0
1459 0.00136801517419 0.0 0.0
1460 0.00136801517419 0.0 0.0
1461 0.00136801517419 0.0 0.0
1462 0.00136801517419 0.0 0.0
1463 0.00136801517419 0.0 0.0
1464 0.00136801517419 0.0 0.0
1465 0.00136801517419 0.0 0.0
1466 0.00136801517419 0.0 0.0
1467 0.00136801517419 0.0 0.0
1468 0.00136801517419 0.0 0.0
1469 0.00136801517419 0.0 0.0
1470 0.00136801517419 0.0 0.0
1471 0.00136801517419 0.0 0.0
1472 0.00136801517419 0.0 0.0
1473 0.00136801517419 0.0 0.0
1474 0.00136801517419 0.0 0.0
1475 0.00136801517419 0.0 0.0
1476 0.00136801517419 0.0 0.0
1477 0.00136801517419 0.0 0.0
1478 0.00136801517419 0.0 0.0
1479 0.00136801517419 0.0 0.0
1480 0.00136801517419 0.0 0.0
1481 0.00136801517419 0.0 0.0
1482 0.00136801517419 0.0 0.0
1483 0.00136801517419 0.0 0.0
1484 0.00136801517419 0.0 0.0
1485 0.00136801517419 0.0 0.0
1486 0.00136801517419 0.0 0.0
1487 0.00136801517419 0.0 0.0
1488 0.00136801517419 0.0 0.0
1489 0.00136801517419 0.0 0.0
1490 0.00136801517419 0.0 0.0
1491 0.00136801517419 0.0 0.0
1492 0.00136801517419 0.0 0.0
1493 0.00136801517419 0.0 0.0
1494 0.00136801517419 0.0 0.0
1495 0.00136801517419 0.0 0.0
1496 0.00136801517419 0.0 0.0
1497 0.00136801517419 0.0 0.0
1498 0.00136801517419 0.0 0.0
1499 0.00136801517419 0.0 0.0
1500 0.00136801517419 0.0 0.0
1501 0.00136801517419 0.0 0.0
1502 0.00136801517419 0.0 0.0
1503 0.00136801517419 0.0 0.0
1504 0.00136801517419 0.0 0.0
1505 0.00136801517419 0.0 0.0
1506 0.00136801517419 0.0 0.0
1507 0.00136801517419 0.0 0.0
1508 0.00136801517419 0.0 0.0
1509 0.00136801517419 0.0 0.0
1510 0.00136801517419 0.0 0.0
1511 -0.00110696931585 0.0 0.0
1512 -0.00110696931585 0.0 0.0
1513 -0.00110696931585 0.0 0.0
1514 -0.00110696931585 0.0 0.0
1515 -0.00110696931585 0.0 0.0
1516 -0.00110696931585 0.0 0.0
1517 -0.00110696931585 0.0 0.0
1518 -0.00110696931585 0.0 0.0
1519 -0.00110696931585 0.0 0.0
1520 -0.00110696931585 0.0 0.0
1521 -0.00110696931585 0.0 0.0
1522 -0.00110696931585 0.0 0.0
1523 -0.00110696931585 0.0 0.0
1524 -0.00110696931585 0.0 0.0
1525 -0.00110696931585 0.0 0.0
1526 -0.00110696931585 0.0 0.0
1527 -0.00110696931585 0.0 0.0
1528 -0.00110696931585 0.0 0.0
1529 -0.00110696931585 0.0 0.0
1530 -0.00110696931585 0.0 0.0
1531 -0.00110696931585 0.0 0.0
1532 -0.00110696931585 0.0 0.0
1533 -0.00110696931585 0.0 0.0
1534 -0.00110696931585 0.0 0.0
1535 -0.00110696931585 0.0 0.0
1536 -0.00110696931585 0.0 0.0
1537 -0.00110696931585 0.0 0.0
1538 -0.00110696931585 0.0 0.0
1539 -0.00110696931585 0.0 0.0
1540 -0.00110696931585 0.0 0.0
1541 -0.00110696931585 0.0 0.0
1542 -0.00110696931585 0.0 0.0
1543 -0.00110696931585 0.0 0.0
1544 -0.00110696931585 0.0 0.0
1545 -0.00110696931585 0.0 0.0
1546 -0.00110696931585 0.0 0.0
1547 -0.00110696931585 0.0 0.0
1548 -0.00110696931585 0.0 0.0
1549 -0.00110696931585 0.0 0.0
1550 -0.00110696931585 0.0 0.0
1551 -0.00110696931585 0.0 0.0
1552 -0.00110696931585 0.0 0.0
1553 -0.00110696931585 0.0 0.0
1554 -0.00110696931585 0.0 0.0
1555 -0.00110696931585 0.0 0.0
1556 -0.00110696931585 0.0 0.0
1557 -0.00110696931585 0.0 0.0
1558 -0.00110696931585 0.0 0.0
1559 -0.00110696931585 0.0 0.0
1560 -0.00110696931585 0.0 0.0
1561 -0.00110696931585 0.0 0.0
1562 -0.00110696931585 0.0 0.0
1563 -0.00110696931585 0.0 0.0
1564 -0.00110696931585 0.0 0.0
1565 -0.00110696931585 0.0 0.0
1566 -0.00110696931585 0.0 0.0
1567 -0.00110696931585 0.0 0.0
1568 -0.00110696931585 0.0 0.0
1569 -0.00110696931585 0.0 0.0
1570 -0.00110696931585 0.0 0.0
1571 -0.00129892168622 0.0 0.0
1572 -0.00129892168622 0.0 0.0
1573 -0.00129892168622 0.0 0.0
1574 -0.00129892168622 0.0 0.0
1575 -0.00129892168622 0.0 0.0
1576 -0.00129892168622 0.0 0.0
1577 -0.00129892168622 0.0 0.0
1578 -0.00129892168622 0.0 0.0
1579 -0.00129892168622 0.0 0.0
1580 -0.00129892168622 0.0 0.0
1581 -0.00129892168622 0.0 0.0
1582 -0.00129892168622 0.0 0.0
1583 -0.00129892168622 0.0 0.0
1584 -0.00129892168622 0.0 0.0
1585 -0.00129892168622 0.0 0.0
1586 -0.00129892168622 0.0 0.0
1587 -0.00129892168622 0.0 0.0
1588 -0.00129892168622 0.0 0.0
1589 -0.00129892168622 0.0 0.0
1590 -0.00129892168622 0.0 0.0
1591 -0.00129892168622 0.0 0.0
1592 -0.00129892168622 0.0 0.0
1593 -0.00129892168622 0.0 0.0
1594 -0.00129892168622 0.0 0.0
1595 -0.00129892168622 0.0 0.0
1596 -0.00129892168622 0.0 0.0
1597 -0.00129892168622 0.0 0.0
1598 -0.00129892168622 0.0 0.0
1599 -0.00129892168622 0.0 0.0
1600 -0.00129892168622 0.0 0.0
1601 -0.00129892168622 0.0 0.0
1602 -0.00129892168622 0.0 0.0
1603 -0.00129892168622 0.0 0.0
1604 -0.00129892168622 0.0 0.0
1605 -0.00129892168622 0.0 0.0
1606 -0.00129892168622 0.0 0.0
1607 -0.00129892168622 0.0 0.0
1608 -0.00129892168622 0.0 0.0
1609 -0.00129892168622 0.0 0.0
1610 -0.00129892168622 0.0 0.0
1611 -0.00129892168622 0.0 0.0
1612 -0.00129892168622 0.0 0.0
1613 -0.00129892168622 0.0 0.0
1614 -0.00129892168622 0.0 0.0
1615 -0.00129892168622 0.0 0.0
1616 -0.00129892168622 0.0 0.0
1617 -0.00129892168622 0.0 0.0
1618 -0.00129892168622 0.0 0.0
1619 -0.00129892168622 0.0 0.0
1620 -0.00129892168622 0.0 0.0
1621 -0.00129892168622 0.0 0.0
1622 -0.00129892168622 0.0 0.0
1623 -0.00129892168622 0.0 0.0
1624 -0.00129892168622 0.0 0.0
1625 -0.00129892168622 0.0 0.0
1626 -0.00129892168622 0.0 0.0
1627 -0.00129892168622 0.0 0.0
1628 -0.00129892168622 0.0 0.0
1629 -0.00129892168622 0.0 0.0
1630 -0.00129892168622 0.0 0.0
1631 -0.00129892168622 0.0 0.0
1632 -0.00129892168622 0.0 0.0
1633 -0.00129892168622 0.0 0.0
1634 -0.00129892168622 0.0 0.0
1635 -0.00129892168622 0.0 0.0
1636 -0.00129892168622 0.0 0.0
1637 -0.00129892168622 0.0 0.0
1638 -0.00129892168622 0.0 0.0
1639 -0.00129892168622 0.0 0.0
1640 -0.00129892168622 0.0 0.0
1641 -0.00129892168622 0.0 0.0
1642 -0.00129892168622 0.0 0.0
1643 -0.00129892168622 0.0 0.0
1644 -0.00129892168622 0.0 0.0
1645 -0.00129892168622 0.0 0.0
1646 -0.00129892168622 0.0 0.0
1647 -0.00129892168622 0.0 0.0
1648 -0.00129892168622 0.0 0.0
1649 -0.00129892168622 0.0 0.0
1650 -0.00129892168622 0.0 0.0
1651 0.00181446613143 0.0 0.0
1652 0.00181446613143 0.0 0.0
1653 0.00181446613143 0.0 0.0
1654 0.00181446613143 0.0 0.0
1655 0.00181446613143 0.0 0.0
1656 0.00181446613143 0.0 0.0
1657 0.00181446613143 0.0 0.0
1658 0.00181446613143 0.0 0.0
1659 0.00181446613143 0.0 0.0
1660 0.00181446613143 0.0 0.0
1661 0.00181446613143 0.0 0.0
1662 0.00181446613143 0.0 0.0
1663 0.00181446613143 0.0 0.0
1664 0.00181446613143 0.0 0.0
1665 0.00181446613143 0.0 0.0
1666 0.00181446613143 0.0 0.0
1667 0.00181446613143 0.0 0.0
1668 0.00181446613143 0.0 0.0
1669 0.00181446613143 0.0 0.0
1670 0.00181446613143 0.0 0.0
1671 0.00181446613143 0.0 0.0
1672 0.00181446613143 0.0 0.0
1673 0.00181446613143 0.0 0.0
1674 0.00181446613143 0.0 0.0
1675 0.00181446613143 0.0 0.0
1676 0.00181446613143 0.0 0.0
1677 0.00181446613143 0.0 0.0
1678 0.00181446613143 0.0 0.0
1679 0.00181446613143 0.0 0.0
1680 0.00181446613143 0.0 0.0
1681 0.00181446613143 0.0 0.0
1682 0.00181446613143 0.0 0.0
1683 0.00181446613143 0.0 0.0
1684 0.00181446613143 0.0 0.0
1685 0.00181446613143 0.0 0.0
1686 0.00181446613143 0.0 0.0
1687 0.00181446613143 0.0 0.0
1688 0.00181446613143 0.0 0.0
1689 0.00181446613143 0.0 0.0
1690 0.00181446613143 0.0 0.0
1691 0.00181446613143 0.0 0.0
1692 0.00181446613143 0.0 0.0
1693 0.00181446613143 0.0 0.0
1694 0.00181446613143 0.0 0.0
1695 0.00181446613143 0.0 0.0
1696 0.00181446613143 0.0 0.0
1697 0.00181446613143 0.0 0.0
1698 0.00181446613143 0.0 0.0
1699 0.00181446613143 0.0 0.0
1700 0.00181446613143 0.0 0.0
1701 0.00181446613143 0.0 0.0
1702 0.00181446613143 0.0 0.0
1703 0.00181446613143 0.0 0.0
1704 0.00181446613143 0.0 0.0
1705 0.00181446613143 0.0 0.0
1706 0.00181446613143 0.0 0.0
1707 0.00181446613143 0.0 0.0
1708 0.00181446613143 0.0 0.0
1709 0.00181446613143 0.0 0.0
1710 0.00181446613143 0.0 0.0
1711 0.00181446613143 0.0 0.0
1712 0.00181446613143 0.0 0.0
1713 0.00181446613143 0.0 0.0
1714 0.00181446613143 0.0 0.0
1715 0.00181446613143 0.0 0.0
1716 0.00181446613143 0.0 0.0
1717 0.00181446613143 0.0 0.0
1718 0.00181446613143 0.0 0.0
1719 0.00181446613143 0.0 0.0
1720 0.00181446613143 0.0 0.0
1721 0.00181446613143 0.0 0.0
1722 0.00181446613143 0.0 0.0
1723 0.00181446613143 0.0 0.0
1724 0.00181446613143 0.0 0.0
1725 0.00181446613143 0.0 0.0
1726 0.00181446613143 0.0 0.0
1727 0.00181446613143 0.0 0.0
1728 0.00181446613143 0.0 0.0
1729 0.00181446613143 0.0 0.0
1730 0.00181446613143 0.0 0.0
1731 0.00181446613143 0.0 0.0
1732 0.00181446613143 0.0 0.0
1733 0.00181446613143 0.0 0.0
1734 0.00181446613143 0.0 0.0
1735 0.00181446613143 0.0 0.0
1736 0.00181446613143 0.0 0.0
1737 0.00181446613143 0.0 0.0
1738 0.00181446613143 0.0 0.0
1739 0.00181446613143 0.0 0.0
1740 0.00181446613143 0.0 0.0
1741 0.00181446613143 0.0 0.0
1742 0.00181446613143 0.0 0.0
1743 0.00181446613143 0.0 0.0
1744 0.00181446613143 0.0 0.0
1745 0.00181446613143 0.0 0.0
1746 0.00181446613143 0.0 0.0
1747 0.00181446613143 0.0 0.0
1748 0.00181446613143 0.0 0.0
1749 0.00181446613143 0.0 0.0
1750 0.00181446613143 0.0 0.0
1751 -0.0010165802266 0.0 0.0
1752 -0.0010165802266 0.0 0.0
1753 -0.0010165802266 0.0 0.0
1754 -0.0010165802266 0.0 0.0
1755 -0.0010165802266 0.0 0.0
1756 -0.0010165802266 0.0 0.0
1757 -0.0010165802266 0.0 0.0
1758 -0.0010165802266 0.0 0.0
1759 -0.0010165802266 0.0 0.0
1760 -0.0010165802266 0.0 0.0
1761 -0.0010165802266 0.0 0.0
1762 -0.0010165802266 0.0 0.0
1763 -0.0010165802266 0.0 0.0
1764 -0.0010165802266 0.0 0.0
1765 -0.0010165802266 0.0 0.0
1766 -0.0010165802266 0.0 0.0
1767 -0.0010165802266 0.0 0.0
1768 -0.0010165802266 0.0 0.0
1769 -0.0010165802266 0.0 0.0
1770 -0.0010165802266 0.0 0.0
1771 -0.0010165802266 0.0 0.0
1772 -0.0010165802266 0.0 0.0
1773 -0.0010165802266 0.0 0.0
1774 -0.0010165802266 0.0 0.0
1775 -0.0010165802266 0.0 0.0
1776 -0.0010165802266 0.0 0.0
1777 -0.0010165802266 0.0 0.0
1778 -0.0010165802266 0.0 0.0
1779 -0.0010165802266 0.0 0.0
1780 -0.0010165802266 0.0 0.0
1781 -0.0010165802266 0.0 0.0
1782 -0.0010165802266 0.0 0.0
1783 -0.0010165802266 0.0 0.0
1784 -0.0010165802266 0.0 0.0
1785 -0.0010165802266 0.0 0.0
1786 -0.0010165802266 0.0 0.0
1787 -0.0010165802266 0.0 0.0
1788 -0.0010165802266 0.0 0.0
1789 -0.0010165802266 0.0 0.0
1790 -0.0010165802266 0.0 0.0
1791 -0.0010165802266 0.0 0.0
1792 -0.0010165802266 0.0 0.0
1793 -0.0010165802266 0.0 0.0
1794 -0.0010165802266 0.0 0.0
1795 -0.0010165802266 0.0 0.0
1796 -0.0010165802266 0.0 0.0
1797 -0.0010165802266 0.0 0.0
1798 -0.0010165802266 0.0 0.0
1799 -0.0010165802266 0.0 0.0
1800 -0.0010165802266 0.0 0.0
1801 -0.0010165802266 0.0 0.0
1802 -0.0010165802266 0.0 0.0
1803 -0.0010165802266 0.0 0.0
1804 -0.0010165802266 0.0 0.0
1805 -0.0010165802266 0.0 0.0
1806 -0.0010165802266 0.0 0.0
1807 -0.0010165802266 0.0 0.0
1808 -0.0010165802266 0.0 0.0
1809 -0.0010165802266 0.0 0.0
1810 -0.0010165802266 0.0 0.0
1811 -0.0010165802266 0.0 0.0
1812 -0.0010165802266 0.0 0.0
1813 -0.0010165802266 0.0 0.0
1814 -0.0010165802266 0.0 0.0
1815 -0.0010165802266 0.0 0.0
1816 -0.0010165802266 0.0 0.0
1817 -0.0010165802266 0.0 0.0
1818 -0.0010165802266 0.0 0.0
1819 -0.0010165802266 0.0 0.0
1820 -0.0010165802266 0.0 0.0
1821 -0.0010165802266 0.0 0.0
1822 -0.0010165802266 0.0 0.0
1823 -0.0010165802266 0.0 0.0
1824 -0.0010165802266 0.0 0.0
1825 -0.0010165802266 0.0 0.0
1826 -0.0010165802266 0.0 0.0
1827 -0.0010165802266 0.0 0.0
1828 -0.0010165802266 0.0 0.0
1829 -0.0010165802266 0.0 0.0
1830 -0.0010165802266 0.0 0.0
1831 -0.0010165802266 0.0 0.0
1832 -0.0010165802266 0.0 0.0
1833 -0.0010165802266 0.0 0.0
1834 -0.0010165802266 0.0 0.0
1835 -0.0010165802266 0.0 0.0
1836 -0.0010165802266 0.0 0.0
1837 -0.0010165802266 0.0 0.0
1838 -0.0010165802266 0.0 0.0
1839 -0.0010165802266 0.0 0.0
1840 -0.0010165802266 0.0 0.0
1841 -0.0010165802266 0.0 0.0
1842 -0.0010165802266 0.0 0.0
1843 -0.0010165802266 0.0 0.0
1844 -0.0010165802266 0.0 0.0
1845 -0.0010165802266 0.0 0.0
1846 -0.0010165802266 0.0 0.0
1847 -0.0010165802266 0.0 0.0
1848 -0.0010165802266 0.0 0.0
1849 -0.0010165802266 0.0 0.0
1850 -0.0010165802266 0.0 0.0
1851 0.00133978574042 0.0 0.0
1852 0.00133978574042 0.0 0.0
1853 0.00133978574042 0.0 0.0
1854 0.00133978574042 0.0 0.0
1855 0.00133978574042 0.0 0.0
1856 0.00133978574042 0.0 0.0
1857 0.00133978574042 0.0 0.0
1858 0.00133978574042 0.0 0.0
1859 0.00133978574042 0.0 0.0
1860 0.00133978574042 0.0 0.0
1861 0.00133978574042 0.0 0.0
1862 0.00133978574042 0.0 0.0
1863 0.00133978574042 0.0 0.0
1864 0.00133978574042 0.0 0.0
1865 0.00133978574042 0.0 0.0
1866 0.00133978574042 0.0 0.0
1867 0.00133978574042 0.0 0.0
1868 0.00133978574042 0.0 0.0
1869 0.00133978574042 0.0 0.0
1870 0.00133978574042 0.0 0.0
1871 0.00133978574042 0.0 0.0
1872 0.00133978574042 0.0 0.0
1873 0.00133978574042 0.0 0.0
1874 0.00133978574042 0.0 0.0
1875 0.00133978574042 0.0 0.0
1876 0.00133978574042 0.0 0.0
1877 0.00133978574042 0.0 0.0
1878 0.00133978574042 0.0 0.0
1879 0.00133978574042 0.0 0.0
1880 0.00133978574042 0.0 0.0
1881 0.00133978574042 0.0 0.0
1882 0.00133978574042 0.0 0.0
1883 0.00133978574042 0.0 0.0
1884 0.00133978574042 0.0 0.0
1885 0.00133978574042 0.0 0.0
1886 0.00133978574042 0.0 0.0
1887 0.00133978574042 0.0 0.0
1888 0.00133978574042 0.0 0.0
1889 0.00133978574042 0.0 0.0
1890 0.00133978574042 0.0 0.0
1891 0.00133978574042 0.0 0.0
1892 0.00133978574042 0.0 0.0
1893 0.00133978574042 0.0 0.0
1894 0.00133978574042 0.0 0.0
1895 0.00133978574042 0.0 0.0
1896 0.00133978574042 0.0 0.0
1897 0.00133978574042 0.0 0.0
1898 0.00133978574042 0.0 0.0
1899 0.00133978574042 0.0 0.0
1900 0.00133978574042 0.0 0.0
1901 0.00133978574042 0.0 0.0
1902 0.00133978574042 0.0 0.0
1903 0.00133978574042 0.0 0.0
1904 0.00133978574042 0.0 0.0
1905 0.00133978574042 0.0 0.0
1906 0.00133978574042 0.0 0.0
1907 0.00133978574042 0.0 0.0
1908 0.00133978574042 0.0 0.0
1909 0.00133978574042 0.0 0.0
1910 0.00133978574042 0.0 0.0
1911 0.00133978574042 0.0 0.0
1912 0.00133978574042 0.0 0.0
1913 0.00133978574042 0.0 0.0
1914 0.00133978574042 0.0 0.0
1915 0.00133978574042 0.0 0.0
1916 0.00133978574042 0.0 0.0
1917 0.00133978574042 0.0 0.0
1918 0.00133978574042 0.0 0.0
1919 0.00133978574042 0.0 0.0
1920 0.00133978574042 0.0 0.0
1921 0.00133978574042 0.0 0.0
1922 0.00133978574042 0.0 0.0
1923 0.00133978574042 0.0 0.0
1924 0.00133978574042 0.0 0.0
1925 0.00133978574042 0.0 0.0
1926 0.00133978574042 0.0 0.0
1927 0.00133978574042 0.0 0.0
1928 0.00133978574042 0.0 0.0
1929 0.00133978574042 0.0 0.0
1930 0.00133978574042 0.0 0.0
1931 0.00133978574042 0.0 0.0
1932 0.00133978574042 0.0 0.0
1933 0.00133978574042 0.0 0.0
1934 0.00133978574042 0.0 0.0
1935 0.00133978574042 0.0 0.0
1936 0.00133978574042 0.0 0.0
1937 0.00133978574042 0.0 0.0
1938 0.00133978574042 0.0 0.0
1939 0.00133978574042 0.0 0.0
1940 0.00133978574042 0.0 0.0
1941 0.00133978574042 0.0 0.0
1942 0.00133978574042 0.0 0.0
1943 0.00133978574042 0.0 0.0
1944 0.00133978574042 0.0 0.0
1945 0.00133978574042 0.0 0.0
1946 0.00133978574042 0.0 0.0
1947 0.00133978574042 0.0 0.0
1948 0.00133978574042 0.0 0.0
1949 0.00133978574042 0.0 0.0
1950 0.00133978574042 0.0 0.0
1951 0.00117823370459 0.0 0.0
1952 0.00117823370459 0.0 0.0
1953 0.00117823370459 0.0 0.0
1954 0.00117823370459 0.0 0.0
1955 0.00117823370459 0.0 0.0
1956 0.00117823370459 0.0 0.0
1957 0.00117823370459 0.0 0.0
1958 0.00117823370459 0.0 0.0
1959 0.00117823370459 0.0 0.0
1960 0.00117823370459 0.0 0.0
1961 0.00117823370459 0.0 0.0
1962 0.00117823370459 0.0 0.0
1963 0.00117823370459 0.0 0.0
1964 0.00117823370459 0.0 0.0
1965 0.00117823370459 0.0 0.0
1966 0.00117823370459 0.0 0.0
1967 0.00117823370459 0.0 0.0
1968 0.00117823370459 0.0 0.0
1969 0.00117823370459 0.0 0.0
1970 0.00117823370459 0.0 0.0
1971 0.00117823370459 0.0 0.0
1972 0.00117823370459 0.0 0.0
1973 0.00117823370459 0.0 0.0
1974 0.00117823370459 0.0 0.0
1975 0.00117823370459 0.0 0.0
1976 0.00117823370459 0.0 0.0
1977 0.00117823370459 0.0 0.0
1978 0.00117823370459 0.0 0.0
1979 0.00117823370459 0.0 0.0
1980 0.00117823370459 0.0 0.0
1981 0.00117823370459 0.0 0.0
1982 0.00117823370459 0.0 0.0
1983 0.00117823370459 0.0 0.0
1984 0.00117823370459 0.0 0.0
1985 0.00117823370459 0.0 0.0
1986 0.00117823370459 0.0 0.0
1987 0.00117823370459 0.0 0.0
1988 0.00117823370459 0.0 0.0
1989 0.00117823370459 0.0 0.0
1990 0.00117823370459 0.0 0.0
1991 0.00117823370459 0.0 0.0
1992 0.00117823370459 0.0 0.0
1993 0.00117823370459 0.0 0.0
1994 0.00117823370459 0.0 0.0
1995 0.00117823370459 0.0 0.0
1996 0.00117823370459 0.0 0.0
1997 0.00117823370459 0.0 0.0
1998 0.00117823370459 0.0 0.0
1999 0.00117823370459 0.0 0.0
2000 0.00117823370459 0.0 0.0
2001 0.00117823370459 0.0 0.0
2002 0.00117823370459 0.0 0.0
2003 0.00117823370459 0.0 0.0
2004 0.00117823370459 0.0 0.0
2005 0.00117823370459 0.0 0.0
2006 0.00117823370459 0.0 0.0
2007 0.00117823370459 0.0 0.0
2008 0.00117823370459 0.0 0.0
2009 0.00117823370459 0.0 0.0
2010 0.00117823370459 0.0 0.0
2011 0.00117823370459 0.0 0.0
2012 0.00117823370459 0.0 0.0
2013 0.00117823370459 0.0 0.0
2014 0.00117823370459 0.0 0.0
2015 0.00117823370459 0.0 0.0
2016 0.00117823370459 0.0 0.0
2017 0.00117823370459 0.0 0.0
2018 0.00117823370459 0.0 0.0
2019 0.00117823370459 0.0 0.0
2020 0.00117823370459 0.0 0.0
2021 0.00117823370459 0.0 0.0
2022 0.00117823370459 0.0 0.0
2023 0.00117823370459 0.0 0.0
2024 0.00117823370459 0.0 0.0
2025 0.00117823370459 0.0 0.0
2026 0.00117823370459 0.0 0.0
2027 0.00117823370459 0.0 0.0
2028 0.00117823370459 0.0 0.0
2029 0.00117823370459 0.0 0.0
2030 0.00117823370459 0.0 0.0
2031 0.00117823370459 0.0 0.0
2032 0.00117823370459 0.0 0.0
2033 0.00117823370459 0.0 0.0
2034 0.00117823370459 0.0 0.0
2035 0.00117823370459 0.0 0.0
2036 0.00117823370459 0.0 0.0
2037 0.00117823370459 0.0 0.0
2038 0.00117823370459 0.0 0.0
2039 0.00117823370459 0.0 0.0
2040 0.00117823370459 0.0 0.0
2041 0.00117823370459 0.0 0.0
2042 0.00117823370459 0.0 0.0
2043 0.00117823370459 0.0 0.0
2044 0.00117823370459 0.0 0.0
2045 0.00117823370459 0.0 0.0
2046 0.00117823370459 0.0 0.0
2047 0.00117823370459 0.0 0.0
2048 0.00117823370459 0.0 0.0
2049 0.00117823370459 0.0 0.0
2050 0.00117823370459 0.0 0.0
2051 0.00117823370459 0.0 0.0
2052 0.00117823370459 0.0 0.0
2053 0.00117823370459 0.0 0.0
2054 0.00117823370459 0.0 0.0
2055 0.00117823370459 0.0 0.0
2056 0.00117823370459 0.0 0.0
2057 0.00117823370459 0.0 0.0
2058 0.00117823370459 0.0 0.0
2059 0.00117823370459 0.0 0.0
2060 0.00117823370459 0.0 0.0
2061 0.00117823370459 0.0 0.0
2062 0.00117823370459 0.0 0.0
2063 0.00117823370459 0.0 0.0
2064 0.00117823370459 0.0 0.0
2065 0.00117823370459 0.0 0.0
2066 0.00117823370459 0.0 0.0
2067 0.00117823370459 0.0 0.0
2068 0.00117823370459 0.0 0.0
2069 0.00117823370459 0.0 0.0
2070 0.00117823370459 0.0 0.0
2071 0.00117823370459 0.0 0.0
2072 0.00117823370459 0.0 0.0
2073 0.00117823370459 0.0 0.0
2074 0.00117823370459 0.0 0.0
2075 0.00117823370459 0.0 0.0
2076 0.00117823370459 0.0 0.0
2077 0.00117823370459 0.0 0.0
2078 0.00117823370459 0.0 0.0
2079 0.00117823370459 0.0 0.0
2080 0.00117823370459 0.0 0.0
2081 0.00117823370459 0.0 0.0
2082 0.00117823370459 0.0 0.0
2083 0.00117823370459 0.0 0.0
2084 0.00117823370459 0.0 0.0
2085 0.00117823370459 0.0 0.0
2086 0.00117823370459 0.0 0.0
2087 0.00117823370459 0.0 0.0
2088 0.00117823370459 0.0 0.0
2089 0.00117823370459 0.0 0.0
2090 0.00117823370459 0.0 0.0
2091 0.00117823370459 0.0 0.0
2092 0.00117823370459 0.0 0.0
2093 0.00117823370459 0.0 0.0
2094 0.00117823370459 0.0 0.0
2095 0.00117823370459 0.0 0.0
2096 0.00117823370459 0.0 0.0
2097 0.00117823370459 0.0 0.0
2098 0.00117823370459 0.0 0.0
2099 0.00117823370459 0.0 0.0
2100 0.00117823370459 0.0 0.0
2101 -0.00445609630685 0.0 0.0
2102 -0.00445609630685 0.0 0.0
2103 -0.00445609630685 0.0 0.0
2104 -0.00445609630685 0.0 0.0
2105 -0.00445609630685 0.0 0.0
2106 -0.00445609630685 0.0 0.0
2107 -0.00445609630685 0.0 0.0
2108 -0.00445609630685 0.0 0.0
2109 -0.00445609630685 0.0 0.0
2110 -0.00445609630685 0.0 0.0
2111 -0.00445609630685 0.0 0.0
2112 -0.00445609630685 0.0 0.0
2113 -0.00445609630685 0.0 0.0
2114 -0.00445609630685 0.0 0.0
2115 -0.00445609630685 0.0 0.0
2116 -0.00445609630685 0.0 0.0
2117 -0.00445609630685 0.0 0.0
2118 -0.00445609630685 0.0 0.0
2119 -0.00445609630685 0.0 0.0
2120 -0.00445609630685 0.0 0.0
2121 -0.00445609630685 0.0 0.0
2122 -0.00445609630685 0.0 0.0
2123 -0.00445609630685 0.0 0.0
2124 -0.00445609630685 0.0 0.0
2125 -0.00445609630685 0.0 0.0
2126 -0.00445609630685 0.0 0.0
2127 -0.00445609630685 0.0 0.0
2128 -0.00445609630685 0.0 0.0
2129 -0.00445609630685 0.0 0.0
2130 -0.00445609630685 0.0 0.0
2131 -0.00445609630685 0.0 0.0
2132 -0.00445609630685 0.0 0.0
2133 -0.00445609630685 0.0 0.0
2134 -0.00445609630685 0.0 0.0
2135 -0.00445609630685 0.0 0.0
2136 -0.00445609630685 0.0 0.0
2137 -0.00445609630685 0.0 0.0
2138 -0.00445609630685 0.0 0.0
2139 -0.00445609630685 0.0 0.0
2140 -0.00445609630685 0.0 0.0
2141 -0.00445609630685 0.0 0.0
2142 -0.00445609630685 0.0 0.0
2143 -0.00445609630685 0.0 0.0
2144 -0.00445609630685 0.0 0.0
2145 -0.00445609630685 0.0 0.0
2146 -0.00445609630685 0.0 0.0
2147 -0.00445609630685 0.0 0.0
2148 -0.00445609630685 0.0 0.0
2149 -0.00445609630685 0.0 0.0
2150 -0.00445609630685 0.0 0.0
2151 -0.00445609630685 0.0 0.0
2152 -0.00445609630685 0.0 0.0
2153 -0.00445609630685 0.0 0.0
2154 -0.00445609630685 0.0 0.0
2155 -0.00445609630685 0.0 0.0
2156 -0.00445609630685 0.0 0.0
2157 -0.00445609630685 0.0 0.0
2158 -0.00445609630685 0.0 0.0
2159 -0.00445609630685 0.0 0.0
2160 -0.00445609630685 0.0 0.0
2161 -0.00445609630685 0.0 0.0
2162 -0.00445609630685 0.0 0.0
2163 -0.00445609630685 0.0 0.0
2164 -0.00445609630685 0.0 0.0
2165 -0.00445609630685 0.0 0.0
2166 -0.00445609630685 0.0 0.0
2167 -0.00445609630685 0.0 0.0
2168 -0.00445609630685 0.0 0.0
2169 -0.00445609630685 0.0 0.0
2170 -0.00445609630685 0.0 0.0
2171 -0.00445609630685 0.0 0.0
2172 -0.00445609630685 0.0 0.0
2173 -0.00445609630685 0.0 0.0
2174 -0.00445609630685 0.0 0.0
2175 -0.00445609630685 0.0 0.0
2176 -0.00445609630685 0.0 0.0
2177 -0.00445609630685 0.0 0.0
2178 -0.00445609630685 0.0 0.0
2179 -0.00445609630685 0.0 0.0
2180 -0.00445609630685 0.0 0.0
2181 -0.00445609630685 0.0 0.0
2182 -0.00445609630685 0.0 0.0
2183 -0.00445609630685 0.0 0.0
2184 -0.00445609630685 0.0 0.0
2185 -0.00445609630685 0.0 0.0
2186 -0.00445609630685 0.0 0.0
2187 -0.00445609630685 0.0 0.0
2188 -0.00445609630685 0.0 0.0
2189 -0.00445609630685 0.0 0.0
2190 -0.00445609630685 0.0 0.0
2191 -0.00445609630685 0.0 0.0
2192 -0.00445609630685 0.0 0.0
2193 -0.00445609630685 0.0 0.0
2194 -0.00445609630685 0.0 0.0
2195 -0.00445609630685 0.0 0.0
2196 -0.00445609630685 0.0 0.0
2197 -0.00445609630685 0.0 0.0
2198 -0.00445609630685 0.0 0.0
2199 -0.00445609630685 0.0 0.0
2200 -0.00445609630685 0.0 0.0
2201 -0.00445609630685 0.0 0.0
2202 -0.00445609630685 0.0 0.0
2203 -0.00445609630685 0.0 0.0
2204 -0.00445609630685 0.0 0.0
2205 -0.00445609630685 0.0 0.0
2206 -0.00445609630685 0.0 0.0
2207 -0.00445609630685 0.0 0.0
2208 -0.00445609630685 0.0 0.0
2209 -0.00445609630685 0.0 0.0
2210 -0.00445609630685 0.0 0.0
2211 -0.00445609630685 0.0 0.0
2212 -0.00445609630685 0.0 0.0
2213 -0.00445609630685 0.0 0.0
2214 -0.00445609630685 0.0 0.0
2215 -0.00445609630685 0.0 0.0
2216 -0.00445609630685 0.0 0.0
2217 -0.00445609630685 0.0 0.0
2218 -0.00445609630685 0.0 0.0
2219 -0.00445609630685 0.0 0.0
2220 -0.00445609630685 0.0 0.0
2221 -0.00445609630685 0.0 0.0
2222 -0.00445609630685 0.0 0.0
2223 -0.00445609630685 0.0 0.0
2224 -0.00445609630685 0.0 0.0
2225 -0.00445609630685 0.0 0.0
2226 -0.00445609630685 0.0 0.0
2227 -0.00445609630685 0.0 0.0
2228 -0.00445609630685 0.0 0.0
2229 -0.00445609630685 0.0 0.0
2230 -0.00445609630685 0.0 0.0
2231 -0.00445609630685 0.0 0.0
2232 -0.00445609630685 0.0 0.0
2233 -0.00445609630685 0.0 0.0
2234 -0.00445609630685 0.0 0.0
2235 -0.00445609630685 0.0 0.0
2236 -0.00445609630685 0.0 0.0
2237 -0.00445609630685 0.0 0.0
2238 -0.00445609630685 0.0 0.0
2239 -0.00445609630685 0.0 0.0
2240 -0.00445609630685 0.0 0.0
2241 -0.00445609630685 0.0 0.0
2242 -0.00445609630685 0.0 0.0
2243 -0.00445609630685 0.0 0.0
2244 -0.00445609630685 0.0 0.0
2245 -0.00445609630685 0.0 0.0
2246 -0.00445609630685 0.0 0.0
2247 -0.00445609630685 0.0 0.0
2248 -0.00445609630685 0.0 0.0
2249 -0.00445609630685 0.0 0.0
2250 -0.00445609630685 0.0 0.0
2251 -0.00445609630685 0.0 0.0
2252 -0.00445609630685 0.0 0.0
2253 -0.00445609630685 0.0 0.0
2254 -0.00445609630685 0.0 0.0
2255 -0.00445609630685 0.0 0.0
2256 -0.00445609630685 0.0 0.0
2257 -0.00445609630685 0.0 0.0
2258 -0.00445609630685 0.0 0.0
2259 -0.00445609630685 0.0 0.0
2260 -0.00445609630685 0.0 0.0
2261 -0.00445609630685 0.0 0.0
2262 -0.00445609630685 0.0 0.0
2263 -0.00445609630685 0.0 0.0
2264 -0.00445609630685 0.0 0.0
2265 -0.00445609630685 0.0 0.0
2266 -0.00445609630685 0.0 0.0
2267 -0.00445609630685 0.0 0.0
2268 -0.00445609630685 0.0 0.0
2269 -0.00445609630685 0.0 0.0
2270 -0.00445609630685 0.0 0.0
2271 -0.00445609630685 0.0 0.0
2272 -0.00445609630685 0.0 0.0
2273 -0.00445609630685 0.0 0.0
2274 -0.00445609630685 0.0 0.0
2275 -0.00445609630685 0.0 0.0
2276 -0.00445609630685 0.0 0.0
2277 -0.00445609630685 0.0 0.0
2278 -0.00445609630685 0.0 0.0
2279 -0.00445609630685 0.0 0.0
2280 -0.00445609630685 0.0 0.0
2281 -0.00445609630685 0.0 0.0
2282 -0.00445609630685 0.0 0.0
2283 -0.00445609630685 0.0 0.0
2284 -0.00445609630685 0.0 0.0
2285 -0.00445609630685 0.0 0.0
2286 -0.00445609630685 0.0 0.0
2287 -0.00445609630685 0.0 0.0
2288 -0.00445609630685 0.0 0.0
2289 -0.00445609630685 0.0 0.0
2290 -0.00445609630685 0.0 0.0
2291 -0.00445609630685 0.0 0.0
2292 -0.00445609630685 0.0 0.0
2293 -0.00445609630685 0.0 0.0
2294 -0.00445609630685 0.0 0.0
2295 -0.00445609630685 0.0 0.0
2296 -0.00445609630685 0.0 0.0
2297 -0.00445609630685 0.0 0.0
2298 -0.00445609630685 0.0 0.0
2299 -0.00445609630685 0.0 0.0
2300 -0.00445609630685 0.0 0.0
2301 0.00551185363169 0.0 0.0
2302 0.00551185363169 0.0 0.0
2303 0.00551185363169 0.0 0.0
2304 0.00551185363169 0.0 0.0
2305 0.00551185363169 0.0 0.0
2306 0.00551185363169 0.0 0.0
2307 0.00551185363169 0.0 0.0
2308 0.00551185363169 0.0 0.0
2309 0.00551185363169 0.0 0.0
2310 0.00551185363169 0.0 0.0
2311 0.00551185363169 0.0 0.0
2312 0.00551185363169 0.0 0.0
2313 0.00551185363169 0.0 0.0
2314 0.00551185363169 0.0 0.0
2315 0.00551185363169 0.0 0.0
2316 0.00551185363169 0.0 0.0
2317 0.00551185363169 0.0 0.0
2318 0.00551185363169 0.0 0.0
2319 0.00551185363169 0.0 0.0
2320 0.00551185363169 0.0 0.0
2321 0.00551185363169 0.0 0.0
2322 0.00551185363169 0.0 0.0
2323 0.00551185363169 0.0 0.0
2324 0.00551185363169 0.0 0.0
2325 0.00551185363169 0.0 0.0
2326 0.00551185363169 0.0 0.0
2327 0.00551185363169 0.0 0.0
2328 0.00551185363169 0.0 0.0
2329 0.00551185363169 0.0 0.0
2330 0.00551185363169 0.0 0.0
2331 0.00551185363169 0.0 0.0
2332 0.00551185363169 0.0 0.0
2333 0.00551185363169 0.0 0.0
2334 0.00551185363169 0.0 0.0
2335 0.00551185363169 0.0 0.0
2336 0.00551185363169 0.0 0.0
2337 0.00551185363169 0.0 0.0
2338 0.00551185363169 0.0 0.0
2339 0.00551185363169 0.0 0.0
2340 0.00551185363169 0.0 0.0
2341 0.00551185363169 0.0 0.0
2342 0.00551185363169 0.0 0.0
2343 0.00551185363169 0.0 0.0
2344 0.00551185363169 0.0 0.0
2345 0.00551185363169 0.0 0.0
2346 0.00551185363169 0.0 0.0
2347 0.00551185363169 0.0 0.0
2348 0.00551185363169 0.0 0.0
2349 0.00551185363169 0.0 0.0
2350 0.00551185363169 0.0 0.0
2351 0.00551185363169 0.0 0.0
2352 0.00551185363169 0.0 0.0
2353 0.00551185363169 0.0 0.0
2354 0.00551185363169 0.0 0.0
2355 0.00551185363169 0.0 0.0
2356 0.00551185363169 0.0 0.0
2357 0.00551185363169 0.0 0.0
2358 0.00551185363169 0.0 0.0
2359 0.00551185363169 0.0 0.0
2360 0.00551185363169 0.0 0.0
2361 0.00551185363169 0.0 0.0
2362 0.00551185363169 0.0 0.0
2363 0.00551185363169 0.0 0.0
2364 0.00551185363169 0.0 0.0
2365 0.00551185363169 0.0 0.0
2366 0.00551185363169 0.0 0.0
2367 0.00551185363169 0.0 0.0
2368 0.00551185363169 0.0 0.0
2369 0.00551185363169 0.0 0.0
2370 0.00551185363169 0.0 0.0
2371 0.00551185363169 0.0 0.0
2372 0.00551185363169 0.0 0.0
2373 0.00551185363169 0.0 0.0
2374 0.00551185363169 0.0 0.0
2375 0.00551185363169 0.0 0.0
2376 0.00551185363169 0.0 0.0
2377 0.00551185363169 0.0 0.0
2378 0.00551185363169 0.0 0.0
2379 0.00551185363169 0.0 0.0
2380 0.00551185363169 0.0 0.0
2381 0.00551185363169 0.0 0.0
2382 0.00551185363169 0.0 0.0
2383 0.00551185363169 0.0 0.0
2384 0.00551185363169 0.0 0.0
2385 0.00551185363169 0.0 0.0
2386 0.00551185363169 0.0 0.0
2387 0.00551185363169 0.0 0.0
2388 0.00551185363169 0.0 0.0
2389 0.00551185363169 0.0 0.0
2390 0.00551185363169 0.0 0.0
2391 0.00551185363169 0.0 0.0
2392 0.00551185363169 0.0 0.0
2393 0.00551185363169 0.0 0.0
2394 0.00551185363169 0.0 0.0
2395 0.00551185363169 0.0 0.0
2396 0.00551185363169 0.0 0.0
2397 0.00551185363169 0.0 0.0
2398 0.00551185363169 0.0 0.0
2399 0.00551185363169 0.0 0.0
2400 0.00551185363169 0.0 0.0
2401 0.00551185363169 0.0 0.0
2402 0.00551185363169 0.0 0.0
2403 0.00551185363169 0.0 0.0
2404 0.00551185363169 0.0 0.0
2405 0.00551185363169 0.0 0.0
2406 0.00551185363169 0.0 0.0
2407 0.00551185363169 0.0 0.0
2408 0.00551185363169 0.0 0.0
2409 0.00551185363169 0.0 0.0
2410 0.00551185363169 0.0 0.0
2411 0.00551185363169 0.0 0.0
2412 0.00551185363169 0.0 0.0
2413 0.00551185363169 0.0 0.0
2414 0.00551185363169 0.0 0.0
2415 0.00551185363169 0.0 0.0
2416 0.00551185363169 0.0 0.0
2417 0.00551185363169 0.0 0.0
2418 0.00551185363169 0.0 0.0
2419 0.00551185363169 0.0 0.0
2420 0.00551185363169 0.0 0.0
2421 0.00551185363169 0.0 0.0
2422 0.00551185363169 0.0 0.0
2423 0.00551185363169 0.0 0.0
2424 0.00551185363169 0.0 0.0
2425 0.00551185363169 0.0 0.0
2426 0.00551185363169 0.0 0.0
2427 0.00551185363169 0.0 0.0
2428 0.00551185363169 0.0 0.0
2429 0.00551185363169 0.0 0.0
2430 0.00551185363169 0.0 0.0
2431 0.00551185363169 0.0 0.0
2432 0.00551185363169 0.0 0.0
2433 0.00551185363169 0.0 0.0
2434 0.00551185363169 0.0 0.0
2435 0.00551185363169 0.0 0.0
2436 0.00551185363169 0.0 0.0
2437 0.00551185363169 0.0 0.0
2438 0.00551185363169 0.0 0.0
2439 0.00551185363169 0.0 0.0
2440 0.00551185363169 0.0 0.0
2441 0.00551185363169 0.0 0.0
2442 0.00551185363169 0.0 0.0
2443 0.00551185363169 0.0 0.0
2444 0.00551185363169 0.0 0.0
2445 0.00551185363169 0.0 0.0
2446 0.00551185363169 0.0 0.0
2447 0.00551185363169 0.0 0.0
2448 0.00551185363169 0.0 0.0
2449 0.00551185363169 0.0 0.0
2450 0.00551185363169 0.0 0.0
2451 0.00551185363169 0.0 0.0
2452 0.00551185363169 0.0 0.0
2453 0.00551185363169 0.0 0.0
2454 0.00551185363169 0.0 0.0
2455 0.00551185363169 0.0 0.0
2456 0.00551185363169 0.0 0.0
2457 0.00551185363169 0.0 0.0
2458 0.00551185363169 0.0 0.0
2459 0.00551185363169 0.0 0.0
2460 0.00551185363169 0.0 0.0
2461 0.00551185363169 0.0 0.0
2462 0.00551185363169 0.0 0.0
2463 0.00551185363169 0.0 0.0
2464 0.00551185363169 0.0 0.0
2465 0.00551185363169 0.0 0.0
2466 0.00551185363169 0.0 0.0
2467 0.00551185363169 0.0 0.0
2468 0.00551185363169 0.0 0.0
2469 0.00551185363169 0.0 0.0
2470 0.00551185363169 0.0 0.0
2471 0.00551185363169 0.0 0.0
2472 0.00551185363169 0.0 0.0
2473 0.00551185363169 0.0 0.0
2474 0.00551185363169 0.0 0.0
2475 0.00551185363169 0.0 0.0
2476 0.00551185363169 0.0 0.0
2477 0.00551185363169 0.0 0.0
2478 0.00551185363169 0.0 0.0
2479 0.00551185363169 0.0 0.0
2480 0.00551185363169 0.0 0.0
2481 0.00551185363169 0.0 0.0
2482 0.00551185363169 0.0 0.0
2483 0.00551185363169 0.0 0.0
2484 0.00551185363169 0.0 0.0
2485 0.00551185363169 0.0 0.0
2486 0.00551185363169 0.0 0.0
2487 0.00551185363169 0.0 0.0
2488 0.00551185363169 0.0 0.0
2489 0.00551185363169 0.0 0.0
2490 0.00551185363169 0.0 0.0
2491 0.00551185363169 0.0 0.0
2492 0.00551185363169 0.0 0.0
2493 0.00551185363169 0.0 0.0
2494 0.00551185363169 0.0 0.0
2495 0.00551185363169 0.0 0.0
2496 0.00551185363169 0.0 0.0
2497 0.00551185363169 0.0 0.0
2498 0.00551185363169 0.0 0.0
2499 0.00551185363169 0.0 0.0
2500 0.00551185363169 0.0 0.0
