0 0.0 0.0 0.0
1 0.0 0.0 0.0
2 0.00176430592537 0.0 0.0
3 0.00176430592537 0.0 0.0
4 0.00176430592537 0.0 0.0
5 0.00176430592537 0.0 0.0
6 0.00176430592537 0.0 0.0
7 0.00176430592537 0.0 0.0
8 0.00176430592537 0.0 0.0
9 0.00176430592537 0.0 0.0
10 0.00176430592537 0.0 0.0
11 0.00176430592537 0.0 0.0
12 0.00176430592537 0.0 0.0
13 0.00176430592537 0.0 0.0
14 0.00176430592537 0.0 0.0
15 0.00176430592537 0.0 0.0
16 0.00176430592537 0.0 0.0
17 0.00176430592537 0.0 0.0
18 0.00176430592537 0.0 0.0
19 0.00176430592537 0.0 0.0
20 0.00176430592537 0.0 0.0
21 0.00176430592537 0.0 0.0
22 0.00176430592537 0.0 0.0
23 0.00176430592537 0.0 0.0
24 0.00176430592537 0.0 0.0
25 0.00176430592537 0.0 0.0
26 0.00176430592537 0.0 0.0
27 0.00176430592537 0.0 0.0
28 0.00176430592537 0.0 0.0
29 0.00176430592537 0.0 0.0
30 0.00176430592537 0.0 0.0
31 0.00176430592537 0.0 0.0
32 0.00176430592537 0.0 0.0
33 0.00176430592537 0.0 0.0
34 0.00176430592537 0.0 0.0
35 0.00176430592537 0.0 0.0
36 0.00176430592537 0.0 0.0
37 0.00176430592537 0.0 0.0
38 0.00176430592537 0.0 0.0
39 0.00176430592537 0.0 0.0
40 0.00176430592537 0.0 0.0
41 0.00176430592537 0.0 0.0
42 0.00176430592537 0.0 0.0
43 0.00176430592537 0.0 0.0
44 0.00176430592537 0.0 0.0
45 0.00176430592537 0.0 0.0
46 0.00176430592537 0.0 0.0
47 0.00176430592537 0.0 0.0
48 0.00176430592537 0.0 0.0
49 0.00176430592537 0.0 0.0
50 0.00176430592537 0.0 0.0
51 0.000462877784539 0.0 0.0
52 0.000462877784539 0.0 0.0
53 0.000462877784539 0.0 0.0
54 0.000462877784539 0.0 0.0
55 0.000462877784539 0.0 0.0
56 0.000462877784539 0.0 0.0
57 0.000462877784539 0.0 0.0
58 0.000462877784539 0.0 0.0
59 0.000462877784539 0.0 0.0
60 0.000462877784539 0.0 0.0
61 0.000462877784539 0.0 0.0
62 0.000462877784539 0.0 0.0
63 0.000462877784539 0.0 0.0
64 0.000462877784539 0.0 0.0
65 0.000462877784539 0.0 0.0
66 0.000462877784539 0.0 0.0
67 0.000462877784539 0.0 0.0
68 0.000462877784539 0.0 0.0
69 0.000462877784539 0.0 0.0
70 0.000462877784539 0.0 0.0
71 0.000462877784539 0.0 0.0
72 0.000462877784539 0.0 0.0
73 0.000462877784539 0.0 0.0
74 0.000462877784539 0.0 0.0
75 0.000462877784539 0.0 0.0
76 0.000462877784539 0.0 0.0
77 0.000462877784539 0.0 0.0
78 0.000462877784539 0.0 0.0
79 0.000462877784539 0.0 0.0
80 0.000462877784539 0.0 0.0
81 0.000462877784539 0.0 0.0
82 0.000462877784539 0.0 0.0
83 0.000462877784539 0.0 0.0
84 0.000462877784539 0.0 0.0
85 0.000462877784539 0.0 0.0
86 0.000462877784539 0.0 0.0
87 0.000462877784539 0.0 0.0
88 0.000462877784539 0.0 0.0
89 0.000462877784539 0.0 0.0
90 0.000462877784539 0.0 0.0
91 0.000462877784539 0.0 0.0
92 0.000462877784539 0.0 0.0
93 0.000462877784539 0.0 0.0
94 0.000462877784539 0.0 0.0
95 0.000462877784539 0.0 0.0
96 0.000462877784539 0.0 0.0
97 0.000462877784539 0.0 0.0
98 0.000462877784539 0.0 0.0
99 0.000462877784539 0.0 0.0
100 0.000462877784539 0.0 0.0
101 -0.000217786994211 -0.000114578504129 0.0148512371925
102 -0.000217786994211 -0.000114578504129 0.0148512371925
103 -0.000217786994211 -0.000114578504129 0.0148512371925
104 -0.000217786994211 -0.000114578504129 0.0148512371925
105 -0.000217786994211 -0.000114578504129 0.0148512371925
106 -0.000217786994211 -0.000114578504129 0.0148512371925
107 -0.000217786994211 -0.000114578504129 0.0148512371925
108 -0.000217786994211 -0.000114578504129 0.0148512371925
109 -0.000217786994211 -0.000114578504129 0.0148512371925
110 -0.000217786994211 -0.000114578504129 0.0148512371925
111 -0.000217786994211 -0.000114578504129 0.0148512371925
112 -0.000217786994211 -0.000114578504129 0.0148512371925
113 -0.000217786994211 -0.000114578504129 0.0148512371925
114 -0.000217786994211 -0.000114578504129 0.0148512371925
115 -0.000217786994211 -0.000114578504129 0.0148512371925
116 -0.000217786994211 -0.000114578504129 0.0148512371925
117 -0.000217786994211 -0.000114578504129 0.0148512371925
118 -0.000217786994211 -0.000114578504129 0.0148512371925
119 -0.000217786994211 -0.000114578504129 0.0148512371925
120 -0.000217786994211 -0.000114578504129 0.0148512371925
121 -0.000217786994211 -0.000114578504129 0.0148512371925
122 -0.000217786994211 -0.000114578504129 0.0148512371925
123 -0.000217786994211 -0.000114578504129 0.0148512371925
124 -0.000217786994211 -0.000114578504129 0.0148512371925
125 -0.000217786994211 -0.000114578504129 0.0148512371925
126 -0.000217786994211 -0.000114578504129 0.0148512371925
127 -0.000217786994211 -0.000114578504129 0.0148512371925
128 -0.000217786994211 -0.000114578504129 0.0148512371925
129 -0.000217786994211 -0.000114578504129 0.0148512371925
130 -0.000217786994211 -0.000114578504129 0.0148512371925
131 -0.000217786994211 -0.000114578504129 0.0148512371925
132 -0.000217786994211 -0.000114578504129 0.0148512371925
133 -0.000217786994211 -0.000114578504129 0.0148512371925
134 -0.000217786994211 -0.000114578504129 0.0148512371925
135 -0.000217786994211 -0.000114578504129 0.0148512371925
136 -0.000217786994211 -0.000114578504129 0.0148512371925
137 -0.000217786994211 -0.000114578504129 0.0148512371925
138 -0.000217786994211 -0.000114578504129 0.0148512371925
139 -0.000217786994211 -0.000114578504129 0.0148512371925
140 -0.000217786994211 -0.000114578504129 0.0148512371925
141 -0.000217786994211 -0.000114578504129 0.0148512371925
142 -0.000217786994211 -0.000114578504129 0.0148512371925
143 -0.000217786994211 -0.000114578504129 0.0148512371925
144 -0.000217786994211 -0.000114578504129 0.0148512371925
145 -0.000217786994211 -0.000114578504129 0.0148512371925
146 -0.000217786994211 -0.000114578504129 0.0148512371925
147 -0.000217786994211 -0.000114578504129 0.0148512371925
148 -0.000217786994211 -0.000114578504129 0.0148512371925
149 -0.000217786994211 -0.000114578504129 0.0148512371925
150 -0.000217786994211 -0.000114578504129 0.0148512371925
151 -0.000402308101332 -0.000114578504129 0.0148512371925
152 -0.000402308101332 -0.000114578504129 0.0148512371925
153 -0.000402308101332 -0.000114578504129 0.0148512371925
154 -0.000402308101332 -0.000114578504129 0.0148512371925
155 -0.000402308101332 -0.000114578504129 0.0148512371925
156 -0.000402308101332 -0.000114578504129 0.0148512371925
157 -0.000402308101332 -0.000114578504129 0.0148512371925
158 -0.000402308101332 -0.000114578504129 0.0148512371925
159 -0.000402308101332 -0.000114578504129 0.0148512371925
160 -0.000402308101332 -0.000114578504129 0.0148512371925
161 -0.000402308101332 -0.000114578504129 0.0148512371925
162 -0.000402308101332 -0.000114578504129 0.0148512371925
163 -0.000402308101332 -0.000114578504129 0.0148512371925
164 -0.000402308101332 -0.000114578504129 0.0148512371925
165 -0.000402308101332 -0.000114578504129 0.0148512371925
166 -0.000402308101332 -0.000114578504129 0.0148512371925
167 -0.000402308101332 -0.000114578504129 0.0148512371925
168 -0.000402308101332 -0.000114578504129 0.0148512371925
169 -0.000402308101332 -0.000114578504129 0.0148512371925
170 -0.000402308101332 -0.000114578504129 0.0148512371925
171 -0.000402308101332 -0.000114578504129 0.0148512371925
172 -0.000402308101332 -0.000114578504129 0.0148512371925
173 -0.000402308101332 -0.000114578504129 0.0148512371925
174 -0.000402308101332 -0.000114578504129 0.0148512371925
175 -0.000402308101332 -0.000114578504129 0.0148512371925
176 -0.000402308101332 -0.000114578504129 0.0148512371925
177 -0.000402308101332 -0.000114578504129 0.0148512371925
178 -0.000402308101332 -0.000114578504129 0.0148512371925
179 -0.000402308101332 -0.000114578504129 0.0148512371925
180 -0.000402308101332 -0.000114578504129 0.0148512371925
181 -0.000402308101332 -0.000114578504129 0.0148512371925
182 -0.000402308101332 -0.000114578504129 0.0148512371925
183 -0.000402308101332 -0.000114578504129 0.0148512371925
184 -0.000402308101332 -0.000114578504129 0.0148512371925
185 -0.000402308101332 -0.000114578504129 0.0148512371925
186 -0.000402308101332 -0.000114578504129 0.0148512371925
187 -0.000402308101332 -0.000114578504129 0.0148512371925
188 -0.000402308101332 -0.000114578504129 0.0148512371925
189 -0.000402308101332 -0.000114578504129 0.0148512371925
190 -0.000402308101332 -0.000114578504129 0.0148512371925
191 -0.000402308101332 -0.000114578504129 0.0148512371925
192 -0.000402308101332 -0.000114578504129 0.0148512371925
193 -0.000402308101332 -0.000114578504129 0.0148512371925
194 -0.000402308101332 -0.000114578504129 0.0148512371925
195 -0.000402308101332 -0.000114578504129 0.0148512371925
196 -0.000402308101332 -0.000114578504129 0.0148512371925
197 -0.000402308101332 -0.000114578504129 0.0148512371925
198 -0.000402308101332 -0.000114578504129 0.0148512371925
199 -0.000402308101332 -0.000114578504129 0.0148512371925
200 -0.000402308101332 -0.000114578504129 0.0148512371925
201 0.000297922149554 -0.00244163934488 -0.00535027090586
202 0.000297922149554 -0.00244163934488 -0.00535027090586
203 0.000297922149554 -0.00244163934488 -0.00535027090586
204 0.000297922149554 -0.00244163934488 -0.00535027090586
205 0.000297922149554 -0.00244163934488 -0.00535027090586
206 0.000297922149554 -0.00244163934488 -0.00535027090586
207 0.000297922149554 -0.00244163934488 -0.00535027090586
208 0.000297922149554 -0.00244163934488 -0.00535027090586
209 0.000297922149554 -0.00244163934488 -0.00535027090586
210 0.000297922149554 -0.00244163934488 -0.00535027090586
211 0.000297922149554 -0.00244163934488 -0.00535027090586
212 0.000297922149554 -0.00244163934488 -0.00535027090586
213 0.000297922149554 -0.00244163934488 -0.00535027090586
214 0.000297922149554 -0.00244163934488 -0.00535027090586
215 0.000297922149554 -0.00244163934488 -0.00535027090586
216 0.000297922149554 -0.00244163934488 -0.00535027090586
217 0.000297922149554 -0.00244163934488 -0.00535027090586
218 0.000297922149554 -0.00244163934488 -0.00535027090586
219 0.000297922149554 -0.00244163934488 -0.00535027090586
220 0.000297922149554 -0.00244163934488 -0.00535027090586
221 0.000297922149554 -0.00244163934488 -0.00535027090586
222 0.000297922149554 -0.00244163934488 -0.00535027090586
223 0.000297922149554 -0.00244163934488 -0.00535027090586
224 0.000297922149554 -0.00244163934488 -0.00535027090586
225 0.000297922149554 -0.00244163934488 -0.00535027090586
226 0.000297922149554 -0.00244163934488 -0.00535027090586
227 0.000297922149554 -0.00244163934488 -0.00535027090586
228 0.000297922149554 -0.00244163934488 -0.00535027090586
229 0.000297922149554 -0.00244163934488 -0.00535027090586
230 0.000297922149554 -0.00244163934488 -0.00535027090586
231 0.000297922149554 -0.00244163934488 -0.00535027090586
232 0.000297922149554 -0.00244163934488 -0.00535027090586
233 0.000297922149554 -0.00244163934488 -0.00535027090586
234 0.000297922149554 -0.00244163934488 -0.00535027090586
235 0.000297922149554 -0.00244163934488 -0.00535027090586
236 0.000297922149554 -0.00244163934488 -0.00535027090586
237 0.000297922149554 -0.00244163934488 -0.00535027090586
238 0.000297922149554 -0.00244163934488 -0.00535027090586
239 0.000297922149554 -0.00244163934488 -0.00535027090586
240 0.000297922149554 -0.00244163934488 -0.00535027090586
241 0.000297922149554 -0.00244163934488 -0.00535027090586
242 0.000297922149554 -0.00244163934488 -0.00535027090586
243 0.000297922149554 -0.00244163934488 -0.00535027090586
244 0.000297922149554 -0.00244163934488 -0.00535027090586
245 0.000297922149554 -0.00244163934488 -0.00535027090586
246 0.000297922149554 -0.00244163934488 -0.00535027090586
247 0.000297922149554 -0.00244163934488 -0.00535027090586
248 0.000297922149554 -0.00244163934488 -0.00535027090586
249 0.000297922149554 -0.00244163934488 -0.00535027090586
250 0.000297922149554 -0.00244163934488 -0.00535027090586
251 0.000577561083882 -0.00244163934488 -0.00535027090586
252 0.000577561083882 -0.00244163934488 -0.00535027090586
253 0.000577561083882 -0.00244163934488 -0.00535027090586
254 0.000577561083882 -0.00244163934488 -0.00535027090586
255 0.000577561083882 -0.00244163934488 -0.00535027090586
256 0.000577561083882 -0.00244163934488 -0.00535027090586
257 0.000577561083882 -0.00244163934488 -0.00535027090586
258 0.000577561083882 -0.00244163934488 -0.00535027090586
259 0.000577561083882 -0.00244163934488 -0.00535027090586
260 0.000577561083882 -0.00244163934488 -0.00535027090586
261 0.000577561083882 -0.00244163934488 -0.00535027090586
262 0.000577561083882 -0.00244163934488 -0.00535027090586
263 0.000577561083882 -0.00244163934488 -0.00535027090586
264 0.000577561083882 -0.00244163934488 -0.00535027090586
265 0.000577561083882 -0.00244163934488 -0.00535027090586
266 0.000577561083882 -0.00244163934488 -0.00535027090586
267 0.000577561083882 -0.00244163934488 -0.00535027090586
268 0.000577561083882 -0.00244163934488 -0.00535027090586
269 0.000577561083882 -0.00244163934488 -0.00535027090586
270 0.000577561083882 -0.00244163934488 -0.00535027090586
271 0.000577561083882 -0.00244163934488 -0.00535027090586
272 0.000577561083882 -0.00244163934488 -0.00535027090586
273 0.000577561083882 -0.00244163934488 -0.00535027090586
274 0.000577561083882 -0.00244163934488 -0.00535027090586
275 0.000577561083882 -0.00244163934488 -0.00535027090586
276 0.000577561083882 -0.00244163934488 -0.00535027090586
277 0.000577561083882 -0.00244163934488 -0.00535027090586
278 0.000577561083882 -0.00244163934488 -0.00535027090586
279 0.000577561083882 -0.00244163934488 -0.00535027090586
280 0.000577561083882 -0.00244163934488 -0.00535027090586
281 0.000577561083882 -0.00244163934488 -0.00535027090586
282 0.000577561083882 -0.00244163934488 -0.00535027090586
283 0.000577561083882 -0.00244163934488 -0.00535027090586
284 0.000577561083882 -0.00244163934488 -0.00535027090586
285 0.000577561083882 -0.00244163934488 -0.00535027090586
286 0.000577561083882 -0.00244163934488 -0.00535027090586
287 0.000577561083882 -0.00244163934488 -0.00535027090586
288 0.000577561083882 -0.00244163934488 -0.00535027090586
289 0.000577561083882 -0.00244163934488 -0.00535027090586
290 0.000577561083882 -0.00244163934488 -0.00535027090586
291 0.000577561083882 -0.00244163934488 -0.00535027090586
292 0.000577561083882 -0.00244163934488 -0.00535027090586
293 0.000577561083882 -0.00244163934488 -0.00535027090586
294 0.000577561083882 -0.00244163934488 -0.00535027090586
295 0.000577561083882 -0.00244163934488 -0.00535027090586
296 0.000577561083882 -0.00244163934488 -0.00535027090586
297 0.000577561083882 -0.00244163934488 -0.00535027090586
298 0.000577561083882 -0.00244163934488 -0.00535027090586
299 0.000577561083882 -0.00244163934488 -0.00535027090586
300 0.000577561083882 -0.00244163934488 -0.00535027090586
301 0.0005398544531 -0.000898715424724 0.008957754295
302 0.0005398544531 -0.000898715424724 0.008957754295
303 0.0005398544531 -0.000898715424724 0.008957754295
304 0.0005398544531 -0.000898715424724 0.008957754295
305 0.0005398544531 -0.000898715424724 0.008957754295
306 0.0005398544531 -0.000898715424724 0.008957754295
307 0.0005398544531 -0.000898715424724 0.008957754295
308 0.0005398544531 -0.000898715424724 0.008957754295
309 0.0005398544531 -0.000898715424724 0.008957754295
310 0.0005398544531 -0.000898715424724 0.008957754295
311 0.0005398544531 -0.000898715424724 0.008957754295
312 0.0005398544531 -0.000898715424724 0.008957754295
313 0.0005398544531 -0.000898715424724 0.008957754295
314 0.0005398544531 -0.000898715424724 0.008957754295
315 0.0005398544531 -0.000898715424724 0.008957754295
316 0.0005398544531 -0.000898715424724 0.008957754295
317 0.0005398544531 -0.000898715424724 0.008957754295
318 0.0005398544531 -0.000898715424724 0.008957754295
319 0.0005398544531 -0.000898715424724 0.008957754295
320 0.0005398544531 -0.000898715424724 0.008957754295
321 0.0005398544531 -0.000898715424724 0.008957754295
322 0.0005398544531 -0.000898715424724 0.008957754295
323 0.0005398544531 -0.000898715424724 0.008957754295
324 0.0005398544531 -0.000898715424724 0.008957754295
325 0.0005398544531 -0.000898715424724 0.008957754295
326 0.0005398544531 -0.000898715424724 0.008957754295
327 0.0005398544531 -0.000898715424724 0.008957754295
328 0.0005398544531 -0.000898715424724 0.008957754295
329 0.0005398544531 -0.000898715424724 0.008957754295
330 0.0005398544531 -0.000898715424724 0.008957754295
331 0.0005398544531 -0.000898715424724 0.008957754295
332 0.0005398544531 -0.000898715424724 0.008957754295
333 0.0005398544531 -0.000898715424724 0.008957754295
334 0.0005398544531 -0.000898715424724 0.008957754295
335 0.0005398544531 -0.000898715424724 0.008957754295
336 0.0005398544531 -0.000898715424724 0.008957754295
337 0.0005398544531 -0.000898715424724 0.008957754295
338 0.0005398544531 -0.000898715424724 0.008957754295
339 0.0005398544531 -0.000898715424724 0.008957754295
340 0.0005398544531 -0.000898715424724 0.008957754295
341 0.0005398544531 -0.000898715424724 0.008957754295
342 0.0005398544531 -0.000898715424724 0.008957754295
343 0.0005398544531 -0.000898715424724 0.008957754295
344 0.0005398544531 -0.000898715424724 0.008957754295
345 0.0005398544531 -0.000898715424724 0.008957754295
346 0.0005398544531 -0.000898715424724 0.008957754295
347 0.0005398544531 -0.000898715424724 0.008957754295
348 0.0005398544531 -0.000898715424724 0.008957754295
349 0.0005398544531 -0.000898715424724 0.008957754295
350 0.0005398544531 -0.000898715424724 0.008957754295
351 0.00105507460007 -0.000898715424724 0.008957754295
352 0.00105507460007 -0.000898715424724 0.008957754295
353 0.00105507460007 -0.000898715424724 0.008957754295
354 0.00105507460007 -0.000898715424724 0.008957754295
355 0.00105507460007 -0.000898715424724 0.008957754295
356 0.00105507460007 -0.000898715424724 0.008957754295
357 0.00105507460007 -0.000898715424724 0.008957754295
358 0.00105507460007 -0.000898715424724 0.008957754295
359 0.00105507460007 -0.000898715424724 0.008957754295
360 0.00105507460007 -0.000898715424724 0.008957754295
361 0.00105507460007 -0.000898715424724 0.008957754295
362 0.00105507460007 -0.000898715424724 0.008957754295
363 0.00105507460007 -0.000898715424724 0.008957754295
364 0.00105507460007 -0.000898715424724 0.008957754295
365 0.00105507460007 -0.000898715424724 0.008957754295
366 0.00105507460007 -0.000898715424724 0.008957754295
367 0.00105507460007 -0.000898715424724 0.008957754295
368 0.00105507460007 -0.000898715424724 0.008957754295
369 0.00105507460007 -0.000898715424724 0.008957754295
370 0.00105507460007 -0.000898715424724 0.008957754295
371 0.00105507460007 -0.000898715424724 0.008957754295
372 0.00105507460007 -0.000898715424724 0.008957754295
373 0.00105507460007 -0.000898715424724 0.008957754295
374 0.00105507460007 -0.000898715424724 0.008957754295
375 0.00105507460007 -0.000898715424724 0.008957754295
376 0.00105507460007 -0.000898715424724 0.008957754295
377 0.00105507460007 -0.000898715424724 0.008957754295
378 0.00105507460007 -0.000898715424724 0.008957754295
379 0.00105507460007 -0.000898715424724 0.008957754295
380 0.00105507460007 -0.000898715424724 0.008957754295
381 0.00105507460007 -0.000898715424724 0.008957754295
382 0.00105507460007 -0.000898715424724 0.008957754295
383 0.00105507460007 -0.000898715424724 0.008957754295
384 0.00105507460007 -0.000898715424724 0.008957754295
385 0.00105507460007 -0.000898715424724 0.008957754295
386 0.00105507460007 -0.000898715424724 0.008957754295
387 0.00105507460007 -0.000898715424724 0.008957754295
388 0.00105507460007 -0.000898715424724 0.008957754295
389 0.00105507460007 -0.000898715424724 0.008957754295
390 0.00105507460007 -0.000898715424724 0.008957754295
391 0.00105507460007 -0.000898715424724 0.008957754295
392 0.00105507460007 -0.000898715424724 0.008957754295
393 0.00105507460007 -0.000898715424724 0.008957754295
394 0.00105507460007 -0.000898715424724 0.008957754295
395 0.00105507460007 -0.000898715424724 0.008957754295
396 0.00105507460007 -0.000898715424724 0.008957754295
397 0.00105507460007 -0.000898715424724 0.008957754295
398 0.00105507460007 -0.000898715424724 0.008957754295
399 0.00105507460007 -0.000898715424724 0.008957754295
400 0.00105507460007 -0.000898715424724 0.008957754295
401 -0.00167059891872 -0.00316911819952 -0.00251590021761
402 -0.00167059891872 -0.00316911819952 -0.00251590021761
403 -0.00167059891872 -0.00316911819952 -0.00251590021761
404 -0.00167059891872 -0.00316911819952 -0.00251590021761
405 -0.00167059891872 -0.00316911819952 -0.00251590021761
406 -0.00167059891872 -0.00316911819952 -0.00251590021761
407 -0.00167059891872 -0.00316911819952 -0.00251590021761
408 -0.00167059891872 -0.00316911819952 -0.00251590021761
409 -0.00167059891872 -0.00316911819952 -0.00251590021761
410 -0.00167059891872 -0.00316911819952 -0.00251590021761
411 -0.00167059891872 -0.00316911819952 -0.00251590021761
412 -0.00167059891872 -0.00316911819952 -0.00251590021761
413 -0.00167059891872 -0.00316911819952 -0.00251590021761
414 -0.00167059891872 -0.00316911819952 -0.00251590021761
415 -0.00167059891872 -0.00316911819952 -0.00251590021761
416 -0.00167059891872 -0.00316911819952 -0.00251590021761
417 -0.00167059891872 -0.00316911819952 -0.00251590021761
418 -0.00167059891872 -0.00316911819952 -0.00251590021761
419 -0.00167059891872 -0.00316911819952 -0.00251590021761
420 -0.00167059891872 -0.00316911819952 -0.00251590021761
421 -0.00167059891872 -0.00316911819952 -0.00251590021761
422 -0.00167059891872 -0.00316911819952 -0.00251590021761
423 -0.00167059891872 -0.00316911819952 -0.00251590021761
424 -0.00167059891872 -0.00316911819952 -0.00251590021761
425 -0.00167059891872 -0.00316911819952 -0.00251590021761
426 -0.00167059891872 -0.00316911819952 -0.00251590021761
427 -0.00167059891872 -0.00316911819952 -0.00251590021761
428 -0.00167059891872 -0.00316911819952 -0.00251590021761
429 -0.00167059891872 -0.00316911819952 -0.00251590021761
430 -0.00167059891872 -0.00316911819952 -0.00251590021761
431 -0.00167059891872 -0.00316911819952 -0.00251590021761
432 -0.00167059891872 -0.00316911819952 -0.00251590021761
433 -0.00167059891872 -0.00316911819952 -0.00251590021761
434 -0.00167059891872 -0.00316911819952 -0.00251590021761
435 -0.00167059891872 -0.00316911819952 -0.00251590021761
436 -0.00167059891872 -0.00316911819952 -0.00251590021761
437 -0.00167059891872 -0.00316911819952 -0.00251590021761
438 -0.00167059891872 -0.00316911819952 -0.00251590021761
439 -0.00167059891872 -0.00316911819952 -0.00251590021761
440 -0.00167059891872 -0.00316911819952 -0.00251590021761
441 -0.00167059891872 -0.00316911819952 -0.00251590021761
442 -0.00167059891872 -0.00316911819952 -0.00251590021761
443 -0.00167059891872 -0.00316911819952 -0.00251590021761
444 -0.00167059891872 -0.00316911819952 -0.00251590021761
445 -0.00167059891872 -0.00316911819952 -0.00251590021761
446 -0.00167059891872 -0.00316911819952 -0.00251590021761
447 -0.00167059891872 -0.00316911819952 -0.00251590021761
448 -0.00167059891872 -0.00316911819952 -0.00251590021761
449 -0.00167059891872 -0.00316911819952 -0.00251590021761
450 -0.00167059891872 -0.00316911819952 -0.00251590021761
451 0.000540084525992 -0.00316911819952 -0.00251590021761
452 0.000540084525992 -0.00316911819952 -0.00251590021761
453 0.000540084525992 -0.00316911819952 -0.00251590021761
454 0.000540084525992 -0.00316911819952 -0.00251590021761
455 0.000540084525992 -0.00316911819952 -0.00251590021761
456 0.000540084525992 -0.00316911819952 -0.00251590021761
457 0.000540084525992 -0.00316911819952 -0.00251590021761
458 0.000540084525992 -0.00316911819952 -0.00251590021761
459 0.000540084525992 -0.00316911819952 -0.00251590021761
460 0.000540084525992 -0.00316911819952 -0.00251590021761
461 0.000540084525992 -0.00316911819952 -0.00251590021761
462 0.000540084525992 -0.00316911819952 -0.00251590021761
463 0.000540084525992 -0.00316911819952 -0.00251590021761
464 0.000540084525992 -0.00316911819952 -0.00251590021761
465 0.000540084525992 -0.00316911819952 -0.00251590021761
466 0.000540084525992 -0.00316911819952 -0.00251590021761
467 0.000540084525992 -0.00316911819952 -0.00251590021761
468 0.000540084525992 -0.00316911819952 -0.00251590021761
469 0.000540084525992 -0.00316911819952 -0.00251590021761
470 0.000540084525992 -0.00316911819952 -0.00251590021761
471 0.000540084525992 -0.00316911819952 -0.00251590021761
472 0.000540084525992 -0.00316911819952 -0.00251590021761
473 0.000540084525992 -0.00316911819952 -0.00251590021761
474 0.000540084525992 -0.00316911819952 -0.00251590021761
475 0.000540084525992 -0.00316911819952 -0.00251590021761
476 0.000540084525992 -0.00316911819952 -0.00251590021761
477 0.000540084525992 -0.00316911819952 -0.00251590021761
478 0.000540084525992 -0.00316911819952 -0.00251590021761
479 0.000540084525992 -0.00316911819952 -0.00251590021761
480 0.000540084525992 -0.00316911819952 -0.00251590021761
481 0.000540084525992 -0.00316911819952 -0.00251590021761
482 0.000540084525992 -0.00316911819952 -0.00251590021761
483 0.000540084525992 -0.00316911819952 -0.00251590021761
484 0.000540084525992 -0.00316911819952 -0.00251590021761
485 0.000540084525992 -0.00316911819952 -0.00251590021761
486 0.000540084525992 -0.00316911819952 -0.00251590021761
487 0.000540084525992 -0.00316911819952 -0.00251590021761
488 0.000540084525992 -0.00316911819952 -0.00251590021761
489 0.000540084525992 -0.00316911819952 -0.00251590021761
490 0.000540084525992 -0.00316911819952 -0.00251590021761
491 0.000540084525992 -0.00316911819952 -0.00251590021761
492 0.000540084525992 -0.00316911819952 -0.00251590021761
493 0.000540084525992 -0.00316911819952 -0.00251590021761
494 0.000540084525992 -0.00316911819952 -0.00251590021761
495 0.000540084525992 -0.00316911819952 -0.00251590021761
496 0.000540084525992 -0.00316911819952 -0.00251590021761
497 0.000540084525992 -0.00316911819952 -0.00251590021761
498 0.000540084525992 -0.00316911819952 -0.00251590021761
499 0.000540084525992 -0.00316911819952 -0.00251590021761
500 0.000540084525992 -0.00316911819952 -0.00251590021761
501 0.000694402219636 -0.00603491212928 -0.00134325182631
502 0.000694402219636 -0.00603491212928 -0.00134325182631
503 0.000694402219636 -0.00603491212928 -0.00134325182631
504 0.000694402219636 -0.00603491212928 -0.00134325182631
505 0.000694402219636 -0.00603491212928 -0.00134325182631
506 0.000694402219636 -0.00603491212928 -0.00134325182631
507 0.000694402219636 -0.00603491212928 -0.00134325182631
508 0.000694402219636 -0.00603491212928 -0.00134325182631
509 0.000694402219636 -0.00603491212928 -0.00134325182631
510 0.000694402219636 -0.00603491212928 -0.00134325182631
511 0.000694402219636 -0.00603491212928 -0.00134325182631
512 0.000694402219636 -0.00603491212928 -0.00134325182631
513 0.000694402219636 -0.00603491212928 -0.00134325182631
514 0.000694402219636 -0.00603491212928 -0.00134325182631
515 0.000694402219636 -0.00603491212928 -0.00134325182631
516 0.000694402219636 -0.00603491212928 -0.00134325182631
517 0.000694402219636 -0.00603491212928 -0.00134325182631
518 0.000694402219636 -0.00603491212928 -0.00134325182631
519 0.000694402219636 -0.00603491212928 -0.00134325182631
520 0.000694402219636 -0.00603491212928 -0.00134325182631
521 0.000694402219636 -0.00603491212928 -0.00134325182631
522 0.000694402219636 -0.00603491212928 -0.00134325182631
523 0.000694402219636 -0.00603491212928 -0.00134325182631
524 0.000694402219636 -0.00603491212928 -0.00134325182631
525 0.000694402219636 -0.00603491212928 -0.00134325182631
526 0.000694402219636 -0.00603491212928 -0.00134325182631
527 0.000694402219636 -0.00603491212928 -0.00134325182631
528 0.000694402219636 -0.00603491212928 -0.00134325182631
529 0.000694402219636 -0.00603491212928 -0.00134325182631
530 0.000694402219636 -0.00603491212928 -0.00134325182631
531 0.000694402219636 -0.00603491212928 -0.00134325182631
532 0.000694402219636 -0.00603491212928 -0.00134325182631
533 0.000694402219636 -0.00603491212928 -0.00134325182631
534 0.000694402219636 -0.00603491212928 -0.00134325182631
535 0.000694402219636 -0.00603491212928 -0.00134325182631
536 0.000694402219636 -0.00603491212928 -0.00134325182631
537 0.000694402219636 -0.00603491212928 -0.00134325182631
538 0.000694402219636 -0.00603491212928 -0.00134325182631
539 0.000694402219636 -0.00603491212928 -0.00134325182631
540 0.000694402219636 -0.00603491212928 -0.00134325182631
541 0.000694402219636 -0.00603491212928 -0.00134325182631
542 0.000694402219636 -0.00603491212928 -0.00134325182631
543 0.000694402219636 -0.00603491212928 -0.00134325182631
544 0.000694402219636 -0.00603491212928 -0.00134325182631
545 0.000694402219636 -0.00603491212928 -0.00134325182631
546 0.000694402219636 -0.00603491212928 -0.00134325182631
547 0.000694402219636 -0.00603491212928 -0.00134325182631
548 0.000694402219636 -0.00603491212928 -0.00134325182631
549 0.000694402219636 -0.00603491212928 -0.00134325182631
550 0.000694402219636 -0.00603491212928 -0.00134325182631
551 0.00115081242503 -0.00603491212928 -0.00134325182631
552 0.00115081242503 -0.00603491212928 -0.00134325182631
553 0.00115081242503 -0.00603491212928 -0.00134325182631
554 0.00115081242503 -0.00603491212928 -0.00134325182631
555 0.00115081242503 -0.00603491212928 -0.00134325182631
556 0.00115081242503 -0.00603491212928 -0.00134325182631
557 0.00115081242503 -0.00603491212928 -0.00134325182631
558 0.00115081242503 -0.00603491212928 -0.00134325182631
559 0.00115081242503 -0.00603491212928 -0.00134325182631
560 0.00115081242503 -0.00603491212928 -0.00134325182631
561 0.00115081242503 -0.00603491212928 -0.00134325182631
562 0.00115081242503 -0.00603491212928 -0.00134325182631
563 0.00115081242503 -0.00603491212928 -0.00134325182631
564 0.00115081242503 -0.00603491212928 -0.00134325182631
565 0.00115081242503 -0.00603491212928 -0.00134325182631
566 0.00115081242503 -0.00603491212928 -0.00134325182631
567 0.00115081242503 -0.00603491212928 -0.00134325182631
568 0.00115081242503 -0.00603491212928 -0.00134325182631
569 0.00115081242503 -0.00603491212928 -0.00134325182631
570 0.00115081242503 -0.00603491212928 -0.00134325182631
571 0.00115081242503 -0.00603491212928 -0.00134325182631
572 0.00115081242503 -0.00603491212928 -0.00134325182631
573 0.00115081242503 -0.00603491212928 -0.00134325182631
574 0.00115081242503 -0.00603491212928 -0.00134325182631
575 0.00115081242503 -0.00603491212928 -0.00134325182631
576 0.00115081242503 -0.00603491212928 -0.00134325182631
577 0.00115081242503 -0.00603491212928 -0.00134325182631
578 0.00115081242503 -0.00603491212928 -0.00134325182631
579 0.00115081242503 -0.00603491212928 -0.00134325182631
580 0.00115081242503 -0.00603491212928 -0.00134325182631
581 0.00115081242503 -0.00603491212928 -0.00134325182631
582 0.00115081242503 -0.00603491212928 -0.00134325182631
583 0.00115081242503 -0.00603491212928 -0.00134325182631
584 0.00115081242503 -0.00603491212928 -0.00134325182631
585 0.00115081242503 -0.00603491212928 -0.00134325182631
586 0.00115081242503 -0.00603491212928 -0.00134325182631
587 0.00115081242503 -0.00603491212928 -0.00134325182631
588 0.00115081242503 -0.00603491212928 -0.00134325182631
589 0.00115081242503 -0.00603491212928 -0.00134325182631
590 0.00115081242503 -0.00603491212928 -0.00134325182631
591 0.00115081242503 -0.00603491212928 -0.00134325182631
592 0.00115081242503 -0.00603491212928 -0.00134325182631
593 0.00115081242503 -0.00603491212928 -0.00134325182631
594 0.00115081242503 -0.00603491212928 -0.00134325182631
595 0.00115081242503 -0.00603491212928 -0.00134325182631
596 0.00115081242503 -0.00603491212928 -0.00134325182631
597 0.00115081242503 -0.00603491212928 -0.00134325182631
598 0.00115081242503 -0.00603491212928 -0.00134325182631
599 0.00115081242503 -0.00603491212928 -0.00134325182631
600 0.00115081242503 -0.00603491212928 -0.00134325182631
601 0.000478310310155 0.00018095213365 0.00497878630779
602 0.000478310310155 0.00018095213365 0.00497878630779
603 0.000478310310155 0.00018095213365 0.00497878630779
604 0.000478310310155 0.00018095213365 0.00497878630779
605 0.000478310310155 0.00018095213365 0.00497878630779
606 0.000478310310155 0.00018095213365 0.00497878630779
607 0.000478310310155 0.00018095213365 0.00497878630779
608 0.000478310310155 0.00018095213365 0.00497878630779
609 0.000478310310155 0.00018095213365 0.00497878630779
610 0.000478310310155 0.00018095213365 0.00497878630779
611 0.000478310310155 0.00018095213365 0.00497878630779
612 0.000478310310155 0.00018095213365 0.00497878630779
613 0.000478310310155 0.00018095213365 0.00497878630779
614 0.000478310310155 0.00018095213365 0.00497878630779
615 0.000478310310155 0.00018095213365 0.00497878630779
616 0.000478310310155 0.00018095213365 0.00497878630779
617 0.000478310310155 0.00018095213365 0.00497878630779
618 0.000478310310155 0.00018095213365 0.00497878630779
619 0.000478310310155 0.00018095213365 0.00497878630779
620 0.000478310310155 0.00018095213365 0.00497878630779
621 0.000478310310155 0.00018095213365 0.00497878630779
622 0.000478310310155 0.00018095213365 0.00497878630779
623 0.000478310310155 0.00018095213365 0.00497878630779
624 0.000478310310155 0.00018095213365 0.00497878630779
625 0.000478310310155 0.00018095213365 0.00497878630779
626 0.000478310310155 0.00018095213365 0.00497878630779
627 0.000478310310155 0.00018095213365 0.00497878630779
628 0.000478310310155 0.00018095213365 0.00497878630779
629 0.000478310310155 0.00018095213365 0.00497878630779
630 0.000478310310155 0.00018095213365 0.00497878630779
631 0.000478310310155 0.00018095213365 0.00497878630779
632 0.000478310310155 0.00018095213365 0.00497878630779
633 0.000478310310155 0.00018095213365 0.00497878630779
634 0.000478310310155 0.00018095213365 0.00497878630779
635 0.000478310310155 0.00018095213365 0.00497878630779
636 0.000478310310155 0.00018095213365 0.00497878630779
637 0.000478310310155 0.00018095213365 0.00497878630779
638 0.000478310310155 0.00018095213365 0.00497878630779
639 0.000478310310155 0.00018095213365 0.00497878630779
640 0.000478310310155 0.00018095213365 0.00497878630779
641 0.000478310310155 0.00018095213365 0.00497878630779
642 0.000478310310155 0.00018095213365 0.00497878630779
643 0.000478310310155 0.00018095213365 0.00497878630779
644 0.000478310310155 0.00018095213365 0.00497878630779
645 0.000478310310155 0.00018095213365 0.00497878630779
646 0.000478310310155 0.00018095213365 0.00497878630779
647 0.000478310310155 0.00018095213365 0.00497878630779
648 0.000478310310155 0.00018095213365 0.00497878630779
649 0.000478310310155 0.00018095213365 0.00497878630779
650 0.000478310310155 0.00018095213365 0.00497878630779
651 -0.000568715752633 0.00018095213365 0.00497878630779
652 -0.000568715752633 0.00018095213365 0.00497878630779
653 -0.000568715752633 0.00018095213365 0.00497878630779
654 -0.000568715752633 0.00018095213365 0.00497878630779
655 -0.000568715752633 0.00018095213365 0.00497878630779
656 -0.000568715752633 0.00018095213365 0.00497878630779
657 -0.000568715752633 0.00018095213365 0.00497878630779
658 -0.000568715752633 0.00018095213365 0.00497878630779
659 -0.000568715752633 0.00018095213365 0.00497878630779
660 -0.000568715752633 0.00018095213365 0.00497878630779
661 -0.000568715752633 0.00018095213365 0.00497878630779
662 -0.000568715752633 0.00018095213365 0.00497878630779
663 -0.000568715752633 0.00018095213365 0.00497878630779
664 -0.000568715752633 0.00018095213365 0.00497878630779
665 -0.000568715752633 0.00018095213365 0.00497878630779
666 -0.000568715752633 0.00018095213365 0.00497878630779
667 -0.000568715752633 0.00018095213365 0.00497878630779
668 -0.000568715752633 0.00018095213365 0.00497878630779
669 -0.000568715752633 0.00018095213365 0.00497878630779
670 -0.000568715752633 0.00018095213365 0.00497878630779
671 -0.000568715752633 0.00018095213365 0.00497878630779
672 -0.000568715752633 0.00018095213365 0.00497878630779
673 -0.000568715752633 0.00018095213365 0.00497878630779
674 -0.000568715752633 0.00018095213365 0.00497878630779
675 -0.000568715752633 0.00018095213365 0.00497878630779
676 -0.000568715752633 0.00018095213365 0.00497878630779
677 -0.000568715752633 0.00018095213365 0.00497878630779
678 -0.000568715752633 0.00018095213365 0.00497878630779
679 -0.000568715752633 0.00018095213365 0.00497878630779
680 -0.000568715752633 0.00018095213365 0.00497878630779
681 -0.000568715752633 0.00018095213365 0.00497878630779
682 -0.000568715752633 0.00018095213365 0.00497878630779
683 -0.000568715752633 0.00018095213365 0.00497878630779
684 -0.000568715752633 0.00018095213365 0.00497878630779
685 -0.000568715752633 0.00018095213365 0.00497878630779
686 -0.000568715752633 0.00018095213365 0.00497878630779
687 -0.000568715752633 0.00018095213365 0.00497878630779
688 -0.000568715752633 0.00018095213365 0.00497878630779
689 -0.000568715752633 0.00018095213365 0.00497878630779
690 -0.000568715752633 0.00018095213365 0.00497878630779
691 -0.000568715752633 0.00018095213365 0.00497878630779
692 -0.000568715752633 0.00018095213365 0.00497878630779
693 -0.000568715752633 0.00018095213365 0.00497878630779
694 -0.000568715752633 0.00018095213365 0.00497878630779
695 -0.000568715752633 0.00018095213365 0.00497878630779
696 -0.000568715752633 0.00018095213365 0.00497878630779
697 -0.000568715752633 0.00018095213365 0.00497878630779
698 -0.000568715752633 0.00018095213365 0.00497878630779
699 -0.000568715752633 0.00018095213365 0.00497878630779
700 -0.000568715752633 0.00018095213365 0.00497878630779
701 0.000418709939401 0.00046011574644 -0.00376945790745
702 0.000418709939401 0.00046011574644 -0.00376945790745
703 0.000418709939401 0.00046011574644 -0.00376945790745
704 0.000418709939401 0.00046011574644 -0.00376945790745
705 0.000418709939401 0.00046011574644 -0.00376945790745
706 0.000418709939401 0.00046011574644 -0.00376945790745
707 0.000418709939401 0.00046011574644 -0.00376945790745
708 0.000418709939401 0.00046011574644 -0.00376945790745
709 0.000418709939401 0.00046011574644 -0.00376945790745
710 0.000418709939401 0.00046011574644 -0.00376945790745
711 0.000418709939401 0.00046011574644 -0.00376945790745
712 0.000418709939401 0.00046011574644 -0.00376945790745
713 0.000418709939401 0.00046011574644 -0.00376945790745
714 0.000418709939401 0.00046011574644 -0.00376945790745
715 0.000418709939401 0.00046011574644 -0.00376945790745
716 0.000418709939401 0.00046011574644 -0.00376945790745
717 0.000418709939401 0.00046011574644 -0.00376945790745
718 0.000418709939401 0.00046011574644 -0.00376945790745
719 0.000418709939401 0.00046011574644 -0.00376945790745
720 0.000418709939401 0.00046011574644 -0.00376945790745
721 0.000418709939401 0.00046011574644 -0.00376945790745
722 0.000418709939401 0.00046011574644 -0.00376945790745
723 0.000418709939401 0.00046011574644 -0.00376945790745
724 0.000418709939401 0.00046011574644 -0.00376945790745
725 0.000418709939401 0.00046011574644 -0.00376945790745
726 0.000418709939401 0.00046011574644 -0.00376945790745
727 0.000418709939401 0.00046011574644 -0.00376945790745
728 0.000418709939401 0.00046011574644 -0.00376945790745
729 0.000418709939401 0.00046011574644 -0.00376945790745
730 0.000418709939401 0.00046011574644 -0.00376945790745
731 0.000418709939401 0.00046011574644 -0.00376945790745
732 0.000418709939401 0.00046011574644 -0.00376945790745
733 0.000418709939401 0.00046011574644 -0.00376945790745
734 0.000418709939401 0.00046011574644 -0.00376945790745
735 0.000418709939401 0.00046011574644 -0.00376945790745
736 0.000418709939401 0.00046011574644 -0.00376945790745
737 0.000418709939401 0.00046011574644 -0.00376945790745
738 0.000418709939401 0.00046011574644 -0.00376945790745
739 0.000418709939401 0.00046011574644 -0.00376945790745
740 0.000418709939401 0.00046011574644 -0.00376945790745
741 0.000418709939401 0.00046011574644 -0.00376945790745
742 0.000418709939401 0.00046011574644 -0.00376945790745
743 0.000418709939401 0.00046011574644 -0.00376945790745
744 0.000418709939401 0.00046011574644 -0.00376945790745
745 0.000418709939401 0.00046011574644 -0.00376945790745
746 0.000418709939401 0.00046011574644 -0.00376945790745
747 0.000418709939401 0.00046011574644 -0.00376945790745
748 0.000418709939401 0.00046011574644 -0.00376945790745
749 0.000418709939401 0.00046011574644 -0.00376945790745
750 0.000418709939401 0.00046011574644 -0.00376945790745
751 -0.000619173451641 0.00046011574644 -0.00376945790745
752 -0.000619173451641 0.00046011574644 -0.00376945790745
753 -0.000619173451641 0.00046011574644 -0.00376945790745
754 -0.000619173451641 0.00046011574644 -0.00376945790745
755 -0.000619173451641 0.00046011574644 -0.00376945790745
756 -0.000619173451641 0.00046011574644 -0.00376945790745
757 -0.000619173451641 0.00046011574644 -0.00376945790745
758 -0.000619173451641 0.00046011574644 -0.00376945790745
759 -0.000619173451641 0.00046011574644 -0.00376945790745
760 -0.000619173451641 0.00046011574644 -0.00376945790745
761 -0.000619173451641 0.00046011574644 -0.00376945790745
762 -0.000619173451641 0.00046011574644 -0.00376945790745
763 -0.000619173451641 0.00046011574644 -0.00376945790745
764 -0.000619173451641 0.00046011574644 -0.00376945790745
765 -0.000619173451641 0.00046011574644 -0.00376945790745
766 -0.000619173451641 0.00046011574644 -0.00376945790745
767 -0.000619173451641 0.00046011574644 -0.00376945790745
768 -0.000619173451641 0.00046011574644 -0.00376945790745
769 -0.000619173451641 0.00046011574644 -0.00376945790745
770 -0.000619173451641 0.00046011574644 -0.00376945790745
771 -0.000619173451641 0.00046011574644 -0.00376945790745
772 -0.000619173451641 0.00046011574644 -0.00376945790745
773 -0.000619173451641 0.00046011574644 -0.00376945790745
774 -0.000619173451641 0.00046011574644 -0.00376945790745
775 -0.000619173451641 0.00046011574644 -0.00376945790745
776 -0.000619173451641 0.00046011574644 -0.00376945790745
777 -0.000619173451641 0.00046011574644 -0.00376945790745
778 -0.000619173451641 0.00046011574644 -0.00376945790745
779 -0.000619173451641 0.00046011574644 -0.00376945790745
780 -0.000619173451641 0.00046011574644 -0.00376945790745
781 -0.000619173451641 0.00046011574644 -0.00376945790745
782 -0.000619173451641 0.00046011574644 -0.00376945790745
783 -0.000619173451641 0.00046011574644 -0.00376945790745
784 -0.000619173451641 0.00046011574644 -0.00376945790745
785 -0.000619173451641 0.00046011574644 -0.00376945790745
786 -0.000619173451641 0.00046011574644 -0.00376945790745
787 -0.000619173451641 0.00046011574644 -0.00376945790745
788 -0.000619173451641 0.00046011574644 -0.00376945790745
789 -0.000619173451641 0.00046011574644 -0.00376945790745
790 -0.000619173451641 0.00046011574644 -0.00376945790745
791 -0.000619173451641 0.00046011574644 -0.00376945790745
792 -0.000619173451641 0.00046011574644 -0.00376945790745
793 -0.000619173451641 0.00046011574644 -0.00376945790745
794 -0.000619173451641 0.00046011574644 -0.00376945790745
795 -0.000619173451641 0.00046011574644 -0.00376945790745
796 -0.000619173451641 0.00046011574644 -0.00376945790745
797 -0.000619173451641 0.00046011574644 -0.00376945790745
798 -0.000619173451641 0.00046011574644 -0.00376945790745
799 -0.000619173451641 0.00046011574644 -0.00376945790745
800 -0.000619173451641 0.00046011574644 -0.00376945790745
801 -0.000680799857609 0.00675614163611 0.011866738897
802 -0.000680799857609 0.00675614163611 0.011866738897
803 -0.000680799857609 0.00675614163611 0.011866738897
804 -0.000680799857609 0.00675614163611 0.011866738897
805 -0.000680799857609 0.00675614163611 0.011866738897
806 -0.000680799857609 0.00675614163611 0.011866738897
807 -0.000680799857609 0.00675614163611 0.011866738897
808 -0.000680799857609 0.00675614163611 0.011866738897
809 -0.000680799857609 0.00675614163611 0.011866738897
810 -0.000680799857609 0.00675614163611 0.011866738897
811 -0.000680799857609 0.00675614163611 0.011866738897
812 -0.000680799857609 0.00675614163611 0.011866738897
813 -0.000680799857609 0.00675614163611 0.011866738897
814 -0.000680799857609 0.00675614163611 0.011866738897
815 -0.000680799857609 0.00675614163611 0.011866738897
816 -0.000680799857609 0.00675614163611 0.011866738897
817 -0.000680799857609 0.00675614163611 0.011866738897
818 -0.000680799857609 0.00675614163611 0.011866738897
819 -0.000680799857609 0.00675614163611 0.011866738897
820 -0.000680799857609 0.00675614163611 0.011866738897
821 -0.000680799857609 0.00675614163611 0.011866738897
822 -0.000680799857609 0.00675614163611 0.011866738897
823 -0.000680799857609 0.00675614163611 0.011866738897
824 -0.000680799857609 0.00675614163611 0.011866738897
825 -0.000680799857609 0.00675614163611 0.011866738897
826 -0.000680799857609 0.00675614163611 0.011866738897
827 -0.000680799857609 0.00675614163611 0.011866738897
828 -0.000680799857609 0.00675614163611 0.011866738897
829 -0.000680799857609 0.00675614163611 0.011866738897
830 -0.000680799857609 0.00675614163611 0.011866738897
831 -0.000680799857609 0.00675614163611 0.011866738897
832 -0.000680799857609 0.00675614163611 0.011866738897
833 -0.000680799857609 0.00675614163611 0.011866738897
834 -0.000680799857609 0.00675614163611 0.011866738897
835 -0.000680799857609 0.00675614163611 0.011866738897
836 -0.000680799857609 0.00675614163611 0.011866738897
837 -0.000680799857609 0.00675614163611 0.011866738897
838 -0.000680799857609 0.00675614163611 0.011866738897
839 -0.000680799857609 0.00675614163611 0.011866738897
840 -0.000680799857609 0.00675614163611 0.011866738897
841 -0.000680799857609 0.00675614163611 0.011866738897
842 -0.000680799857609 0.00675614163611 0.011866738897
843 -0.000680799857609 0.00675614163611 0.011866738897
844 -0.000680799857609 0.00675614163611 0.011866738897
845 -0.000680799857609 0.00675614163611 0.011866738897
846 -0.000680799857609 0.00675614163611 0.011866738897
847 -0.000680799857609 0.00675614163611 0.011866738897
848 -0.000680799857609 0.00675614163611 0.011866738897
849 -0.000680799857609 0.00675614163611 0.011866738897
850 -0.000680799857609 0.00675614163611 0.011866738897
851 -0.00134339701054 0.00675614163611 0.011866738897
852 -0.00134339701054 0.00675614163611 0.011866738897
853 -0.00134339701054 0.00675614163611 0.011866738897
854 -0.00134339701054 0.00675614163611 0.011866738897
855 -0.00134339701054 0.00675614163611 0.011866738897
856 -0.00134339701054 0.00675614163611 0.011866738897
857 -0.00134339701054 0.00675614163611 0.011866738897
858 -0.00134339701054 0.00675614163611 0.011866738897
859 -0.00134339701054 0.00675614163611 0.011866738897
860 -0.00134339701054 0.00675614163611 0.011866738897
861 -0.00134339701054 0.00675614163611 0.011866738897
862 -0.00134339701054 0.00675614163611 0.011866738897
863 -0.00134339701054 0.00675614163611 0.011866738897
864 -0.00134339701054 0.00675614163611 0.011866738897
865 -0.00134339701054 0.00675614163611 0.011866738897
866 -0.00134339701054 0.00675614163611 0.011866738897
867 -0.00134339701054 0.00675614163611 0.011866738897
868 -0.00134339701054 0.00675614163611 0.011866738897
869 -0.00134339701054 0.00675614163611 0.011866738897
870 -0.00134339701054 0.00675614163611 0.011866738897
871 -0.00134339701054 0.00675614163611 0.011866738897
872 -0.00134339701054 0.00675614163611 0.011866738897
873 -0.00134339701054 0.00675614163611 0.011866738897
874 -0.00134339701054 0.00675614163611 0.011866738897
875 -0.00134339701054 0.00675614163611 0.011866738897
876 -0.00134339701054 0.00675614163611 0.011866738897
877 -0.00134339701054 0.00675614163611 0.011866738897
878 -0.00134339701054 0.00675614163611 0.011866738897
879 -0.00134339701054 0.00675614163611 0.011866738897
880 -0.00134339701054 0.00675614163611 0.011866738897
881 -0.00134339701054 0.00675614163611 0.011866738897
882 -0.00134339701054 0.00675614163611 0.011866738897
883 -0.00134339701054 0.00675614163611 0.011866738897
884 -0.00134339701054 0.00675614163611 0.011866738897
885 -0.00134339701054 0.00675614163611 0.011866738897
886 -0.00134339701054 0.00675614163611 0.011866738897
887 -0.00134339701054 0.00675614163611 0.011866738897
888 -0.00134339701054 0.00675614163611 0.011866738897
889 -0.00134339701054 0.00675614163611 0.011866738897
890 -0.00134339701054 0.00675614163611 0.011866738897
891 -0.00134339701054 0.00675614163611 0.011866738897
892 -0.00134339701054 0.00675614163611 0.011866738897
893 -0.00134339701054 0.00675614163611 0.011866738897
894 -0.00134339701054 0.00675614163611 0.011866738897
895 -0.00134339701054 0.00675614163611 0.011866738897
896 -0.00134339701054 0.00675614163611 0.011866738897
897 -0.00134339701054 0.00675614163611 0.011866738897
898 -0.00134339701054 0.00675614163611 0.011866738897
899 -0.00134339701054 0.00675614163611 0.011866738897
900 -0.00134339701054 0.00675614163611 0.011866738897
901 -0.00181443592046 -0.00101330571103 -0.00393380709148
902 -0.00181443592046 -0.00101330571103 -0.00393380709148
903 -0.00181443592046 -0.00101330571103 -0.00393380709148
904 -0.00181443592046 -0.00101330571103 -0.00393380709148
905 -0.00181443592046 -0.00101330571103 -0.00393380709148
906 -0.00181443592046 -0.00101330571103 -0.00393380709148
907 -0.00181443592046 -0.00101330571103 -0.00393380709148
908 -0.00181443592046 -0.00101330571103 -0.00393380709148
909 -0.00181443592046 -0.00101330571103 -0.00393380709148
910 -0.00181443592046 -0.00101330571103 -0.00393380709148
911 -0.00181443592046 -0.00101330571103 -0.00393380709148
912 -0.00181443592046 -0.00101330571103 -0.00393380709148
913 -0.00181443592046 -0.00101330571103 -0.00393380709148
914 -0.00181443592046 -0.00101330571103 -0.00393380709148
915 -0.00181443592046 -0.00101330571103 -0.00393380709148
916 -0.00181443592046 -0.00101330571103 -0.00393380709148
917 -0.00181443592046 -0.00101330571103 -0.00393380709148
918 -0.00181443592046 -0.00101330571103 -0.00393380709148
919 -0.00181443592046 -0.00101330571103 -0.00393380709148
920 -0.00181443592046 -0.00101330571103 -0.00393380709148
921 -0.00181443592046 -0.00101330571103 -0.00393380709148
922 -0.00181443592046 -0.00101330571103 -0.00393380709148
923 -0.00181443592046 -0.00101330571103 -0.00393380709148
924 -0.00181443592046 -0.00101330571103 -0.00393380709148
925 -0.00181443592046 -0.00101330571103 -0.00393380709148
926 -0.00181443592046 -0.00101330571103 -0.00393380709148
927 -0.00181443592046 -0.00101330571103 -0.00393380709148
928 -0.00181443592046 -0.00101330571103 -0.00393380709148
929 -0.00181443592046 -0.00101330571103 -0.00393380709148
930 -0.00181443592046 -0.00101330571103 -0.00393380709148
931 -0.00181443592046 -0.00101330571103 -0.00393380709148
932 -0.00181443592046 -0.00101330571103 -0.00393380709148
933 -0.00181443592046 -0.00101330571103 -0.00393380709148
934 -0.00181443592046 -0.00101330571103 -0.00393380709148
935 -0.00181443592046 -0.00101330571103 -0.00393380709148
936 -0.00181443592046 -0.00101330571103 -0.00393380709148
937 -0.00181443592046 -0.00101330571103 -0.00393380709148
938 -0.00181443592046 -0.00101330571103 -0.00393380709148
939 -0.00181443592046 -0.00101330571103 -0.00393380709148
940 -0.00181443592046 -0.00101330571103 -0.00393380709148
941 -0.00181443592046 -0.00101330571103 -0.00393380709148
942 -0.00181443592046 -0.00101330571103 -0.00393380709148
943 -0.00181443592046 -0.00101330571103 -0.00393380709148
944 -0.00181443592046 -0.00101330571103 -0.00393380709148
945 -0.00181443592046 -0.00101330571103 -0.00393380709148
946 -0.00181443592046 -0.00101330571103 -0.00393380709148
947 -0.00181443592046 -0.00101330571103 -0.00393380709148
948 -0.00181443592046 -0.00101330571103 -0.00393380709148
949 -0.00181443592046 -0.00101330571103 -0.00393380709148
950 -0.00181443592046 -0.00101330571103 -0.00393380709148
951 -0.00181443592046 -0.00101330571103 -0.00393380709148
952 -0.00181443592046 -0.00101330571103 -0.00393380709148
953 -0.00181443592046 -0.00101330571103 -0.00393380709148
954 -0.00181443592046 -0.00101330571103 -0.00393380709148
955 -0.00181443592046 -0.00101330571103 -0.00393380709148
956 -0.00181443592046 -0.00101330571103 -0.00393380709148
957 -0.00181443592046 -0.00101330571103 -0.00393380709148
958 -0.00181443592046 -0.00101330571103 -0.00393380709148
959 -0.00181443592046 -0.00101330571103 -0.00393380709148
960 -0.00181443592046 -0.00101330571103 -0.00393380709148
961 -0.00181443592046 -0.00101330571103 -0.00393380709148
962 -0.00181443592046 -0.00101330571103 -0.00393380709148
963 -0.00181443592046 -0.00101330571103 -0.00393380709148
964 -0.00181443592046 -0.00101330571103 -0.00393380709148
965 -0.00181443592046 -0.00101330571103 -0.00393380709148
966 -0.00181443592046 -0.00101330571103 -0.00393380709148
967 -0.00181443592046 -0.00101330571103 -0.00393380709148
968 -0.00181443592046 -0.00101330571103 -0.00393380709148
969 -0.00181443592046 -0.00101330571103 -0.00393380709148
970 -0.00181443592046 -0.00101330571103 -0.00393380709148
971 -0.000262329981713 -0.00101330571103 -0.00393380709148
972 -0.000262329981713 -0.00101330571103 -0.00393380709148
973 -0.000262329981713 -0.00101330571103 -0.00393380709148
974 -0.000262329981713 -0.00101330571103 -0.00393380709148
975 -0.000262329981713 -0.00101330571103 -0.00393380709148
976 -0.000262329981713 -0.00101330571103 -0.00393380709148
977 -0.000262329981713 -0.00101330571103 -0.00393380709148
978 -0.000262329981713 -0.00101330571103 -0.00393380709148
979 -0.000262329981713 -0.00101330571103 -0.00393380709148
980 -0.000262329981713 -0.00101330571103 -0.00393380709148
981 -0.000262329981713 -0.00101330571103 -0.00393380709148
982 -0.000262329981713 -0.00101330571103 -0.00393380709148
983 -0.000262329981713 -0.00101330571103 -0.00393380709148
984 -0.000262329981713 -0.00101330571103 -0.00393380709148
985 -0.000262329981713 -0.00101330571103 -0.00393380709148
986 -0.000262329981713 -0.00101330571103 -0.00393380709148
987 -0.000262329981713 -0.00101330571103 -0.00393380709148
988 -0.000262329981713 -0.00101330571103 -0.00393380709148
989 -0.000262329981713 -0.00101330571103 -0.00393380709148
990 -0.000262329981713 -0.00101330571103 -0.00393380709148
991 -0.000262329981713 -0.00101330571103 -0.00393380709148
992 -0.000262329981713 -0.00101330571103 -0.00393380709148
993 -0.000262329981713 -0.00101330571103 -0.00393380709148
994 -0.000262329981713 -0.00101330571103 -0.00393380709148
995 -0.000262329981713 -0.00101330571103 -0.00393380709148
996 -0.000262329981713 -0.00101330571103 -0.00393380709148
997 -0.000262329981713 -0.00101330571103 -0.00393380709148
998 -0.000262329981713 -0.00101330571103 -0.00393380709148
999 -0.000262329981713 -0.00101330571103 -0.00393380709148
1000 -0.000262329981713 -0.00101330571103 -0.00393380709148
1001 -0.000262329981713 0.0 0.0
1002 -0.000262329981713 0.0 0.0
1003 -0.000262329981713 0.0 0.0
1004 -0.000262329981713 0.0 0.0
1005 -0.000262329981713 0.0 0.0
1006 -0.000262329981713 0.0 0.0
1007 -0.000262329981713 0.0 0.0
1008 -0.000262329981713 0.0 0.0
1009 -0.000262329981713 0.0 0.0
1010 -0.000262329981713 0.0 0.0
1011 -0.000262329981713 0.0 0.0
1012 -0.000262329981713 0.0 0.0
1013 -0.000262329981713 0.0 0.0
1014 -0.000262329981713 0.0 0.0
1015 -0.000262329981713 0.0 0.0
1016 -0.000262329981713 0.0 0.0
1017 -0.000262329981713 0.0 0.0
1018 -0.000262329981713 0.0 0.0
1019 -0.000262329981713 0.0 0.0
1020 -0.000262329981713 0.0 0.0
1021 -0.000262329981713 0.0 0.0
1022 -0.000262329981713 0.0 0.0
1023 -0.000262329981713 0.0 0.0
1024 -0.000262329981713 0.0 0.0
1025 -0.000262329981713 0.0 0.0
1026 -0.000262329981713 0.0 0.0
1027 -0.000262329981713 0.0 0.0
1028 -0.000262329981713 0.0 0.0
1029 -0.000262329981713 0.0 0.0
1030 -0.000262329981713 0.0 0.0
1031 -0.000218704418891 0.0 0.0
1032 -0.000218704418891 0.0 0.0
1033 -0.000218704418891 0.0 0.0
1034 -0.000218704418891 0.0 0.0
1035 -0.000218704418891 0.0 0.0
1036 -0.000218704418891 0.0 0.0
1037 -0.000218704418891 0.0 0.0
1038 -0.000218704418891 0.0 0.0
1039 -0.000218704418891 0.0 0.0
1040 -0.000218704418891 0.0 0.0
1041 -0.000218704418891 0.0 0.0
1042 -0.000218704418891 0.0 0.0
1043 -0.000218704418891 0.0 0.0
1044 -0.000218704418891 0.0 0.0
1045 -0.000218704418891 0.0 0.0
1046 -0.000218704418891 0.0 0.0
1047 -0.000218704418891 0.0 0.0
1048 -0.000218704418891 0.0 0.0
1049 -0.000218704418891 0.0 0.0
1050 -0.000218704418891 0.0 0.0
1051 -0.000218704418891 0.0 0.0
1052 -0.000218704418891 0.0 0.0
1053 -0.000218704418891 0.0 0.0
1054 -0.000218704418891 0.0 0.0
1055 -0.000218704418891 0.0 0.0
1056 -0.000218704418891 0.0 0.0
1057 -0.000218704418891 0.0 0.0
1058 -0.000218704418891 0.0 0.0
1059 -0.000218704418891 0.0 0.0
1060 -0.000218704418891 0.0 0.0
1061 -0.000218704418891 0.0 0.0
1062 -0.000218704418891 0.0 0.0
1063 -0.000218704418891 0.0 0.0
1064 -0.000218704418891 0.0 0.0
1065 -0.000218704418891 0.0 0.0
1066 -0.000218704418891 0.0 0.0
1067 -0.000218704418891 0.0 0.0
1068 -0.000218704418891 0.0 0.0
1069 -0.000218704418891 0.0 0.0
1070 -0.000218704418891 0.0 0.0
1071 -0.000218704418891 0.0 0.0
1072 -0.000218704418891 0.0 0.0
1073 -0.000218704418891 0.0 0.0
1074 -0.000218704418891 0.0 0.0
1075 -0.000218704418891 0.0 0.0
1076 -0.000218704418891 0.0 0.0
1077 -0.000218704418891 0.0 0.0
1078 -0.000218704418891 0.0 0.0
1079 -0.000218704418891 0.0 0.0
1080 -0.000218704418891 0.0 0.0
1081 -0.000218704418891 0.0 0.0
1082 -0.000218704418891 0.0 0.0
1083 -0.000218704418891 0.0 0.0
1084 -0.000218704418891 0.0 0.0
1085 -0.000218704418891 0.0 0.0
1086 -0.000218704418891 0.0 0.0
1087 -0.000218704418891 0.0 0.0
1088 -0.000218704418891 0.0 0.0
1089 -0.000218704418891 0.0 0.0
1090 -0.000218704418891 0.0 0.0
1091 -0.00137709266357 0.0 0.0
1092 -0.00137709266357 0.0 0.0
1093 -0.00137709266357 0.0 0.0
1094 -0.00137709266357 0.0 0.0
1095 -0.00137709266357 0.0 0.0
1096 -0.00137709266357 0.0 0.0
1097 -0.00137709266357 0.0 0.0
1098 -0.00137709266357 0.0 0.0
1099 -0.00137709266357 0.0 0.0
1100 -0.00137709266357 0.0 0.0
1101 -0.00137709266357 0.0 0.0
1102 -0.00137709266357 0.0 0.0
1103 -0.00137709266357 0.0 0.0
1104 -0.00137709266357 0.0 0.0
1105 -0.00137709266357 0.0 0.0
1106 -0.00137709266357 0.0 0.0
1107 -0.00137709266357 0.0 0.0
1108 -0.00137709266357 0.0 0.0
1109 -0.00137709266357 0.0 0.0
1110 -0.00137709266357 0.0 0.0
1111 -0.00137709266357 0.0 0.0
1112 -0.00137709266357 0.0 0.0
1113 -0.00137709266357 0.0 0.0
1114 -0.00137709266357 0.0 0.0
1115 -0.00137709266357 0.0 0.0
1116 -0.00137709266357 0.0 0.0
1117 -0.00137709266357 0.0 0.0
1118 -0.00137709266357 0.0 0.0
1119 -0.00137709266357 0.0 0.0
1120 -0.00137709266357 0.0 0.0
1121 -0.00137709266357 0.0 0.0
1122 -0.00137709266357 0.0 0.0
1123 -0.00137709266357 0.0 0.0
1124 -0.00137709266357 0.0 0.0
1125 -0.00137709266357 0.0 0.0
1126 -0.00137709266357 0.0 0.0
1127 -0.00137709266357 0.0 0.0
1128 -0.00137709266357 0.0 0.0
1129 -0.00137709266357 0.0 0.0
1130 -0.00137709266357 0.0 0.0
1131 -0.00137709266357 0.0 0.0
1132 -0.00137709266357 0.0 0.0
1133 -0.00137709266357 0.0 0.0
1134 -0.00137709266357 0.0 0.0
1135 -0.00137709266357 0.0 0.0
1136 -0.00137709266357 0.0 0.0
1137 -0.00137709266357 0.0 0.0
1138 -0.00137709266357 0.0 0.0
1139 -0.00137709266357 0.0 0.0
1140 -0.00137709266357 0.0 0.0
1141 -0.00137709266357 0.0 0.0
1142 -0.00137709266357 0.0 0.0
1143 -0.00137709266357 0.0 0.0
1144 -0.00137709266357 0.0 0.0
1145 -0.00137709266357 0.0 0.0
1146 -0.00137709266357 0.0 0.0
1147 -0.00137709266357 0.0 0.0
1148 -0.00137709266357 0.0 0.0
1149 -0.00137709266357 0.0 0.0
1150 -0.00137709266357 0.0 0.0
1151 -0.000681388264007 0.0 0.0
1152 -0.000681388264007 0.0 0.0
1153 -0.000681388264007 0.0 0.0
1154 -0.000681388264007 0.0 0.0
1155 -0.000681388264007 0.0 0.0
1156 -0.000681388264007 0.0 0.0
1157 -0.000681388264007 0.0 0.0
1158 -0.000681388264007 0.0 0.0
1159 -0.000681388264007 0.0 0.0
1160 -0.000681388264007 0.0 0.0
1161 -0.000681388264007 0.0 0.0
1162 -0.000681388264007 0.0 0.0
1163 -0.000681388264007 0.0 0.0
1164 -0.000681388264007 0.0 0.0
1165 -0.000681388264007 0.0 0.0
1166 -0.000681388264007 0.0 0.0
1167 -0.000681388264007 0.0 0.0
1168 -0.000681388264007 0.0 0.0
1169 -0.000681388264007 0.0 0.0
1170 -0.000681388264007 0.0 0.0
1171 -0.000681388264007 0.0 0.0
1172 -0.000681388264007 0.0 0.0
1173 -0.000681388264007 0.0 0.0
1174 -0.000681388264007 0.0 0.0
1175 -0.000681388264007 0.0 0.0
1176 -0.000681388264007 0.0 0.0
1177 -0.000681388264007 0.0 0.0
1178 -0.000681388264007 0.0 0.0
1179 -0.000681388264007 0.0 0.0
1180 -0.000681388264007 0.0 0.0
1181 -0.000681388264007 0.0 0.0
1182 -0.000681388264007 0.0 0.0
1183 -0.000681388264007 0.0 0.0
1184 -0.000681388264007 0.0 0.0
1185 -0.000681388264007 0.0 0.0
1186 -0.000681388264007 0.0 0.0
1187 -0.000681388264007 0.0 0.0
1188 -0.000681388264007 0.0 0.0
1189 -0.000681388264007 0.0 0.0
1190 -0.000681388264007 0.0 0.0
1191 -0.000681388264007 0.0 0.0
1192 -0.000681388264007 0.0 0.0
1193 -0.000681388264007 0.0 0.0
1194 -0.000681388264007 0.0 0.0
1195 -0.000681388264007 0.0 0.0
1196 -0.000681388264007 0.0 0.0
1197 -0.000681388264007 0.0 0.0
1198 -0.000681388264007 0.0 0.0
1199 -0.000681388264007 0.0 0.0
1200 -0.000681388264007 0.0 0.0
1201 -0.000681388264007 0.0 0.0
1202 -0.000681388264007 0.0 0.0
1203 -0.000681388264007 0.0 0.0
1204 -0.000681388264007 0.0 0.0
1205 -0.000681388264007 0.0 0.0
1206 -0.000681388264007 0.0 0.0
1207 -0.000681388264007 0.0 0.0
1208 -0.000681388264007 0.0 0.0
1209 -0.000681388264007 0.0 0.0
1210 -0.000681388264007 0.0 0.0
1211 -0.0038555917495 0.0 0.0
1212 -0.0038555917495 0.0 0.0
1213 -0.0038555917495 0.0 0.0
1214 -0.0038555917495 0.0 0.0
1215 -0.0038555917495 0.0 0.0
1216 -0.0038555917495 0.0 0.0
1217 -0.0038555917495 0.0 0.0
1218 -0.0038555917495 0.0 0.0
1219 -0.0038555917495 0.0 0.0
1220 -0.0038555917495 0.0 0.0
1221 -0.0038555917495 0.0 0.0
1222 -0.0038555917495 0.0 0.0
1223 -0.0038555917495 0.0 0.0
1224 -0.0038555917495 0.0 0.0
1225 -0.0038555917495 0.0 0.0
1226 -0.0038555917495 0.0 0.0
1227 -0.0038555917495 0.0 0.0
1228 -0.0038555917495 0.0 0.0
1229 -0.0038555917495 0.0 0.0
1230 -0.0038555917495 0.0 0.0
1231 -0.0038555917495 0.0 0.0
1232 -0.0038555917495 0.0 0.0
1233 -0.0038555917495 0.0 0.0
1234 -0.0038555917495 0.0 0.0
1235 -0.0038555917495 0.0 0.0
1236 -0.0038555917495 0.0 0.0
1237 -0.0038555917495 0.0 0.0
1238 -0.0038555917495 0.0 0.0
1239 -0.0038555917495 0.0 0.0
1240 -0.0038555917495 0.0 0.0
1241 -0.0038555917495 0.0 0.0
1242 -0.0038555917495 0.0 0.0
1243 -0.0038555917495 0.0 0.0
1244 -0.0038555917495 0.0 0.0
1245 -0.0038555917495 0.0 0.0
1246 -0.0038555917495 0.0 0.0
1247 -0.0038555917495 0.0 0.0
1248 -0.0038555917495 0.0 0.0
1249 -0.0038555917495 0.0 0.0
1250 -0.0038555917495 0.0 0.0
1251 -0.0038555917495 0.0 0.0
1252 -0.0038555917495 0.0 0.0
1253 -0.0038555917495 0.0 0.0
1254 -0.0038555917495 0.0 0.0
1255 -0.0038555917495 0.0 0.0
1256 -0.0038555917495 0.0 0.0
1257 -0.0038555917495 0.0 0.0
1258 -0.0038555917495 0.0 0.0
1259 -0.0038555917495 0.0 0.0
1260 -0.0038555917495 0.0 0.0
1261 -0.0038555917495 0.0 0.0
1262 -0.0038555917495 0.0 0.0
1263 -0.0038555917495 0.0 0.0
1264 -0.0038555917495 0.0 0.0
1265 -0.0038555917495 0.0 0.0
1266 -0.0038555917495 0.0 0.0
1267 -0.0038555917495 0.0 0.0
1268 -0.0038555917495 0.0 0.0
1269 -0.0038555917495 0.0 0.0
1270 -0.0038555917495 0.0 0.0
1271 -0.001142088116 0.0 0.0
1272 -0.001142088116 0.0 0.0
1273 -0.001142088116 0.0 0.0
1274 -0.001142088116 0.0 0.0
1275 -0.001142088116 0.0 0.0
1276 -0.001142088116 0.0 0.0
1277 -0.001142088116 0.0 0.0
1278 -0.001142088116 0.0 0.0
1279 -0.001142088116 0.0 0.0
1280 -0.001142088116 0.0 0.0
1281 -0.001142088116 0.0 0.0
1282 -0.001142088116 0.0 0.0
1283 -0.001142088116 0.0 0.0
1284 -0.001142088116 0.0 0.0
1285 -0.001142088116 0.0 0.0
1286 -0.001142088116 0.0 0.0
1287 -0.001142088116 0.0 0.0
1288 -0.001142088116 0.0 0.0
1289 -0.001142088116 0.0 0.0
1290 -0.001142088116 0.0 0.0
1291 -0.001142088116 0.0 0.0
1292 -0.001142088116 0.0 0.0
1293 -0.001142088116 0.0 0.0
1294 -0.001142088116 0.0 0.0
1295 -0.001142088116 0.0 0.0
1296 -0.001142088116 0.0 0.0
1297 -0.001142088116 0.0 0.0
1298 -0.001142088116 0.0 0.0
1299 -0.001142088116 0.0 0.0
1300 -0.001142088116 0.0 0.0
1301 -0.001142088116 0.0 0.0
1302 -0.001142088116 0.0 0.0
1303 -0.001142088116 0.0 0.0
1304 -0.001142088116 0.0 0.0
1305 -0.001142088116 0.0 0.0
1306 -0.001142088116 0.0 0.0
1307 -0.001142088116 0.0 0.0
1308 -0.001142088116 0.0 0.0
1309 -0.001142088116 0.0 0.0
1310 -0.001142088116 0.0 0.0
1311 -0.001142088116 0.0 0.0
1312 -0.001142088116 0.0 0.0
1313 -0.001142088116 0.0 0.0
1314 -0.001142088116 0.0 0.0
1315 -0.001142088116 0.0 0.0
1316 -0.001142088116 0.0 0.0
1317 -0.001142088116 0.0 0.0
1318 -0.001142088116 0.0 0.0
1319 -0.001142088116 0.0 0.0
1320 -0.001142088116 0.0 0.0
1321 -0.001142088116 0.0 0.0
1322 -0.001142088116 0.0 0.0
1323 -0.001142088116 0.0 0.0
1324 -0.001142088116 0.0 0.0
1325 -0.001142088116 0.0 0.0
1326 -0.001142088116 0.0 0.0
1327 -0.001142088116 0.0 0.0
1328 -0.001142088116 0.0 0.0
1329 -0.001142088116 0.0 0.0
1330 -0.001142088116 0.0 0.0
1331 0.00100032214826 0.0 0.0
1332 0.00100032214826 0.0 0.0
1333 0.00100032214826 0.0 0.0
1334 0.00100032214826 0.0 0.0
1335 0.00100032214826 0.0 0.0
1336 0.00100032214826 0.0 0.0
1337 0.00100032214826 0.0 0.0
1338 0.00100032214826 0.0 0.0
1339 0.00100032214826 0.0 0.0
1340 0.00100032214826 0.0 0.0
1341 0.00100032214826 0.0 0.0
1342 0.00100032214826 0.0 0.0
1343 0.00100032214826 0.0 0.0
1344 0.00100032214826 0.0 0.0
1345 0.00100032214826 0.0 0.0
1346 0.00100032214826 0.0 0.0
1347 0.00100032214826 0.0 0.0
1348 0.00100032214826 0.0 0.0
1349 0.00100032214826 0.0 0.0
1350 0.00100032214826 0.0 0.0
1351 0.00100032214826 0.0 0.0
1352 0.00100032214826 0.0 0.0
1353 0.00100032214826 0.0 0.0
1354 0.00100032214826 0.0 0.0
1355 0.00100032214826 0.0 0.0
1356 0.00100032214826 0.0 0.0
1357 0.00100032214826 0.0 0.0
1358 0.00100032214826 0.0 0.0
1359 0.00100032214826 0.0 0.0
1360 0.00100032214826 0.0 0.0
1361 0.00100032214826 0.0 0.0
1362 0.00100032214826 0.0 0.0
1363 0.00100032214826 0.0 0.0
1364 0.00100032214826 0.0 0.0
1365 0.00100032214826 0.0 0.0
1366 0.00100032214826 0.0 0.0
1367 0.00100032214826 0.0 0.0
1368 0.00100032214826 0.0 0.0
1369 0.00100032214826 0.0 0.0
1370 0.00100032214826 0.0 0.0
1371 0.00100032214826 0.0 0.0
1372 0.00100032214826 0.0 0.0
1373 0.00100032214826 0.0 0.0
1374 0.00100032214826 0.0 0.0
1375 0.00100032214826 0.0 0.0
1376 0.00100032214826 0.0 0.0
1377 0.00100032214826 0.0 0.0
1378 0.00100032214826 0.0 0.0
1379 0.00100032214826 0.0 0.0
1380 0.00100032214826 0.0 0.0
1381 0.00100032214826 0.0 0.0
1382 0.00100032214826 0.0 0.0
1383 0.00100032214826 0.0 0.0
1384 0.00100032214826 0.0 0.0
1385 0.00100032214826 0.0 0.0
1386 0.00100032214826 0.0 0.0
1387 0.00100032214826 0.0 0.0
1388 0.00100032214826 0.0 0.0
1389 0.00100032214826 0.0 0.0
1390 0.00100032214826 0.0 0.0
1391 0.0169491525424 0.0 0.0
1392 0.0169491525424 0.0 0.0
1393 0.0169491525424 0.0 0.0
1394 0.0169491525424 0.0 0.0
1395 0.0169491525424 0.0 0.0
1396 0.0169491525424 0.0 0.0
1397 0.0169491525424 0.0 0.0
1398 0.0169491525424 0.0 0.0
1399 0.0169491525424 0.0 0.0
1400 0.0169491525424 0.0 0.0
1401 0.0169491525424 0.0 0.0
1402 0.0169491525424 0.0 0.0
1403 0.0169491525424 0.0 0.0
1404 0.0169491525424 0.0 0.0
1405 0.0169491525424 0.0 0.0
1406 0.0169491525424 0.0 0.0
1407 0.0169491525424 0.0 0.0
1408 0.0169491525424 0.0 0.0
1409 0.0169491525424 0.0 0.0
1410 0.0169491525424 0.0 0.0
1411 0.0169491525424 0.0 0.0
1412 0.0169491525424 0.0 0.0
1413 0.0169491525424 0.0 0.0
1414 0.0169491525424 0.0 0.0
1415 0.0169491525424 0.0 0.0
1416 0.0169491525424 0.0 0.0
1417 0.0169491525424 0.0 0.0
1418 0.0169491525424 0.0 0.0
1419 0.0169491525424 0.0 0.0
1420 0.0169491525424 0.0 0.0
1421 0.0169491525424 0.0 0.0
1422 0.0169491525424 0.0 0.0
1423 0.0169491525424 0.0 0.0
1424 0.0169491525424 0.0 0.0
1425 0.0169491525424 0.0 0.0
1426 0.0169491525424 0.0 0.0
1427 0.0169491525424 0.0 0.0
1428 0.0169491525424 0.0 0.0
1429 0.0169491525424 0.0 0.0
1430 0.0169491525424 0.0 0.0
1431 0.0169491525424 0.0 0.0
1432 0.0169491525424 0.0 0.0
1433 0.0169491525424 0.0 0.0
1434 0.0169491525424 0.0 0.0
1435 0.0169491525424 0.0 0.0
1436 0.0169491525424 0.0 0.0
1437 0.0169491525424 0.0 0.0
1438 0.0169491525424 0.0 0.0
1439 0.0169491525424 0.0 0.0
1440 0.0169491525424 0.0 0.0
1441 0.0169491525424 0.0 0.0
1442 0.0169491525424 0.0 0.0
1443 0.0169491525424 0.0 0.0
1444 0.0169491525424 0.0 0.0
1445 0.0169491525424 0.0 0.0
1446 0.0169491525424 0.0 0.0
1447 0.0169491525424 0.0 0.0
1448 0.0169491525424 0.0 0.0
1449 0.0169491525424 0.0 0.0
1450 0.0169491525424 0.0 0.0
1451 0.00488974497984 0.0 0.0
1452 0.00488974497984 0.0 0.0
1453 0.00488974497984 0.0 0.0
1454 0.00488974497984 0.0 0.0
1455 0.00488974497984 0.0 0.0
1456 0.00488974497984 0.0 0.0
1457 0.00488974497984 0.0 0.0
1458 0.00488974497984 0.0 0.0
1459 0.00488974497984 0.0 0.0
1460 0.00488974497984 0.0 0.0
1461 0.00488974497984 0.0 0.0
1462 0.00488974497984 0.0 0.0
1463 0.00488974497984 0.0 0.0
1464 0.00488974497984 0.0 0.0
1465 0.00488974497984 0.0 0.0
1466 0.00488974497984 0.0 0.0
1467 0.00488974497984 0.0 0.0
1468 0.00488974497984 0.0 0.0
1469 0.00488974497984 0.0 0.0
1470 0.00488974497984 0.0 0.0
1471 0.00488974497984 0.0 0.0
1472 0.00488974497984 0.0 0.0
1473 0.00488974497984 0.0 0.0
1474 0.00488974497984 0.0 0.0
1475 0.00488974497984 0.0 0.0
1476 0.00488974497984 0.0 0.0
1477 0.00488974497984 0.0 0.0
1478 0.00488974497984 0.0 0.0
1479 0.00488974497984 0.0 0.0
1480 0.00488974497984 0.0 0.0
1481 0.00488974497984 0.0 0.0
1482 0.00488974497984 0.0 0.0
1483 0.00488974497984 0.0 0.0
1484 0.00488974497984 0.0 0.0
1485 0.00488974497984 0.0 0.0
1486 0.00488974497984 0.0 0.0
1487 0.00488974497984 0.0 0.0
1488 0.00488974497984 0.0 0.0
1489 0.00488974497984 0.0 0.0
1490 0.00488974497984 0.0 0.0
1491 0.00488974497984 0.0 0.0
1492 0.00488974497984 0.0 0.0
1493 0.00488974497984 0.0 0.0
1494 0.00488974497984 0.0 0.0
1495 0.00488974497984 0.0 0.0
1496 0.00488974497984 0.0 0.0
1497 0.00488974497984 0.0 0.0
1498 0.00488974497984 0.0 0.0
1499 0.00488974497984 0.0 0.0
1500 0.00488974497984 0.0 0.0
1501 0.00488974497984 0.0 0.0
1502 0.00488974497984 0.0 0.0
1503 0.00488974497984 0.0 0.0
1504 0.00488974497984 0.0 0.0
1505 0.00488974497984 0.0 0.0
1506 0.00488974497984 0.0 0.0
1507 0.00488974497984 0.0 0.0
1508 0.00488974497984 0.0 0.0
1509 0.00488974497984 0.0 0.0
1510 0.00488974497984 0.0 0.0
1511 -0.00152148038826 0.0 0.0
1512 -0.00152148038826 0.0 0.0
1513 -0.00152148038826 0.0 0.0
1514 -0.00152148038826 0.0 0.0
1515 -0.00152148038826 0.0 0.0
1516 -0.00152148038826 0.0 0.0
1517 -0.00152148038826 0.0 0.0
1518 -0.00152148038826 0.0 0.0
1519 -0.00152148038826 0.0 0.0
1520 -0.00152148038826 0.0 0.0
1521 -0.00152148038826 0.0 0.0
1522 -0.00152148038826 0.0 0.0
1523 -0.00152148038826 0.0 0.0
1524 -0.00152148038826 0.0 0.0
1525 -0.00152148038826 0.0 0.0
1526 -0.00152148038826 0.0 0.0
1527 -0.00152148038826 0.0 0.0
1528 -0.00152148038826 0.0 0.0
1529 -0.00152148038826 0.0 0.0
1530 -0.00152148038826 0.0 0.0
1531 -0.00152148038826 0.0 0.0
1532 -0.00152148038826 0.0 0.0
1533 -0.00152148038826 0.0 0.0
1534 -0.00152148038826 0.0 0.0
1535 -0.00152148038826 0.0 0.0
1536 -0.00152148038826 0.0 0.0
1537 -0.00152148038826 0.0 0.0
1538 -0.00152148038826 0.0 0.0
1539 -0.00152148038826 0.0 0.0
1540 -0.00152148038826 0.0 0.0
1541 -0.00152148038826 0.0 0.0
1542 -0.00152148038826 0.0 0.0
1543 -0.00152148038826 0.0 0.0
1544 -0.00152148038826 0.0 0.0
1545 -0.00152148038826 0.0 0.0
1546 -0.00152148038826 0.0 0.0
1547 -0.00152148038826 0.0 0.0
1548 -0.00152148038826 0.0 0.0
1549 -0.00152148038826 0.0 0.0
1550 -0.00152148038826 0.0 0.0
1551 -0.00152148038826 0.0 0.0
1552 -0.00152148038826 0.0 0.0
1553 -0.00152148038826 0.0 0.0
1554 -0.00152148038826 0.0 0.0
1555 -0.00152148038826 0.0 0.0
1556 -0.00152148038826 0.0 0.0
1557 -0.00152148038826 0.0 0.0
1558 -0.00152148038826 0.0 0.0
1559 -0.00152148038826 0.0 0.0
1560 -0.00152148038826 0.0 0.0
1561 -0.00152148038826 0.0 0.0
1562 -0.00152148038826 0.0 0.0
1563 -0.00152148038826 0.0 0.0
1564 -0.00152148038826 0.0 0.0
1565 -0.00152148038826 0.0 0.0
1566 -0.00152148038826 0.0 0.0
1567 -0.00152148038826 0.0 0.0
1568 -0.00152148038826 0.0 0.0
1569 -0.00152148038826 0.0 0.0
1570 -0.00152148038826 0.0 0.0
1571 0.00191423154156 0.0 0.0
1572 0.00191423154156 0.0 0.0
1573 0.00191423154156 0.0 0.0
1574 0.00191423154156 0.0 0.0
1575 0.00191423154156 0.0 0.0
1576 0.00191423154156 0.0 0.0
1577 0.00191423154156 0.0 0.0
1578 0.00191423154156 0.0 0.0
1579 0.00191423154156 0.0 0.0
1580 0.00191423154156 0.0 0.0
1581 0.00191423154156 0.0 0.0
1582 0.00191423154156 0.0 0.0
1583 0.00191423154156 0.0 0.0
1584 0.00191423154156 0.0 0.0
1585 0.00191423154156 0.0 0.0
1586 0.00191423154156 0.0 0.0
1587 0.00191423154156 0.0 0.0
1588 0.00191423154156 0.0 0.0
1589 0.00191423154156 0.0 0.0
1590 0.00191423154156 0.0 0.0
1591 0.00191423154156 0.0 0.0
1592 0.00191423154156 0.0 0.0
1593 0.00191423154156 0.0 0.0
1594 0.00191423154156 0.0 0.0
1595 0.00191423154156 0.0 0.0
1596 0.00191423154156 0.0 0.0
1597 0.00191423154156 0.0 0.0
1598 0.00191423154156 0.0 0.0
1599 0.00191423154156 0.0 0.0
1600 0.00191423154156 0.0 0.0
1601 0.00191423154156 0.0 0.0
1602 0.00191423154156 0.0 0.0
1603 0.00191423154156 0.0 0.0
1604 0.00191423154156 0.0 0.0
1605 0.00191423154156 0.0 0.0
1606 0.00191423154156 0.0 0.0
1607 0.00191423154156 0.0 0.0
1608 0.00191423154156 0.0 0.0
1609 0.00191423154156 0.0 0.0
1610 0.00191423154156 0.0 0.0
1611 0.00191423154156 0.0 0.0
1612 0.00191423154156 0.0 0.0
1613 0.00191423154156 0.0 0.0
1614 0.00191423154156 0.0 0.0
1615 0.00191423154156 0.0 0.0
1616 0.00191423154156 0.0 0.0
1617 0.00191423154156 0.0 0.0
1618 0.00191423154156 0.0 0.0
1619 0.00191423154156 0.0 0.0
1620 0.00191423154156 0.0 0.0
1621 0.00191423154156 0.0 0.0
1622 0.00191423154156 0.0 0.0
1623 0.00191423154156 0.0 0.0
1624 0.00191423154156 0.0 0.0
1625 0.00191423154156 0.0 0.0
1626 0.00191423154156 0.0 0.0
1627 0.00191423154156 0.0 0.0
1628 0.00191423154156 0.0 0.0
1629 0.00191423154156 0.0 0.0
1630 0.00191423154156 0.0 0.0
1631 0.00191423154156 0.0 0.0
1632 0.00191423154156 0.0 0.0
1633 0.00191423154156 0.0 0.0
1634 0.00191423154156 0.0 0.0
1635 0.00191423154156 0.0 0.0
1636 0.00191423154156 0.0 0.0
1637 0.00191423154156 0.0 0.0
1638 0.00191423154156 0.0 0.0
1639 0.00191423154156 0.0 0.0
1640 0.00191423154156 0.0 0.0
1641 0.00191423154156 0.0 0.0
1642 0.00191423154156 0.0 0.0
1643 0.00191423154156 0.0 0.0
1644 0.00191423154156 0.0 0.0
1645 0.00191423154156 0.0 0.0
1646 0.00191423154156 0.0 0.0
1647 0.00191423154156 0.0 0.0
1648 0.00191423154156 0.0 0.0
1649 0.00191423154156 0.0 0.0
1650 0.00191423154156 0.0 0.0
1651 0.00164951986084 0.0 0.0
1652 0.00164951986084 0.0 0.0
1653 0.00164951986084 0.0 0.0
1654 0.00164951986084 0.0 0.0
1655 0.00164951986084 0.0 0.0
1656 0.00164951986084 0.0 0.0
1657 0.00164951986084 0.0 0.0
1658 0.00164951986084 0.0 0.0
1659 0.00164951986084 0.0 0.0
1660 0.00164951986084 0.0 0.0
1661 0.00164951986084 0.0 0.0
1662 0.00164951986084 0.0 0.0
1663 0.00164951986084 0.0 0.0
1664 0.00164951986084 0.0 0.0
1665 0.00164951986084 0.0 0.0
1666 0.00164951986084 0.0 0.0
1667 0.00164951986084 0.0 0.0
1668 0.00164951986084 0.0 0.0
1669 0.00164951986084 0.0 0.0
1670 0.00164951986084 0.0 0.0
1671 0.00164951986084 0.0 0.0
1672 0.00164951986084 0.0 0.0
1673 0.00164951986084 0.0 0.0
1674 0.00164951986084 0.0 0.0
1675 0.00164951986084 0.0 0.0
1676 0.00164951986084 0.0 0.0
1677 0.00164951986084 0.0 0.0
1678 0.00164951986084 0.0 0.0
1679 0.00164951986084 0.0 0.0
1680 0.00164951986084 0.0 0.0
1681 0.00164951986084 0.0 0.0
1682 0.00164951986084 0.0 0.0
1683 0.00164951986084 0.0 0.0
1684 0.00164951986084 0.0 0.0
1685 0.00164951986084 0.0 0.0
1686 0.00164951986084 0.0 0.0
1687 0.00164951986084 0.0 0.0
1688 0.00164951986084 0.0 0.0
1689 0.00164951986084 0.0 0.0
1690 0.00164951986084 0.0 0.0
1691 0.00164951986084 0.0 0.0
1692 0.00164951986084 0.0 0.0
1693 0.00164951986084 0.0 0.0
1694 0.00164951986084 0.0 0.0
1695 0.00164951986084 0.0 0.0
1696 0.00164951986084 0.0 0.0
1697 0.00164951986084 0.0 0.0
1698 0.00164951986084 0.0 0.0
1699 0.00164951986084 0.0 0.0
1700 0.00164951986084 0.0 0.0
1701 0.00164951986084 0.0 0.0
1702 0.00164951986084 0.0 0.0
1703 0.00164951986084 0.0 0.0
1704 0.00164951986084 0.0 0.0
1705 0.00164951986084 0.0 0.0
1706 0.00164951986084 0.0 0.0
1707 0.00164951986084 0.0 0.0
1708 0.00164951986084 0.0 0.0
1709 0.00164951986084 0.0 0.0
1710 0.00164951986084 0.0 0.0
1711 0.00164951986084 0.0 0.0
1712 0.00164951986084 0.0 0.0
1713 0.00164951986084 0.0 0.0
1714 0.00164951986084 0.0 0.0
1715 0.00164951986084 0.0 0.0
1716 0.00164951986084 0.0 0.0
1717 0.00164951986084 0.0 0.0
1718 0.00164951986084 0.0 0.0
1719 0.00164951986084 0.0 0.0
1720 0.00164951986084 0.0 0.0
1721 0.00164951986084 0.0 0.0
1722 0.00164951986084 0.0 0.0
1723 0.00164951986084 0.0 0.0
1724 0.00164951986084 0.0 0.0
1725 0.00164951986084 0.0 0.0
1726 0.00164951986084 0.0 0.0
1727 0.00164951986084 0.0 0.0
1728 0.00164951986084 0.0 0.0
1729 0.00164951986084 0.0 0.0
1730 0.00164951986084 0.0 0.0
1731 0.00164951986084 0.0 0.0
1732 0.00164951986084 0.0 0.0
1733 0.00164951986084 0.0 0.0
1734 0.00164951986084 0.0 0.0
1735 0.00164951986084 0.0 0.0
1736 0.00164951986084 0.0 0.0
1737 0.00164951986084 0.0 0.0
1738 0.00164951986084 0.0 0.0
1739 0.00164951986084 0.0 0.0
1740 0.00164951986084 0.0 0.0
1741 0.00164951986084 0.0 0.0
1742 0.00164951986084 0.0 0.0
1743 0.00164951986084 0.0 0.0
1744 0.00164951986084 0.0 0.0
1745 0.00164951986084 0.0 0.0
1746 0.00164951986084 0.0 0.0
1747 0.00164951986084 0.0 0.0
1748 0.00164951986084 0.0 0.0
1749 0.00164951986084 0.0 0.0
1750 0.00164951986084 0.0 0.0
1751 0.000327919936499 0.0 0.0
1752 0.000327919936499 0.0 0.0
1753 0.000327919936499 0.0 0.0
1754 0.000327919936499 0.0 0.0
1755 0.000327919936499 0.0 0.0
1756 0.000327919936499 0.0 0.0
1757 0.000327919936499 0.0 0.0
1758 0.000327919936499 0.0 0.0
1759 0.000327919936499 0.0 0.0
1760 0.000327919936499 0.0 0.0
1761 0.000327919936499 0.0 0.0
1762 0.000327919936499 0.0 0.0
1763 0.000327919936499 0.0 0.0
1764 0.000327919936499 0.0 0.0
1765 0.000327919936499 0.0 0.0
1766 0.000327919936499 0.0 0.0
1767 0.000327919936499 0.0 0.0
1768 0.000327919936499 0.0 0.0
1769 0.000327919936499 0.0 0.0
1770 0.000327919936499 0.0 0.0
1771 0.000327919936499 0.0 0.0
1772 0.000327919936499 0.0 0.0
1773 0.000327919936499 0.0 0.0
1774 0.000327919936499 0.0 0.0
1775 0.000327919936499 0.0 0.0
1776 0.000327919936499 0.0 0.0
1777 0.000327919936499 0.0 0.0
1778 0.000327919936499 0.0 0.0
1779 0.000327919936499 0.0 0.0
1780 0.000327919936499 0.0 0.0
1781 0.000327919936499 0.0 0.0
1782 0.000327919936499 0.0 0.0
1783 0.000327919936499 0.0 0.0
1784 0.000327919936499 0.0 0.0
1785 0.000327919936499 0.0 0.0
1786 0.000327919936499 0.0 0.0
1787 0.000327919936499 0.0 0.0
1788 0.000327919936499 0.0 0.0
1789 0.000327919936499 0.0 0.0
1790 0.000327919936499 0.0 0.0
1791 0.000327919936499 0.0 0.0
1792 0.000327919936499 0.0 0.0
1793 0.000327919936499 0.0 0.0
1794 0.000327919936499 0.0 0.0
1795 0.000327919936499 0.0 0.0
1796 0.000327919936499 0.0 0.0
1797 0.000327919936499 0.0 0.0
1798 0.000327919936499 0.0 0.0
1799 0.000327919936499 0.0 0.0
1800 0.000327919936499 0.0 0.0
1801 0.000327919936499 0.0 0.0
1802 0.000327919936499 0.0 0.0
1803 0.000327919936499 0.0 0.0
1804 0.000327919936499 0.0 0.0
1805 0.000327919936499 0.0 0.0
1806 0.000327919936499 0.0 0.0
1807 0.000327919936499 0.0 0.0
1808 0.000327919936499 0.0 0.0
1809 0.000327919936499 0.0 0.0
1810 0.000327919936499 0.0 0.0
1811 0.000327919936499 0.0 0.0
1812 0.000327919936499 0.0 0.0
1813 0.000327919936499 0.0 0.0
1814 0.000327919936499 0.0 0.0
1815 0.000327919936499 0.0 0.0
1816 0.000327919936499 0.0 0.0
1817 0.000327919936499 0.0 0.0
1818 0.000327919936499 0.0 0.0
1819 0.000327919936499 0.0 0.0
1820 0.000327919936499 0.0 0.0
1821 0.000327919936499 0.0 0.0
1822 0.000327919936499 0.0 0.0
1823 0.000327919936499 0.0 0.0
1824 0.000327919936499 0.0 0.0
1825 0.000327919936499 0.0 0.0
1826 0.000327919936499 0.0 0.0
1827 0.000327919936499 0.0 0.0
1828 0.000327919936499 0.0 0.0
1829 0.000327919936499 0.0 0.0
1830 0.000327919936499 0.0 0.0
1831 0.000327919936499 0.0 0.0
1832 0.000327919936499 0.0 0.0
1833 0.000327919936499 0.0 0.0
1834 0.000327919936499 0.0 0.0
1835 0.000327919936499 0.0 0.0
1836 0.000327919936499 0.0 0.0
1837 0.000327919936499 0.0 0.0
1838 0.000327919936499 0.0 0.0
1839 0.000327919936499 0.0 0.0
1840 0.000327919936499 0.0 0.0
1841 0.000327919936499 0.0 0.0
1842 0.000327919936499 0.0 0.0
1843 0.000327919936499 0.0 0.0
1844 0.000327919936499 0.0 0.0
1845 0.000327919936499 0.0 0.0
1846 0.000327919936499 0.0 0.0
1847 0.000327919936499 0.0 0.0
1848 0.000327919936499 0.0 0.0
1849 0.000327919936499 0.0 0.0
1850 0.000327919936499 0.0 0.0
1851 0.000483249314175 0.0 0.0
1852 0.000483249314175 0.0 0.0
1853 0.000483249314175 0.0 0.0
1854 0.000483249314175 0.0 0.0
1855 0.000483249314175 0.0 0.0
1856 0.000483249314175 0.0 0.0
1857 0.000483249314175 0.0 0.0
1858 0.000483249314175 0.0 0.0
1859 0.000483249314175 0.0 0.0
1860 0.000483249314175 0.0 0.0
1861 0.000483249314175 0.0 0.0
1862 0.000483249314175 0.0 0.0
1863 0.000483249314175 0.0 0.0
1864 0.000483249314175 0.0 0.0
1865 0.000483249314175 0.0 0.0
1866 0.000483249314175 0.0 0.0
1867 0.000483249314175 0.0 0.0
1868 0.000483249314175 0.0 0.0
1869 0.000483249314175 0.0 0.0
1870 0.000483249314175 0.0 0.0
1871 0.000483249314175 0.0 0.0
1872 0.000483249314175 0.0 0.0
1873 0.000483249314175 0.0 0.0
1874 0.000483249314175 0.0 0.0
1875 0.000483249314175 0.0 0.0
1876 0.000483249314175 0.0 0.0
1877 0.000483249314175 0.0 0.0
1878 0.000483249314175 0.0 0.0
1879 0.000483249314175 0.0 0.0
1880 0.000483249314175 0.0 0.0
1881 0.000483249314175 0.0 0.0
1882 0.000483249314175 0.0 0.0
1883 0.000483249314175 0.0 0.0
1884 0.000483249314175 0.0 0.0
1885 0.000483249314175 0.0 0.0
1886 0.000483249314175 0.0 0.0
1887 0.000483249314175 0.0 0.0
1888 0.000483249314175 0.0 0.0
1889 0.000483249314175 0.0 0.0
1890 0.000483249314175 0.0 0.0
1891 0.000483249314175 0.0 0.0
1892 0.000483249314175 0.0 0.0
1893 0.000483249314175 0.0 0.0
1894 0.000483249314175 0.0 0.0
1895 0.000483249314175 0.0 0.0
1896 0.000483249314175 0.0 0.0
1897 0.000483249314175 0.0 0.0
1898 0.000483249314175 0.0 0.0
1899 0.000483249314175 0.0 0.0
1900 0.000483249314175 0.0 0.0
1901 0.000483249314175 0.0 0.0
1902 0.000483249314175 0.0 0.0
1903 0.000483249314175 0.0 0.0
1904 0.000483249314175 0.0 0.0
1905 0.000483249314175 0.0 0.0
1906 0.000483249314175 0.0 0.0
1907 0.000483249314175 0.0 0.0
1908 0.000483249314175 0.0 0.0
1909 0.000483249314175 0.0 0.0
1910 0.000483249314175 0.0 0.0
1911 0.000483249314175 0.0 0.0
1912 0.000483249314175 0.0 0.0
1913 0.000483249314175 0.0 0.0
1914 0.000483249314175 0.0 0.0
1915 0.000483249314175 0.0 0.0
1916 0.000483249314175 0.0 0.0
1917 0.000483249314175 0.0 0.0
1918 0.000483249314175 0.0 0.0
1919 0.000483249314175 0.0 0.0
1920 0.000483249314175 0.0 0.0
1921 0.000483249314175 0.0 0.0
1922 0.000483249314175 0.0 0.0
1923 0.000483249314175 0.0 0.0
1924 0.000483249314175 0.0 0.0
1925 0.000483249314175 0.0 0.0
1926 0.000483249314175 0.0 0.0
1927 0.000483249314175 0.0 0.0
1928 0.000483249314175 0.0 0.0
1929 0.000483249314175 0.0 0.0
1930 0.000483249314175 0.0 0.0
1931 0.000483249314175 0.0 0.0
1932 0.000483249314175 0.0 0.0
1933 0.000483249314175 0.0 0.0
1934 0.000483249314175 0.0 0.0
1935 0.000483249314175 0.0 0.0
1936 0.000483249314175 0.0 0.0
1937 0.000483249314175 0.0 0.0
1938 0.000483249314175 0.0 0.0
1939 0.000483249314175 0.0 0.0
1940 0.000483249314175 0.0 0.0
1941 0.000483249314175 0.0 0.0
1942 0.000483249314175 0.0 0.0
1943 0.000483249314175 0.0 0.0
1944 0.000483249314175 0.0 0.0
1945 0.000483249314175 0.0 0.0
1946 0.000483249314175 0.0 0.0
1947 0.000483249314175 0.0 0.0
1948 0.000483249314175 0.0 0.0
1949 0.000483249314175 0.0 0.0
1950 0.000483249314175 0.0 0.0
1951 3.36371033659e-05 0.0 0.0
1952 3.36371033659e-05 0.0 0.0
1953 3.36371033659e-05 0.0 0.0
1954 3.36371033659e-05 0.0 0.0
1955 3.36371033659e-05 0.0 0.0
1956 3.36371033659e-05 0.0 0.0
1957 3.36371033659e-05 0.0 0.0
1958 3.36371033659e-05 0.0 0.0
1959 3.36371033659e-05 0.0 0.0
1960 3.36371033659e-05 0.0 0.0
1961 3.36371033659e-05 0.0 0.0
1962 3.36371033659e-05 0.0 0.0
1963 3.36371033659e-05 0.0 0.0
1964 3.36371033659e-05 0.0 0.0
1965 3.36371033659e-05 0.0 0.0
1966 3.36371033659e-05 0.0 0.0
1967 3.36371033659e-05 0.0 0.0
1968 3.36371033659e-05 0.0 0.0
1969 3.36371033659e-05 0.0 0.0
1970 3.36371033659e-05 0.0 0.0
1971 3.36371033659e-05 0.0 0.0
1972 3.36371033659e-05 0.0 0.0
1973 3.36371033659e-05 0.0 0.0
1974 3.36371033659e-05 0.0 0.0
1975 3.36371033659e-05 0.0 0.0
1976 3.36371033659e-05 0.0 0.0
1977 3.36371033659e-05 0.0 0.0
1978 3.36371033659e-05 0.0 0.0
1979 3.36371033659e-05 0.0 0.0
1980 3.36371033659e-05 0.0 0.0
1981 3.36371033659e-05 0.0 0.0
1982 3.36371033659e-05 0.0 0.0
1983 3.36371033659e-05 0.0 0.0
1984 3.36371033659e-05 0.0 0.0
1985 3.36371033659e-05 0.0 0.0
1986 3.36371033659e-05 0.0 0.0
1987 3.36371033659e-05 0.0 0.0
1988 3.36371033659e-05 0.0 0.0
1989 3.36371033659e-05 0.0 0.0
1990 3.36371033659e-05 0.0 0.0
1991 3.36371033659e-05 0.0 0.0
1992 3.36371033659e-05 0.0 0.0
1993 3.36371033659e-05 0.0 0.0
1994 3.36371033659e-05 0.0 0.0
1995 3.36371033659e-05 0.0 0.0
1996 3.36371033659e-05 0.0 0.0
1997 3.36371033659e-05 0.0 0.0
1998 3.36371033659e-05 0.0 0.0
1999 3.36371033659e-05 0.0 0.0
2000 3.36371033659e-05 0.0 0.0
2001 3.36371033659e-05 0.0 0.0
2002 3.36371033659e-05 0.0 0.0
2003 3.36371033659e-05 0.0 0.0
2004 3.36371033659e-05 0.0 0.0
2005 3.36371033659e-05 0.0 0.0
2006 3.36371033659e-05 0.0 0.0
2007 3.36371033659e-05 0.0 0.0
2008 3.36371033659e-05 0.0 0.0
2009 3.36371033659e-05 0.0 0.0
2010 3.36371033659e-05 0.0 0.0
2011 3.36371033659e-05 0.0 0.0
2012 3.36371033659e-05 0.0 0.0
2013 3.36371033659e-05 0.0 0.0
2014 3.36371033659e-05 0.0 0.0
2015 3.36371033659e-05 0.0 0.0
2016 3.36371033659e-05 0.0 0.0
2017 3.36371033659e-05 0.0 0.0
2018 3.36371033659e-05 0.0 0.0
2019 3.36371033659e-05 0.0 0.0
2020 3.36371033659e-05 0.0 0.0
2021 3.36371033659e-05 0.0 0.0
2022 3.36371033659e-05 0.0 0.0
2023 3.36371033659e-05 0.0 0.0
2024 3.36371033659e-05 0.0 0.0
2025 3.36371033659e-05 0.0 0.0
2026 3.36371033659e-05 0.0 0.0
2027 3.36371033659e-05 0.0 0.0
2028 3.36371033659e-05 0.0 0.0
2029 3.36371033659e-05 0.0 0.0
2030 3.36371033659e-05 0.0 0.0
2031 3.36371033659e-05 0.0 0.0
2032 3.36371033659e-05 0.0 0.0
2033 3.36371033659e-05 0.0 0.0
2034 3.36371033659e-05 0.0 0.0
2035 3.36371033659e-05 0.0 0.0
2036 3.36371033659e-05 0.0 0.0
2037 3.36371033659e-05 0.0 0.0
2038 3.36371033659e-05 0.0 0.0
2039 3.36371033659e-05 0.0 0.0
2040 3.36371033659e-05 0.0 0.0
2041 3.36371033659e-05 0.0 0.0
2042 3.36371033659e-05 0.0 0.0
2043 3.36371033659e-05 0.0 0.0
2044 3.36371033659e-05 0.0 0.0
2045 3.36371033659e-05 0.0 0.0
2046 3.36371033659e-05 0.0 0.0
2047 3.36371033659e-05 0.0 0.0
2048 3.36371033659e-05 0.0 0.0
2049 3.36371033659e-05 0.0 0.0
2050 3.36371033659e-05 0.0 0.0
2051 3.36371033659e-05 0.0 0.0
2052 3.36371033659e-05 0.0 0.0
2053 3.36371033659e-05 0.0 0.0
2054 3.36371033659e-05 0.0 0.0
2055 3.36371033659e-05 0.0 0.0
2056 3.36371033659e-05 0.0 0.0
2057 3.36371033659e-05 0.0 0.0
2058 3.36371033659e-05 0.0 0.0
2059 3.36371033659e-05 0.0 0.0
2060 3.36371033659e-05 0.0 0.0
2061 3.36371033659e-05 0.0 0.0
2062 3.36371033659e-05 0.0 0.0
2063 3.36371033659e-05 0.0 0.0
2064 3.36371033659e-05 0.0 0.0
2065 3.36371033659e-05 0.0 0.0
2066 3.36371033659e-05 0.0 0.0
2067 3.36371033659e-05 0.0 0.0
2068 3.36371033659e-05 0.0 0.0
2069 3.36371033659e-05 0.0 0.0
2070 3.36371033659e-05 0.0 0.0
2071 3.36371033659e-05 0.0 0.0
2072 3.36371033659e-05 0.0 0.0
2073 3.36371033659e-05 0.0 0.0
2074 3.36371033659e-05 0.0 0.0
2075 3.36371033659e-05 0.0 0.0
2076 3.36371033659e-05 0.0 0.0
2077 3.36371033659e-05 0.0 0.0
2078 3.36371033659e-05 0.0 0.0
2079 3.36371033659e-05 0.0 0.0
2080 3.36371033659e-05 0.0 0.0
2081 3.36371033659e-05 0.0 0.0
2082 3.36371033659e-05 0.0 0.0
2083 3.36371033659e-05 0.0 0.0
2084 3.36371033659e-05 0.0 0.0
2085 3.36371033659e-05 0.0 0.0
2086 3.36371033659e-05 0.0 0.0
2087 3.36371033659e-05 0.0 0.0
2088 3.36371033659e-05 0.0 0.0
2089 3.36371033659e-05 0.0 0.0
2090 3.36371033659e-05 0.0 0.0
2091 3.36371033659e-05 0.0 0.0
2092 3.36371033659e-05 0.0 0.0
2093 3.36371033659e-05 0.0 0.0
2094 3.36371033659e-05 0.0 0.0
2095 3.36371033659e-05 0.0 0.0
2096 3.36371033659e-05 0.0 0.0
2097 3.36371033659e-05 0.0 0.0
2098 3.36371033659e-05 0.0 0.0
2099 3.36371033659e-05 0.0 0.0
2100 3.36371033659e-05 0.0 0.0
2101 -0.0012873065196 0.0 0.0
2102 -0.0012873065196 0.0 0.0
2103 -0.0012873065196 0.0 0.0
2104 -0.0012873065196 0.0 0.0
2105 -0.0012873065196 0.0 0.0
2106 -0.0012873065196 0.0 0.0
2107 -0.0012873065196 0.0 0.0
2108 -0.0012873065196 0.0 0.0
2109 -0.0012873065196 0.0 0.0
2110 -0.0012873065196 0.0 0.0
2111 -0.0012873065196 0.0 0.0
2112 -0.0012873065196 0.0 0.0
2113 -0.0012873065196 0.0 0.0
2114 -0.0012873065196 0.0 0.0
2115 -0.0012873065196 0.0 0.0
2116 -0.0012873065196 0.0 0.0
2117 -0.0012873065196 0.0 0.0
2118 -0.0012873065196 0.0 0.0
2119 -0.0012873065196 0.0 0.0
2120 -0.0012873065196 0.0 0.0
2121 -0.0012873065196 0.0 0.0
2122 -0.0012873065196 0.0 0.0
2123 -0.0012873065196 0.0 0.0
2124 -0.0012873065196 0.0 0.0
2125 -0.0012873065196 0.0 0.0
2126 -0.0012873065196 0.0 0.0
2127 -0.0012873065196 0.0 0.0
2128 -0.0012873065196 0.0 0.0
2129 -0.0012873065196 0.0 0.0
2130 -0.0012873065196 0.0 0.0
2131 -0.0012873065196 0.0 0.0
2132 -0.0012873065196 0.0 0.0
2133 -0.0012873065196 0.0 0.0
2134 -0.0012873065196 0.0 0.0
2135 -0.0012873065196 0.0 0.0
2136 -0.0012873065196 0.0 0.0
2137 -0.0012873065196 0.0 0.0
2138 -0.0012873065196 0.0 0.0
2139 -0.0012873065196 0.0 0.0
2140 -0.0012873065196 0.0 0.0
2141 -0.0012873065196 0.0 0.0
2142 -0.0012873065196 0.0 0.0
2143 -0.0012873065196 0.0 0.0
2144 -0.0012873065196 0.0 0.0
2145 -0.0012873065196 0.0 0.0
2146 -0.0012873065196 0.0 0.0
2147 -0.0012873065196 0.0 0.0
2148 -0.0012873065196 0.0 0.0
2149 -0.0012873065196 0.0 0.0
2150 -0.0012873065196 0.0 0.0
2151 -0.0012873065196 0.0 0.0
2152 -0.0012873065196 0.0 0.0
2153 -0.0012873065196 0.0 0.0
2154 -0.0012873065196 0.0 0.0
2155 -0.0012873065196 0.0 0.0
2156 -0.0012873065196 0.0 0.0
2157 -0.0012873065196 0.0 0.0
2158 -0.0012873065196 0.0 0.0
2159 -0.0012873065196 0.0 0.0
2160 -0.0012873065196 0.0 0.0
2161 -0.0012873065196 0.0 0.0
2162 -0.0012873065196 0.0 0.0
2163 -0.0012873065196 0.0 0.0
2164 -0.0012873065196 0.0 0.0
2165 -0.0012873065196 0.0 0.0
2166 -0.0012873065196 0.0 0.0
2167 -0.0012873065196 0.0 0.0
2168 -0.0012873065196 0.0 0.0
2169 -0.0012873065196 0.0 0.0
2170 -0.0012873065196 0.0 0.0
2171 -0.0012873065196 0.0 0.0
2172 -0.0012873065196 0.0 0.0
2173 -0.0012873065196 0.0 0.0
2174 -0.0012873065196 0.0 0.0
2175 -0.0012873065196 0.0 0.0
2176 -0.0012873065196 0.0 0.0
2177 -0.0012873065196 0.0 0.0
2178 -0.0012873065196 0.0 0.0
2179 -0.0012873065196 0.0 0.0
2180 -0.0012873065196 0.0 0.0
2181 -0.0012873065196 0.0 0.0
2182 -0.0012873065196 0.0 0.0
2183 -0.0012873065196 0.0 0.0
2184 -0.0012873065196 0.0 0.0
2185 -0.0012873065196 0.0 0.0
2186 -0.0012873065196 0.0 0.0
2187 -0.0012873065196 0.0 0.0
2188 -0.0012873065196 0.0 0.0
2189 -0.0012873065196 0.0 0.0
2190 -0.0012873065196 0.0 0.0
2191 -0.0012873065196 0.0 0.0
2192 -0.0012873065196 0.0 0.0
2193 -0.0012873065196 0.0 0.0
2194 -0.0012873065196 0.0 0.0
2195 -0.0012873065196 0.0 0.0
2196 -0.0012873065196 0.0 0.0
2197 -0.0012873065196 0.0 0.0
2198 -0.0012873065196 0.0 0.0
2199 -0.0012873065196 0.0 0.0
2200 -0.0012873065196 0.0 0.0
2201 -0.0012873065196 0.0 0.0
2202 -0.0012873065196 0.0 0.0
2203 -0.0012873065196 0.0 0.0
2204 -0.0012873065196 0.0 0.0
2205 -0.0012873065196 0.0 0.0
2206 -0.0012873065196 0.0 0.0
2207 -0.0012873065196 0.0 0.0
2208 -0.0012873065196 0.0 0.0
2209 -0.0012873065196 0.0 0.0
2210 -0.0012873065196 0.0 0.0
2211 -0.0012873065196 0.0 0.0
2212 -0.0012873065196 0.0 0.0
2213 -0.0012873065196 0.0 0.0
2214 -0.0012873065196 0.0 0.0
2215 -0.0012873065196 0.0 0.0
2216 -0.0012873065196 0.0 0.0
2217 -0.0012873065196 0.0 0.0
2218 -0.0012873065196 0.0 0.0
2219 -0.0012873065196 0.0 0.0
2220 -0.0012873065196 0.0 0.0
2221 -0.0012873065196 0.0 0.0
2222 -0.0012873065196 0.0 0.0
2223 -0.0012873065196 0.0 0.0
2224 -0.0012873065196 0.0 0.0
2225 -0.0012873065196 0.0 0.0
2226 -0.0012873065196 0.0 0.0
2227 -0.0012873065196 0.0 0.0
2228 -0.0012873065196 0.0 0.0
2229 -0.0012873065196 0.0 0.0
2230 -0.0012873065196 0.0 0.0
2231 -0.0012873065196 0.0 0.0
2232 -0.0012873065196 0.0 0.0
2233 -0.0012873065196 0.0 0.0
2234 -0.0012873065196 0.0 0.0
2235 -0.0012873065196 0.0 0.0
2236 -0.0012873065196 0.0 0.0
2237 -0.0012873065196 0.0 0.0
2238 -0.0012873065196 0.0 0.0
2239 -0.0012873065196 0.0 0.0
2240 -0.0012873065196 0.0 0.0
2241 -0.0012873065196 0.0 0.0
2242 -0.0012873065196 0.0 0.0
2243 -0.0012873065196 0.0 0.0
2244 -0.0012873065196 0.0 0.0
2245 -0.0012873065196 0.0 0.0
2246 -0.0012873065196 0.0 0.0
2247 -0.0012873065196 0.0 0.0
2248 -0.0012873065196 0.0 0.0
2249 -0.0012873065196 0.0 0.0
2250 -0.0012873065196 0.0 0.0
2251 -0.0012873065196 0.0 0.0
2252 -0.0012873065196 0.0 0.0
2253 -0.0012873065196 0.0 0.0
2254 -0.0012873065196 0.0 0.0
2255 -0.0012873065196 0.0 0.0
2256 -0.0012873065196 0.0 0.0
2257 -0.0012873065196 0.0 0.0
2258 -0.0012873065196 0.0 0.0
2259 -0.0012873065196 0.0 0.0
2260 -0.0012873065196 0.0 0.0
2261 -0.0012873065196 0.0 0.0
2262 -0.0012873065196 0.0 0.0
2263 -0.0012873065196 0.0 0.0
2264 -0.0012873065196 0.0 0.0
2265 -0.0012873065196 0.0 0.0
2266 -0.0012873065196 0.0 0.0
2267 -0.0012873065196 0.0 0.0
2268 -0.0012873065196 0.0 0.0
2269 -0.0012873065196 0.0 0.0
2270 -0.0012873065196 0.0 0.0
2271 -0.0012873065196 0.0 0.0
2272 -0.0012873065196 0.0 0.0
2273 -0.0012873065196 0.0 0.0
2274 -0.0012873065196 0.0 0.0
2275 -0.0012873065196 0.0 0.0
2276 -0.0012873065196 0.0 0.0
2277 -0.0012873065196 0.0 0.0
2278 -0.0012873065196 0.0 0.0
2279 -0.0012873065196 0.0 0.0
2280 -0.0012873065196 0.0 0.0
2281 -0.0012873065196 0.0 0.0
2282 -0.0012873065196 0.0 0.0
2283 -0.0012873065196 0.0 0.0
2284 -0.0012873065196 0.0 0.0
2285 -0.0012873065196 0.0 0.0
2286 -0.0012873065196 0.0 0.0
2287 -0.0012873065196 0.0 0.0
2288 -0.0012873065196 0.0 0.0
2289 -0.0012873065196 0.0 0.0
2290 -0.0012873065196 0.0 0.0
2291 -0.0012873065196 0.0 0.0
2292 -0.0012873065196 0.0 0.0
2293 -0.0012873065196 0.0 0.0
2294 -0.0012873065196 0.0 0.0
2295 -0.0012873065196 0.0 0.0
2296 -0.0012873065196 0.0 0.0
2297 -0.0012873065196 0.0 0.0
2298 -0.0012873065196 0.0 0.0
2299 -0.0012873065196 0.0 0.0
2300 -0.0012873065196 0.0 0.0
2301 -0.00157853417887 0.0 0.0
2302 -0.00157853417887 0.0 0.0
2303 -0.00157853417887 0.0 0.0
2304 -0.00157853417887 0.0 0.0
2305 -0.00157853417887 0.0 0.0
2306 -0.00157853417887 0.0 0.0
2307 -0.00157853417887 0.0 0.0
2308 -0.00157853417887 0.0 0.0
2309 -0.00157853417887 0.0 0.0
2310 -0.00157853417887 0.0 0.0
2311 -0.00157853417887 0.0 0.0
2312 -0.00157853417887 0.0 0.0
2313 -0.00157853417887 0.0 0.0
2314 -0.00157853417887 0.0 0.0
2315 -0.00157853417887 0.0 0.0
2316 -0.00157853417887 0.0 0.0
2317 -0.00157853417887 0.0 0.0
2318 -0.00157853417887 0.0 0.0
2319 -0.00157853417887 0.0 0.0
2320 -0.00157853417887 0.0 0.0
2321 -0.00157853417887 0.0 0.0
2322 -0.00157853417887 0.0 0.0
2323 -0.00157853417887 0.0 0.0
2324 -0.00157853417887 0.0 0.0
2325 -0.00157853417887 0.0 0.0
2326 -0.00157853417887 0.0 0.0
2327 -0.00157853417887 0.0 0.0
2328 -0.00157853417887 0.0 0.0
2329 -0.00157853417887 0.0 0.0
2330 -0.00157853417887 0.0 0.0
2331 -0.00157853417887 0.0 0.0
2332 -0.00157853417887 0.0 0.0
2333 -0.00157853417887 0.0 0.0
2334 -0.00157853417887 0.0 0.0
2335 -0.00157853417887 0.0 0.0
2336 -0.00157853417887 0.0 0.0
2337 -0.00157853417887 0.0 0.0
2338 -0.00157853417887 0.0 0.0
2339 -0.00157853417887 0.0 0.0
2340 -0.00157853417887 0.0 0.0
2341 -0.00157853417887 0.0 0.0
2342 -0.00157853417887 0.0 0.0
2343 -0.00157853417887 0.0 0.0
2344 -0.00157853417887 0.0 0.0
2345 -0.00157853417887 0.0 0.0
2346 -0.00157853417887 0.0 0.0
2347 -0.00157853417887 0.0 0.0
2348 -0.00157853417887 0.0 0.0
2349 -0.00157853417887 0.0 0.0
2350 -0.00157853417887 0.0 0.0
2351 -0.00157853417887 0.0 0.0
2352 -0.00157853417887 0.0 0.0
2353 -0.00157853417887 0.0 0.0
2354 -0.00157853417887 0.0 0.0
2355 -0.00157853417887 0.0 0.0
2356 -0.00157853417887 0.0 0.0
2357 -0.00157853417887 0.0 0.0
2358 -0.00157853417887 0.0 0.0
2359 -0.00157853417887 0.0 0.0
2360 -0.00157853417887 0.0 0.0
2361 -0.00157853417887 0.0 0.0
2362 -0.00157853417887 0.0 0.0
2363 -0.00157853417887 0.0 0.0
2364 -0.00157853417887 0.0 0.0
2365 -0.00157853417887 0.0 0.0
2366 -0.00157853417887 0.0 0.0
2367 -0.00157853417887 0.0 0.0
2368 -0.00157853417887 0.0 0.0
2369 -0.00157853417887 0.0 0.0
2370 -0.00157853417887 0.0 0.0
2371 -0.00157853417887 0.0 0.0
2372 -0.00157853417887 0.0 0.0
2373 -0.00157853417887 0.0 0.0
2374 -0.00157853417887 0.0 0.0
2375 -0.00157853417887 0.0 0.0
2376 -0.00157853417887 0.0 0.0
2377 -0.00157853417887 0.0 0.0
2378 -0.00157853417887 0.0 0.0
2379 -0.00157853417887 0.0 0.0
2380 -0.00157853417887 0.0 0.0
2381 -0.00157853417887 0.0 0.0
2382 -0.00157853417887 0.0 0.0
2383 -0.00157853417887 0.0 0.0
2384 -0.00157853417887 0.0 0.0
2385 -0.00157853417887 0.0 0.0
2386 -0.00157853417887 0.0 0.0
2387 -0.00157853417887 0.0 0.0
2388 -0.00157853417887 0.0 0.0
2389 -0.00157853417887 0.0 0.0
2390 -0.00157853417887 0.0 0.0
2391 -0.00157853417887 0.0 0.0
2392 -0.00157853417887 0.0 0.0
2393 -0.00157853417887 0.0 0.0
2394 -0.00157853417887 0.0 0.0
2395 -0.00157853417887 0.0 0.0
2396 -0.00157853417887 0.0 0.0
2397 -0.00157853417887 0.0 0.0
2398 -0.00157853417887 0.0 0.0
2399 -0.00157853417887 0.0 0.0
2400 -0.00157853417887 0.0 0.0
2401 -0.00157853417887 0.0 0.0
2402 -0.00157853417887 0.0 0.0
2403 -0.00157853417887 0.0 0.0
2404 -0.00157853417887 0.0 0.0
2405 -0.00157853417887 0.0 0.0
2406 -0.00157853417887 0.0 0.0
2407 -0.00157853417887 0.0 0.0
2408 -0.00157853417887 0.0 0.0
2409 -0.00157853417887 0.0 0.0
2410 -0.00157853417887 0.0 0.0
2411 -0.00157853417887 0.0 0.0
2412 -0.00157853417887 0.0 0.0
2413 -0.00157853417887 0.0 0.0
2414 -0.00157853417887 0.0 0.0
2415 -0.00157853417887 0.0 0.0
2416 -0.00157853417887 0.0 0.0
2417 -0.00157853417887 0.0 0.0
2418 -0.00157853417887 0.0 0.0
2419 -0.00157853417887 0.0 0.0
2420 -0.00157853417887 0.0 0.0
2421 -0.00157853417887 0.0 0.0
2422 -0.00157853417887 0.0 0.0
2423 -0.00157853417887 0.0 0.0
2424 -0.00157853417887 0.0 0.0
2425 -0.00157853417887 0.0 0.0
2426 -0.00157853417887 0.0 0.0
2427 -0.00157853417887 0.0 0.0
2428 -0.00157853417887 0.0 0.0
2429 -0.00157853417887 0.0 0.0
2430 -0.00157853417887 0.0 0.0
2431 -0.00157853417887 0.0 0.0
2432 -0.00157853417887 0.0 0.0
2433 -0.00157853417887 0.0 0.0
2434 -0.00157853417887 0.0 0.0
2435 -0.00157853417887 0.0 0.0
2436 -0.00157853417887 0.0 0.0
2437 -0.00157853417887 0.0 0.0
2438 -0.00157853417887 0.0 0.0
2439 -0.00157853417887 0.0 0.0
2440 -0.00157853417887 0.0 0.0
2441 -0.00157853417887 0.0 0.0
2442 -0.00157853417887 0.0 0.0
2443 -0.00157853417887 0.0 0.0
2444 -0.00157853417887 0.0 0.0
2445 -0.00157853417887 0.0 0.0
2446 -0.00157853417887 0.0 0.0
2447 -0.00157853417887 0.0 0.0
2448 -0.00157853417887 0.0 0.0
2449 -0.00157853417887 0.0 0.0
2450 -0.00157853417887 0.0 0.0
2451 -0.00157853417887 0.0 0.0
2452 -0.00157853417887 0.0 0.0
2453 -0.00157853417887 0.0 0.0
2454 -0.00157853417887 0.0 0.0
2455 -0.00157853417887 0.0 0.0
2456 -0.00157853417887 0.0 0.0
2457 -0.00157853417887 0.0 0.0
2458 -0.00157853417887 0.0 0.0
2459 -0.00157853417887 0.0 0.0
2460 -0.00157853417887 0.0 0.0
2461 -0.00157853417887 0.0 0.0
2462 -0.00157853417887 0.0 0.0
2463 -0.00157853417887 0.0 0.0
2464 -0.00157853417887 0.0 0.0
2465 -0.00157853417887 0.0 0.0
2466 -0.00157853417887 0.0 0.0
2467 -0.00157853417887 0.0 0.0
2468 -0.00157853417887 0.0 0.0
2469 -0.00157853417887 0.0 0.0
2470 -0.00157853417887 0.0 0.0
2471 -0.00157853417887 0.0 0.0
2472 -0.00157853417887 0.0 0.0
2473 -0.00157853417887 0.0 0.0
2474 -0.00157853417887 0.0 0.0
2475 -0.00157853417887 0.0 0.0
2476 -0.00157853417887 0.0 0.0
2477 -0.00157853417887 0.0 0.0
2478 -0.00157853417887 0.0 0.0
2479 -0.00157853417887 0.0 0.0
2480 -0.00157853417887 0.0 0.0
2481 -0.00157853417887 0.0 0.0
2482 -0.00157853417887 0.0 0.0
2483 -0.00157853417887 0.0 0.0
2484 -0.00157853417887 0.0 0.0
2485 -0.00157853417887 0.0 0.0
2486 -0.00157853417887 0.0 0.0
2487 -0.00157853417887 0.0 0.0
2488 -0.00157853417887 0.0 0.0
2489 -0.00157853417887 0.0 0.0
2490 -0.00157853417887 0.0 0.0
2491 -0.00157853417887 0.0 0.0
2492 -0.00157853417887 0.0 0.0
2493 -0.00157853417887 0.0 0.0
2494 -0.00157853417887 0.0 0.0
2495 -0.00157853417887 0.0 0.0
2496 -0.00157853417887 0.0 0.0
2497 -0.00157853417887 0.0 0.0
2498 -0.00157853417887 0.0 0.0
2499 -0.00157853417887 0.0 0.0
2500 -0.00157853417887 0.0 0.0
