0 0.0 0.0 0.0
1 0.0 0.0 0.0
2 -0.0140644601229 0.0 0.0
3 -0.0140644601229 0.0 0.0
4 -0.0140644601229 0.0 0.0
5 -0.0140644601229 0.0 0.0
6 -0.0140644601229 0.0 0.0
7 -0.0140644601229 0.0 0.0
8 -0.0140644601229 0.0 0.0
9 -0.0140644601229 0.0 0.0
10 -0.0140644601229 0.0 0.0
11 -0.0140644601229 0.0 0.0
12 -0.0140644601229 0.0 0.0
13 -0.0140644601229 0.0 0.0
14 -0.0140644601229 0.0 0.0
15 -0.0140644601229 0.0 0.0
16 -0.0140644601229 0.0 0.0
17 -0.0140644601229 0.0 0.0
18 -0.0140644601229 0.0 0.0
19 -0.0140644601229 0.0 0.0
20 -0.0140644601229 0.0 0.0
21 -0.0140644601229 0.0 0.0
22 -0.0140644601229 0.0 0.0
23 -0.0140644601229 0.0 0.0
24 -0.0140644601229 0.0 0.0
25 -0.0140644601229 0.0 0.0
26 -0.0140644601229 0.0 0.0
27 -0.0140644601229 0.0 0.0
28 -0.0140644601229 0.0 0.0
29 -0.0140644601229 0.0 0.0
30 -0.0140644601229 0.0 0.0
31 -0.0140644601229 0.0 0.0
32 -0.0140644601229 0.0 0.0
33 -0.0140644601229 0.0 0.0
34 -0.0140644601229 0.0 0.0
35 -0.0140644601229 0.0 0.0
36 -0.0140644601229 0.0 0.0
37 -0.0140644601229 0.0 0.0
38 -0.0140644601229 0.0 0.0
39 -0.0140644601229 0.0 0.0
40 -0.0140644601229 0.0 0.0
41 -0.0140644601229 0.0 0.0
42 -0.0140644601229 0.0 0.0
43 -0.0140644601229 0.0 0.0
44 -0.0140644601229 0.0 0.0
45 -0.0140644601229 0.0 0.0
46 -0.0140644601229 0.0 0.0
47 -0.0140644601229 0.0 0.0
48 -0.0140644601229 0.0 0.0
49 -0.0140644601229 0.0 0.0
50 -0.0140644601229 0.0 0.0
51 0.000939811591126 0.0 0.0
52 0.000939811591126 0.0 0.0
53 0.000939811591126 0.0 0.0
54 0.000939811591126 0.0 0.0
55 0.000939811591126 0.0 0.0
56 0.000939811591126 0.0 0.0
57 0.000939811591126 0.0 0.0
58 0.000939811591126 0.0 0.0
59 0.000939811591126 0.0 0.0
60 0.000939811591126 0.0 0.0
61 0.000939811591126 0.0 0.0
62 0.000939811591126 0.0 0.0
63 0.000939811591126 0.0 0.0
64 0.000939811591126 0.0 0.0
65 0.000939811591126 0.0 0.0
66 0.000939811591126 0.0 0.0
67 0.000939811591126 0.0 0.0
68 0.000939811591126 0.0 0.0
69 0.000939811591126 0.0 0.0
70 0.000939811591126 0.0 0.0
71 0.000939811591126 0.0 0.0
72 0.000939811591126 0.0 0.0
73 0.000939811591126 0.0 0.0
74 0.000939811591126 0.0 0.0
75 0.000939811591126 0.0 0.0
76 0.000939811591126 0.0 0.0
77 0.000939811591126 0.0 0.0
78 0.000939811591126 0.0 0.0
79 0.000939811591126 0.0 0.0
80 0.000939811591126 0.0 0.0
81 0.000939811591126 0.0 0.0
82 0.000939811591126 0.0 0.0
83 0.000939811591126 0.0 0.0
84 0.000939811591126 0.0 0.0
85 0.000939811591126 0.0 0.0
86 0.000939811591126 0.0 0.0
87 0.000939811591126 0.0 0.0
88 0.000939811591126 0.0 0.0
89 0.000939811591126 0.0 0.0
90 0.000939811591126 0.0 0.0
91 0.000939811591126 0.0 0.0
92 0.000939811591126 0.0 0.0
93 0.000939811591126 0.0 0.0
94 0.000939811591126 0.0 0.0
95 0.000939811591126 0.0 0.0
96 0.000939811591126 0.0 0.0
97 0.000939811591126 0.0 0.0
98 0.000939811591126 0.0 0.0
99 0.000939811591126 0.0 0.0
100 0.000939811591126 0.0 0.0
101 -0.000265496867754 0.00837479904342 0.106646511965
102 -0.000265496867754 0.00837479904342 0.106646511965
103 -0.000265496867754 0.00837479904342 0.106646511965
104 -0.000265496867754 0.00837479904342 0.106646511965
105 -0.000265496867754 0.00837479904342 0.106646511965
106 -0.000265496867754 0.00837479904342 0.106646511965
107 -0.000265496867754 0.00837479904342 0.106646511965
108 -0.000265496867754 0.00837479904342 0.106646511965
109 -0.000265496867754 0.00837479904342 0.106646511965
110 -0.000265496867754 0.00837479904342 0.106646511965
111 -0.000265496867754 0.00837479904342 0.106646511965
112 -0.000265496867754 0.00837479904342 0.106646511965
113 -0.000265496867754 0.00837479904342 0.106646511965
114 -0.000265496867754 0.00837479904342 0.106646511965
115 -0.000265496867754 0.00837479904342 0.106646511965
116 -0.000265496867754 0.00837479904342 0.106646511965
117 -0.000265496867754 0.00837479904342 0.106646511965
118 -0.000265496867754 0.00837479904342 0.106646511965
119 -0.000265496867754 0.00837479904342 0.106646511965
120 -0.000265496867754 0.00837479904342 0.106646511965
121 -0.000265496867754 0.00837479904342 0.106646511965
122 -0.000265496867754 0.00837479904342 0.106646511965
123 -0.000265496867754 0.00837479904342 0.106646511965
124 -0.000265496867754 0.00837479904342 0.106646511965
125 -0.000265496867754 0.00837479904342 0.106646511965
126 -0.000265496867754 0.00837479904342 0.106646511965
127 -0.000265496867754 0.00837479904342 0.106646511965
128 -0.000265496867754 0.00837479904342 0.106646511965
129 -0.000265496867754 0.00837479904342 0.106646511965
130 -0.000265496867754 0.00837479904342 0.106646511965
131 -0.000265496867754 0.00837479904342 0.106646511965
132 -0.000265496867754 0.00837479904342 0.106646511965
133 -0.000265496867754 0.00837479904342 0.106646511965
134 -0.000265496867754 0.00837479904342 0.106646511965
135 -0.000265496867754 0.00837479904342 0.106646511965
136 -0.000265496867754 0.00837479904342 0.106646511965
137 -0.000265496867754 0.00837479904342 0.106646511965
138 -0.000265496867754 0.00837479904342 0.106646511965
139 -0.000265496867754 0.00837479904342 0.106646511965
140 -0.000265496867754 0.00837479904342 0.106646511965
141 -0.000265496867754 0.00837479904342 0.106646511965
142 -0.000265496867754 0.00837479904342 0.106646511965
143 -0.000265496867754 0.00837479904342 0.106646511965
144 -0.000265496867754 0.00837479904342 0.106646511965
145 -0.000265496867754 0.00837479904342 0.106646511965
146 -0.000265496867754 0.00837479904342 0.106646511965
147 -0.000265496867754 0.00837479904342 0.106646511965
148 -0.000265496867754 0.00837479904342 0.106646511965
149 -0.000265496867754 0.00837479904342 0.106646511965
150 -0.000265496867754 0.00837479904342 0.106646511965
151 0.00140080418417 0.00837479904342 0.106646511965
152 0.00140080418417 0.00837479904342 0.106646511965
153 0.00140080418417 0.00837479904342 0.106646511965
154 0.00140080418417 0.00837479904342 0.106646511965
155 0.00140080418417 0.00837479904342 0.106646511965
156 0.00140080418417 0.00837479904342 0.106646511965
157 0.00140080418417 0.00837479904342 0.106646511965
158 0.00140080418417 0.00837479904342 0.106646511965
159 0.00140080418417 0.00837479904342 0.106646511965
160 0.00140080418417 0.00837479904342 0.106646511965
161 0.00140080418417 0.00837479904342 0.106646511965
162 0.00140080418417 0.00837479904342 0.106646511965
163 0.00140080418417 0.00837479904342 0.106646511965
164 0.00140080418417 0.00837479904342 0.106646511965
165 0.00140080418417 0.00837479904342 0.106646511965
166 0.00140080418417 0.00837479904342 0.106646511965
167 0.00140080418417 0.00837479904342 0.106646511965
168 0.00140080418417 0.00837479904342 0.106646511965
169 0.00140080418417 0.00837479904342 0.106646511965
170 0.00140080418417 0.00837479904342 0.106646511965
171 0.00140080418417 0.00837479904342 0.106646511965
172 0.00140080418417 0.00837479904342 0.106646511965
173 0.00140080418417 0.00837479904342 0.106646511965
174 0.00140080418417 0.00837479904342 0.106646511965
175 0.00140080418417 0.00837479904342 0.106646511965
176 0.00140080418417 0.00837479904342 0.106646511965
177 0.00140080418417 0.00837479904342 0.106646511965
178 0.00140080418417 0.00837479904342 0.106646511965
179 0.00140080418417 0.00837479904342 0.106646511965
180 0.00140080418417 0.00837479904342 0.106646511965
181 0.00140080418417 0.00837479904342 0.106646511965
182 0.00140080418417 0.00837479904342 0.106646511965
183 0.00140080418417 0.00837479904342 0.106646511965
184 0.00140080418417 0.00837479904342 0.106646511965
185 0.00140080418417 0.00837479904342 0.106646511965
186 0.00140080418417 0.00837479904342 0.106646511965
187 0.00140080418417 0.00837479904342 0.106646511965
188 0.00140080418417 0.00837479904342 0.106646511965
189 0.00140080418417 0.00837479904342 0.106646511965
190 0.00140080418417 0.00837479904342 0.106646511965
191 0.00140080418417 0.00837479904342 0.106646511965
192 0.00140080418417 0.00837479904342 0.106646511965
193 0.00140080418417 0.00837479904342 0.106646511965
194 0.00140080418417 0.00837479904342 0.106646511965
195 0.00140080418417 0.00837479904342 0.106646511965
196 0.00140080418417 0.00837479904342 0.106646511965
197 0.00140080418417 0.00837479904342 0.106646511965
198 0.00140080418417 0.00837479904342 0.106646511965
199 0.00140080418417 0.00837479904342 0.106646511965
200 0.00140080418417 0.00837479904342 0.106646511965
201 -0.000230887044692 -0.00806837117671 0.030497961953
202 -0.000230887044692 -0.00806837117671 0.030497961953
203 -0.000230887044692 -0.00806837117671 0.030497961953
204 -0.000230887044692 -0.00806837117671 0.030497961953
205 -0.000230887044692 -0.00806837117671 0.030497961953
206 -0.000230887044692 -0.00806837117671 0.030497961953
207 -0.000230887044692 -0.00806837117671 0.030497961953
208 -0.000230887044692 -0.00806837117671 0.030497961953
209 -0.000230887044692 -0.00806837117671 0.030497961953
210 -0.000230887044692 -0.00806837117671 0.030497961953
211 -0.000230887044692 -0.00806837117671 0.030497961953
212 -0.000230887044692 -0.00806837117671 0.030497961953
213 -0.000230887044692 -0.00806837117671 0.030497961953
214 -0.000230887044692 -0.00806837117671 0.030497961953
215 -0.000230887044692 -0.00806837117671 0.030497961953
216 -0.000230887044692 -0.00806837117671 0.030497961953
217 -0.000230887044692 -0.00806837117671 0.030497961953
218 -0.000230887044692 -0.00806837117671 0.030497961953
219 -0.000230887044692 -0.00806837117671 0.030497961953
220 -0.000230887044692 -0.00806837117671 0.030497961953
221 -0.000230887044692 -0.00806837117671 0.030497961953
222 -0.000230887044692 -0.00806837117671 0.030497961953
223 -0.000230887044692 -0.00806837117671 0.030497961953
224 -0.000230887044692 -0.00806837117671 0.030497961953
225 -0.000230887044692 -0.00806837117671 0.030497961953
226 -0.000230887044692 -0.00806837117671 0.030497961953
227 -0.000230887044692 -0.00806837117671 0.030497961953
228 -0.000230887044692 -0.00806837117671 0.030497961953
229 -0.000230887044692 -0.00806837117671 0.030497961953
230 -0.000230887044692 -0.00806837117671 0.030497961953
231 -0.000230887044692 -0.00806837117671 0.030497961953
232 -0.000230887044692 -0.00806837117671 0.030497961953
233 -0.000230887044692 -0.00806837117671 0.030497961953
234 -0.000230887044692 -0.00806837117671 0.030497961953
235 -0.000230887044692 -0.00806837117671 0.030497961953
236 -0.000230887044692 -0.00806837117671 0.030497961953
237 -0.000230887044692 -0.00806837117671 0.030497961953
238 -0.000230887044692 -0.00806837117671 0.030497961953
239 -0.000230887044692 -0.00806837117671 0.030497961953
240 -0.000230887044692 -0.00806837117671 0.030497961953
241 -0.000230887044692 -0.00806837117671 0.030497961953
242 -0.000230887044692 -0.00806837117671 0.030497961953
243 -0.000230887044692 -0.00806837117671 0.030497961953
244 -0.000230887044692 -0.00806837117671 0.030497961953
245 -0.000230887044692 -0.00806837117671 0.030497961953
246 -0.000230887044692 -0.00806837117671 0.030497961953
247 -0.000230887044692 -0.00806837117671 0.030497961953
248 -0.000230887044692 -0.00806837117671 0.030497961953
249 -0.000230887044692 -0.00806837117671 0.030497961953
250 -0.000230887044692 -0.00806837117671 0.030497961953
251 -0.00198028430206 -0.00806837117671 0.030497961953
252 -0.00198028430206 -0.00806837117671 0.030497961953
253 -0.00198028430206 -0.00806837117671 0.030497961953
254 -0.00198028430206 -0.00806837117671 0.030497961953
255 -0.00198028430206 -0.00806837117671 0.030497961953
256 -0.00198028430206 -0.00806837117671 0.030497961953
257 -0.00198028430206 -0.00806837117671 0.030497961953
258 -0.00198028430206 -0.00806837117671 0.030497961953
259 -0.00198028430206 -0.00806837117671 0.030497961953
260 -0.00198028430206 -0.00806837117671 0.030497961953
261 -0.00198028430206 -0.00806837117671 0.030497961953
262 -0.00198028430206 -0.00806837117671 0.030497961953
263 -0.00198028430206 -0.00806837117671 0.030497961953
264 -0.00198028430206 -0.00806837117671 0.030497961953
265 -0.00198028430206 -0.00806837117671 0.030497961953
266 -0.00198028430206 -0.00806837117671 0.030497961953
267 -0.00198028430206 -0.00806837117671 0.030497961953
268 -0.00198028430206 -0.00806837117671 0.030497961953
269 -0.00198028430206 -0.00806837117671 0.030497961953
270 -0.00198028430206 -0.00806837117671 0.030497961953
271 -0.00198028430206 -0.00806837117671 0.030497961953
272 -0.00198028430206 -0.00806837117671 0.030497961953
273 -0.00198028430206 -0.00806837117671 0.030497961953
274 -0.00198028430206 -0.00806837117671 0.030497961953
275 -0.00198028430206 -0.00806837117671 0.030497961953
276 -0.00198028430206 -0.00806837117671 0.030497961953
277 -0.00198028430206 -0.00806837117671 0.030497961953
278 -0.00198028430206 -0.00806837117671 0.030497961953
279 -0.00198028430206 -0.00806837117671 0.030497961953
280 -0.00198028430206 -0.00806837117671 0.030497961953
281 -0.00198028430206 -0.00806837117671 0.030497961953
282 -0.00198028430206 -0.00806837117671 0.030497961953
283 -0.00198028430206 -0.00806837117671 0.030497961953
284 -0.00198028430206 -0.00806837117671 0.030497961953
285 -0.00198028430206 -0.00806837117671 0.030497961953
286 -0.00198028430206 -0.00806837117671 0.030497961953
287 -0.00198028430206 -0.00806837117671 0.030497961953
288 -0.00198028430206 -0.00806837117671 0.030497961953
289 -0.00198028430206 -0.00806837117671 0.030497961953
290 -0.00198028430206 -0.00806837117671 0.030497961953
291 -0.00198028430206 -0.00806837117671 0.030497961953
292 -0.00198028430206 -0.00806837117671 0.030497961953
293 -0.00198028430206 -0.00806837117671 0.030497961953
294 -0.00198028430206 -0.00806837117671 0.030497961953
295 -0.00198028430206 -0.00806837117671 0.030497961953
296 -0.00198028430206 -0.00806837117671 0.030497961953
297 -0.00198028430206 -0.00806837117671 0.030497961953
298 -0.00198028430206 -0.00806837117671 0.030497961953
299 -0.00198028430206 -0.00806837117671 0.030497961953
300 -0.00198028430206 -0.00806837117671 0.030497961953
301 0.00041473333138 -0.00835660176994 -0.0206811102284
302 0.00041473333138 -0.00835660176994 -0.0206811102284
303 0.00041473333138 -0.00835660176994 -0.0206811102284
304 0.00041473333138 -0.00835660176994 -0.0206811102284
305 0.00041473333138 -0.00835660176994 -0.0206811102284
306 0.00041473333138 -0.00835660176994 -0.0206811102284
307 0.00041473333138 -0.00835660176994 -0.0206811102284
308 0.00041473333138 -0.00835660176994 -0.0206811102284
309 0.00041473333138 -0.00835660176994 -0.0206811102284
310 0.00041473333138 -0.00835660176994 -0.0206811102284
311 0.00041473333138 -0.00835660176994 -0.0206811102284
312 0.00041473333138 -0.00835660176994 -0.0206811102284
313 0.00041473333138 -0.00835660176994 -0.0206811102284
314 0.00041473333138 -0.00835660176994 -0.0206811102284
315 0.00041473333138 -0.00835660176994 -0.0206811102284
316 0.00041473333138 -0.00835660176994 -0.0206811102284
317 0.00041473333138 -0.00835660176994 -0.0206811102284
318 0.00041473333138 -0.00835660176994 -0.0206811102284
319 0.00041473333138 -0.00835660176994 -0.0206811102284
320 0.00041473333138 -0.00835660176994 -0.0206811102284
321 0.00041473333138 -0.00835660176994 -0.0206811102284
322 0.00041473333138 -0.00835660176994 -0.0206811102284
323 0.00041473333138 -0.00835660176994 -0.0206811102284
324 0.00041473333138 -0.00835660176994 -0.0206811102284
325 0.00041473333138 -0.00835660176994 -0.0206811102284
326 0.00041473333138 -0.00835660176994 -0.0206811102284
327 0.00041473333138 -0.00835660176994 -0.0206811102284
328 0.00041473333138 -0.00835660176994 -0.0206811102284
329 0.00041473333138 -0.00835660176994 -0.0206811102284
330 0.00041473333138 -0.00835660176994 -0.0206811102284
331 0.00041473333138 -0.00835660176994 -0.0206811102284
332 0.00041473333138 -0.00835660176994 -0.0206811102284
333 0.00041473333138 -0.00835660176994 -0.0206811102284
334 0.00041473333138 -0.00835660176994 -0.0206811102284
335 0.00041473333138 -0.00835660176994 -0.0206811102284
336 0.00041473333138 -0.00835660176994 -0.0206811102284
337 0.00041473333138 -0.00835660176994 -0.0206811102284
338 0.00041473333138 -0.00835660176994 -0.0206811102284
339 0.00041473333138 -0.00835660176994 -0.0206811102284
340 0.00041473333138 -0.00835660176994 -0.0206811102284
341 0.00041473333138 -0.00835660176994 -0.0206811102284
342 0.00041473333138 -0.00835660176994 -0.0206811102284
343 0.00041473333138 -0.00835660176994 -0.0206811102284
344 0.00041473333138 -0.00835660176994 -0.0206811102284
345 0.00041473333138 -0.00835660176994 -0.0206811102284
346 0.00041473333138 -0.00835660176994 -0.0206811102284
347 0.00041473333138 -0.00835660176994 -0.0206811102284
348 0.00041473333138 -0.00835660176994 -0.0206811102284
349 0.00041473333138 -0.00835660176994 -0.0206811102284
350 0.00041473333138 -0.00835660176994 -0.0206811102284
351 0.00207822000847 -0.00835660176994 -0.0206811102284
352 0.00207822000847 -0.00835660176994 -0.0206811102284
353 0.00207822000847 -0.00835660176994 -0.0206811102284
354 0.00207822000847 -0.00835660176994 -0.0206811102284
355 0.00207822000847 -0.00835660176994 -0.0206811102284
356 0.00207822000847 -0.00835660176994 -0.0206811102284
357 0.00207822000847 -0.00835660176994 -0.0206811102284
358 0.00207822000847 -0.00835660176994 -0.0206811102284
359 0.00207822000847 -0.00835660176994 -0.0206811102284
360 0.00207822000847 -0.00835660176994 -0.0206811102284
361 0.00207822000847 -0.00835660176994 -0.0206811102284
362 0.00207822000847 -0.00835660176994 -0.0206811102284
363 0.00207822000847 -0.00835660176994 -0.0206811102284
364 0.00207822000847 -0.00835660176994 -0.0206811102284
365 0.00207822000847 -0.00835660176994 -0.0206811102284
366 0.00207822000847 -0.00835660176994 -0.0206811102284
367 0.00207822000847 -0.00835660176994 -0.0206811102284
368 0.00207822000847 -0.00835660176994 -0.0206811102284
369 0.00207822000847 -0.00835660176994 -0.0206811102284
370 0.00207822000847 -0.00835660176994 -0.0206811102284
371 0.00207822000847 -0.00835660176994 -0.0206811102284
372 0.00207822000847 -0.00835660176994 -0.0206811102284
373 0.00207822000847 -0.00835660176994 -0.0206811102284
374 0.00207822000847 -0.00835660176994 -0.0206811102284
375 0.00207822000847 -0.00835660176994 -0.0206811102284
376 0.00207822000847 -0.00835660176994 -0.0206811102284
377 0.00207822000847 -0.00835660176994 -0.0206811102284
378 0.00207822000847 -0.00835660176994 -0.0206811102284
379 0.00207822000847 -0.00835660176994 -0.0206811102284
380 0.00207822000847 -0.00835660176994 -0.0206811102284
381 0.00207822000847 -0.00835660176994 -0.0206811102284
382 0.00207822000847 -0.00835660176994 -0.0206811102284
383 0.00207822000847 -0.00835660176994 -0.0206811102284
384 0.00207822000847 -0.00835660176994 -0.0206811102284
385 0.00207822000847 -0.00835660176994 -0.0206811102284
386 0.00207822000847 -0.00835660176994 -0.0206811102284
387 0.00207822000847 -0.00835660176994 -0.0206811102284
388 0.00207822000847 -0.00835660176994 -0.0206811102284
389 0.00207822000847 -0.00835660176994 -0.0206811102284
390 0.00207822000847 -0.00835660176994 -0.0206811102284
391 0.00207822000847 -0.00835660176994 -0.0206811102284
392 0.00207822000847 -0.00835660176994 -0.0206811102284
393 0.00207822000847 -0.00835660176994 -0.0206811102284
394 0.00207822000847 -0.00835660176994 -0.0206811102284
395 0.00207822000847 -0.00835660176994 -0.0206811102284
396 0.00207822000847 -0.00835660176994 -0.0206811102284
397 0.00207822000847 -0.00835660176994 -0.0206811102284
398 0.00207822000847 -0.00835660176994 -0.0206811102284
399 0.00207822000847 -0.00835660176994 -0.0206811102284
400 0.00207822000847 -0.00835660176994 -0.0206811102284
401 0.00179367898189 0.0199831911184 0.0585452047647
402 0.00179367898189 0.0199831911184 0.0585452047647
403 0.00179367898189 0.0199831911184 0.0585452047647
404 0.00179367898189 0.0199831911184 0.0585452047647
405 0.00179367898189 0.0199831911184 0.0585452047647
406 0.00179367898189 0.0199831911184 0.0585452047647
407 0.00179367898189 0.0199831911184 0.0585452047647
408 0.00179367898189 0.0199831911184 0.0585452047647
409 0.00179367898189 0.0199831911184 0.0585452047647
410 0.00179367898189 0.0199831911184 0.0585452047647
411 0.00179367898189 0.0199831911184 0.0585452047647
412 0.00179367898189 0.0199831911184 0.0585452047647
413 0.00179367898189 0.0199831911184 0.0585452047647
414 0.00179367898189 0.0199831911184 0.0585452047647
415 0.00179367898189 0.0199831911184 0.0585452047647
416 0.00179367898189 0.0199831911184 0.0585452047647
417 0.00179367898189 0.0199831911184 0.0585452047647
418 0.00179367898189 0.0199831911184 0.0585452047647
419 0.00179367898189 0.0199831911184 0.0585452047647
420 0.00179367898189 0.0199831911184 0.0585452047647
421 0.00179367898189 0.0199831911184 0.0585452047647
422 0.00179367898189 0.0199831911184 0.0585452047647
423 0.00179367898189 0.0199831911184 0.0585452047647
424 0.00179367898189 0.0199831911184 0.0585452047647
425 0.00179367898189 0.0199831911184 0.0585452047647
426 0.00179367898189 0.0199831911184 0.0585452047647
427 0.00179367898189 0.0199831911184 0.0585452047647
428 0.00179367898189 0.0199831911184 0.0585452047647
429 0.00179367898189 0.0199831911184 0.0585452047647
430 0.00179367898189 0.0199831911184 0.0585452047647
431 0.00179367898189 0.0199831911184 0.0585452047647
432 0.00179367898189 0.0199831911184 0.0585452047647
433 0.00179367898189 0.0199831911184 0.0585452047647
434 0.00179367898189 0.0199831911184 0.0585452047647
435 0.00179367898189 0.0199831911184 0.0585452047647
436 0.00179367898189 0.0199831911184 0.0585452047647
437 0.00179367898189 0.0199831911184 0.0585452047647
438 0.00179367898189 0.0199831911184 0.0585452047647
439 0.00179367898189 0.0199831911184 0.0585452047647
440 0.00179367898189 0.0199831911184 0.0585452047647
441 0.00179367898189 0.0199831911184 0.0585452047647
442 0.00179367898189 0.0199831911184 0.0585452047647
443 0.00179367898189 0.0199831911184 0.0585452047647
444 0.00179367898189 0.0199831911184 0.0585452047647
445 0.00179367898189 0.0199831911184 0.0585452047647
446 0.00179367898189 0.0199831911184 0.0585452047647
447 0.00179367898189 0.0199831911184 0.0585452047647
448 0.00179367898189 0.0199831911184 0.0585452047647
449 0.00179367898189 0.0199831911184 0.0585452047647
450 0.00179367898189 0.0199831911184 0.0585452047647
451 -0.00598596216992 0.0199831911184 0.0585452047647
452 -0.00598596216992 0.0199831911184 0.0585452047647
453 -0.00598596216992 0.0199831911184 0.0585452047647
454 -0.00598596216992 0.0199831911184 0.0585452047647
455 -0.00598596216992 0.0199831911184 0.0585452047647
456 -0.00598596216992 0.0199831911184 0.0585452047647
457 -0.00598596216992 0.0199831911184 0.0585452047647
458 -0.00598596216992 0.0199831911184 0.0585452047647
459 -0.00598596216992 0.0199831911184 0.0585452047647
460 -0.00598596216992 0.0199831911184 0.0585452047647
461 -0.00598596216992 0.0199831911184 0.0585452047647
462 -0.00598596216992 0.0199831911184 0.0585452047647
463 -0.00598596216992 0.0199831911184 0.0585452047647
464 -0.00598596216992 0.0199831911184 0.0585452047647
465 -0.00598596216992 0.0199831911184 0.0585452047647
466 -0.00598596216992 0.0199831911184 0.0585452047647
467 -0.00598596216992 0.0199831911184 0.0585452047647
468 -0.00598596216992 0.0199831911184 0.0585452047647
469 -0.00598596216992 0.0199831911184 0.0585452047647
470 -0.00598596216992 0.0199831911184 0.0585452047647
471 -0.00598596216992 0.0199831911184 0.0585452047647
472 -0.00598596216992 0.0199831911184 0.0585452047647
473 -0.00598596216992 0.0199831911184 0.0585452047647
474 -0.00598596216992 0.0199831911184 0.0585452047647
475 -0.00598596216992 0.0199831911184 0.0585452047647
476 -0.00598596216992 0.0199831911184 0.0585452047647
477 -0.00598596216992 0.0199831911184 0.0585452047647
478 -0.00598596216992 0.0199831911184 0.0585452047647
479 -0.00598596216992 0.0199831911184 0.0585452047647
480 -0.00598596216992 0.0199831911184 0.0585452047647
481 -0.00598596216992 0.0199831911184 0.0585452047647
482 -0.00598596216992 0.0199831911184 0.0585452047647
483 -0.00598596216992 0.0199831911184 0.0585452047647
484 -0.00598596216992 0.0199831911184 0.0585452047647
485 -0.00598596216992 0.0199831911184 0.0585452047647
486 -0.00598596216992 0.0199831911184 0.0585452047647
487 -0.00598596216992 0.0199831911184 0.0585452047647
488 -0.00598596216992 0.0199831911184 0.0585452047647
489 -0.00598596216992 0.0199831911184 0.0585452047647
490 -0.00598596216992 0.0199831911184 0.0585452047647
491 -0.00598596216992 0.0199831911184 0.0585452047647
492 -0.00598596216992 0.0199831911184 0.0585452047647
493 -0.00598596216992 0.0199831911184 0.0585452047647
494 -0.00598596216992 0.0199831911184 0.0585452047647
495 -0.00598596216992 0.0199831911184 0.0585452047647
496 -0.00598596216992 0.0199831911184 0.0585452047647
497 -0.00598596216992 0.0199831911184 0.0585452047647
498 -0.00598596216992 0.0199831911184 0.0585452047647
499 -0.00598596216992 0.0199831911184 0.0585452047647
500 -0.00598596216992 0.0199831911184 0.0585452047647
501 -0.00569831690846 -0.0246297446119 0.00347188964163
502 -0.00569831690846 -0.0246297446119 0.00347188964163
503 -0.00569831690846 -0.0246297446119 0.00347188964163
504 -0.00569831690846 -0.0246297446119 0.00347188964163
505 -0.00569831690846 -0.0246297446119 0.00347188964163
506 -0.00569831690846 -0.0246297446119 0.00347188964163
507 -0.00569831690846 -0.0246297446119 0.00347188964163
508 -0.00569831690846 -0.0246297446119 0.00347188964163
509 -0.00569831690846 -0.0246297446119 0.00347188964163
510 -0.00569831690846 -0.0246297446119 0.00347188964163
511 -0.00569831690846 -0.0246297446119 0.00347188964163
512 -0.00569831690846 -0.0246297446119 0.00347188964163
513 -0.00569831690846 -0.0246297446119 0.00347188964163
514 -0.00569831690846 -0.0246297446119 0.00347188964163
515 -0.00569831690846 -0.0246297446119 0.00347188964163
516 -0.00569831690846 -0.0246297446119 0.00347188964163
517 -0.00569831690846 -0.0246297446119 0.00347188964163
518 -0.00569831690846 -0.0246297446119 0.00347188964163
519 -0.00569831690846 -0.0246297446119 0.00347188964163
520 -0.00569831690846 -0.0246297446119 0.00347188964163
521 -0.00569831690846 -0.0246297446119 0.00347188964163
522 -0.00569831690846 -0.0246297446119 0.00347188964163
523 -0.00569831690846 -0.0246297446119 0.00347188964163
524 -0.00569831690846 -0.0246297446119 0.00347188964163
525 -0.00569831690846 -0.0246297446119 0.00347188964163
526 -0.00569831690846 -0.0246297446119 0.00347188964163
527 -0.00569831690846 -0.0246297446119 0.00347188964163
528 -0.00569831690846 -0.0246297446119 0.00347188964163
529 -0.00569831690846 -0.0246297446119 0.00347188964163
530 -0.00569831690846 -0.0246297446119 0.00347188964163
531 -0.00569831690846 -0.0246297446119 0.00347188964163
532 -0.00569831690846 -0.0246297446119 0.00347188964163
533 -0.00569831690846 -0.0246297446119 0.00347188964163
534 -0.00569831690846 -0.0246297446119 0.00347188964163
535 -0.00569831690846 -0.0246297446119 0.00347188964163
536 -0.00569831690846 -0.0246297446119 0.00347188964163
537 -0.00569831690846 -0.0246297446119 0.00347188964163
538 -0.00569831690846 -0.0246297446119 0.00347188964163
539 -0.00569831690846 -0.0246297446119 0.00347188964163
540 -0.00569831690846 -0.0246297446119 0.00347188964163
541 -0.00569831690846 -0.0246297446119 0.00347188964163
542 -0.00569831690846 -0.0246297446119 0.00347188964163
543 -0.00569831690846 -0.0246297446119 0.00347188964163
544 -0.00569831690846 -0.0246297446119 0.00347188964163
545 -0.00569831690846 -0.0246297446119 0.00347188964163
546 -0.00569831690846 -0.0246297446119 0.00347188964163
547 -0.00569831690846 -0.0246297446119 0.00347188964163
548 -0.00569831690846 -0.0246297446119 0.00347188964163
549 -0.00569831690846 -0.0246297446119 0.00347188964163
550 -0.00569831690846 -0.0246297446119 0.00347188964163
551 -0.00778785597248 -0.0246297446119 0.00347188964163
552 -0.00778785597248 -0.0246297446119 0.00347188964163
553 -0.00778785597248 -0.0246297446119 0.00347188964163
554 -0.00778785597248 -0.0246297446119 0.00347188964163
555 -0.00778785597248 -0.0246297446119 0.00347188964163
556 -0.00778785597248 -0.0246297446119 0.00347188964163
557 -0.00778785597248 -0.0246297446119 0.00347188964163
558 -0.00778785597248 -0.0246297446119 0.00347188964163
559 -0.00778785597248 -0.0246297446119 0.00347188964163
560 -0.00778785597248 -0.0246297446119 0.00347188964163
561 -0.00778785597248 -0.0246297446119 0.00347188964163
562 -0.00778785597248 -0.0246297446119 0.00347188964163
563 -0.00778785597248 -0.0246297446119 0.00347188964163
564 -0.00778785597248 -0.0246297446119 0.00347188964163
565 -0.00778785597248 -0.0246297446119 0.00347188964163
566 -0.00778785597248 -0.0246297446119 0.00347188964163
567 -0.00778785597248 -0.0246297446119 0.00347188964163
568 -0.00778785597248 -0.0246297446119 0.00347188964163
569 -0.00778785597248 -0.0246297446119 0.00347188964163
570 -0.00778785597248 -0.0246297446119 0.00347188964163
571 -0.00778785597248 -0.0246297446119 0.00347188964163
572 -0.00778785597248 -0.0246297446119 0.00347188964163
573 -0.00778785597248 -0.0246297446119 0.00347188964163
574 -0.00778785597248 -0.0246297446119 0.00347188964163
575 -0.00778785597248 -0.0246297446119 0.00347188964163
576 -0.00778785597248 -0.0246297446119 0.00347188964163
577 -0.00778785597248 -0.0246297446119 0.00347188964163
578 -0.00778785597248 -0.0246297446119 0.00347188964163
579 -0.00778785597248 -0.0246297446119 0.00347188964163
580 -0.00778785597248 -0.0246297446119 0.00347188964163
581 -0.00778785597248 -0.0246297446119 0.00347188964163
582 -0.00778785597248 -0.0246297446119 0.00347188964163
583 -0.00778785597248 -0.0246297446119 0.00347188964163
584 -0.00778785597248 -0.0246297446119 0.00347188964163
585 -0.00778785597248 -0.0246297446119 0.00347188964163
586 -0.00778785597248 -0.0246297446119 0.00347188964163
587 -0.00778785597248 -0.0246297446119 0.00347188964163
588 -0.00778785597248 -0.0246297446119 0.00347188964163
589 -0.00778785597248 -0.0246297446119 0.00347188964163
590 -0.00778785597248 -0.0246297446119 0.00347188964163
591 -0.00778785597248 -0.0246297446119 0.00347188964163
592 -0.00778785597248 -0.0246297446119 0.00347188964163
593 -0.00778785597248 -0.0246297446119 0.00347188964163
594 -0.00778785597248 -0.0246297446119 0.00347188964163
595 -0.00778785597248 -0.0246297446119 0.00347188964163
596 -0.00778785597248 -0.0246297446119 0.00347188964163
597 -0.00778785597248 -0.0246297446119 0.00347188964163
598 -0.00778785597248 -0.0246297446119 0.00347188964163
599 -0.00778785597248 -0.0246297446119 0.00347188964163
600 -0.00778785597248 -0.0246297446119 0.00347188964163
601 0.00326902053136 -0.0205245949762 0.00961179434694
602 0.00326902053136 -0.0205245949762 0.00961179434694
603 0.00326902053136 -0.0205245949762 0.00961179434694
604 0.00326902053136 -0.0205245949762 0.00961179434694
605 0.00326902053136 -0.0205245949762 0.00961179434694
606 0.00326902053136 -0.0205245949762 0.00961179434694
607 0.00326902053136 -0.0205245949762 0.00961179434694
608 0.00326902053136 -0.0205245949762 0.00961179434694
609 0.00326902053136 -0.0205245949762 0.00961179434694
610 0.00326902053136 -0.0205245949762 0.00961179434694
611 0.00326902053136 -0.0205245949762 0.00961179434694
612 0.00326902053136 -0.0205245949762 0.00961179434694
613 0.00326902053136 -0.0205245949762 0.00961179434694
614 0.00326902053136 -0.0205245949762 0.00961179434694
615 0.00326902053136 -0.0205245949762 0.00961179434694
616 0.00326902053136 -0.0205245949762 0.00961179434694
617 0.00326902053136 -0.0205245949762 0.00961179434694
618 0.00326902053136 -0.0205245949762 0.00961179434694
619 0.00326902053136 -0.0205245949762 0.00961179434694
620 0.00326902053136 -0.0205245949762 0.00961179434694
621 0.00326902053136 -0.0205245949762 0.00961179434694
622 0.00326902053136 -0.0205245949762 0.00961179434694
623 0.00326902053136 -0.0205245949762 0.00961179434694
624 0.00326902053136 -0.0205245949762 0.00961179434694
625 0.00326902053136 -0.0205245949762 0.00961179434694
626 0.00326902053136 -0.0205245949762 0.00961179434694
627 0.00326902053136 -0.0205245949762 0.00961179434694
628 0.00326902053136 -0.0205245949762 0.00961179434694
629 0.00326902053136 -0.0205245949762 0.00961179434694
630 0.00326902053136 -0.0205245949762 0.00961179434694
631 0.00326902053136 -0.0205245949762 0.00961179434694
632 0.00326902053136 -0.0205245949762 0.00961179434694
633 0.00326902053136 -0.0205245949762 0.00961179434694
634 0.00326902053136 -0.0205245949762 0.00961179434694
635 0.00326902053136 -0.0205245949762 0.00961179434694
636 0.00326902053136 -0.0205245949762 0.00961179434694
637 0.00326902053136 -0.0205245949762 0.00961179434694
638 0.00326902053136 -0.0205245949762 0.00961179434694
639 0.00326902053136 -0.0205245949762 0.00961179434694
640 0.00326902053136 -0.0205245949762 0.00961179434694
641 0.00326902053136 -0.0205245949762 0.00961179434694
642 0.00326902053136 -0.0205245949762 0.00961179434694
643 0.00326902053136 -0.0205245949762 0.00961179434694
644 0.00326902053136 -0.0205245949762 0.00961179434694
645 0.00326902053136 -0.0205245949762 0.00961179434694
646 0.00326902053136 -0.0205245949762 0.00961179434694
647 0.00326902053136 -0.0205245949762 0.00961179434694
648 0.00326902053136 -0.0205245949762 0.00961179434694
649 0.00326902053136 -0.0205245949762 0.00961179434694
650 0.00326902053136 -0.0205245949762 0.00961179434694
651 0.000241499642743 -0.0205245949762 0.00961179434694
652 0.000241499642743 -0.0205245949762 0.00961179434694
653 0.000241499642743 -0.0205245949762 0.00961179434694
654 0.000241499642743 -0.0205245949762 0.00961179434694
655 0.000241499642743 -0.0205245949762 0.00961179434694
656 0.000241499642743 -0.0205245949762 0.00961179434694
657 0.000241499642743 -0.0205245949762 0.00961179434694
658 0.000241499642743 -0.0205245949762 0.00961179434694
659 0.000241499642743 -0.0205245949762 0.00961179434694
660 0.000241499642743 -0.0205245949762 0.00961179434694
661 0.000241499642743 -0.0205245949762 0.00961179434694
662 0.000241499642743 -0.0205245949762 0.00961179434694
663 0.000241499642743 -0.0205245949762 0.00961179434694
664 0.000241499642743 -0.0205245949762 0.00961179434694
665 0.000241499642743 -0.0205245949762 0.00961179434694
666 0.000241499642743 -0.0205245949762 0.00961179434694
667 0.000241499642743 -0.0205245949762 0.00961179434694
668 0.000241499642743 -0.0205245949762 0.00961179434694
669 0.000241499642743 -0.0205245949762 0.00961179434694
670 0.000241499642743 -0.0205245949762 0.00961179434694
671 0.000241499642743 -0.0205245949762 0.00961179434694
672 0.000241499642743 -0.0205245949762 0.00961179434694
673 0.000241499642743 -0.0205245949762 0.00961179434694
674 0.000241499642743 -0.0205245949762 0.00961179434694
675 0.000241499642743 -0.0205245949762 0.00961179434694
676 0.000241499642743 -0.0205245949762 0.00961179434694
677 0.000241499642743 -0.0205245949762 0.00961179434694
678 0.000241499642743 -0.0205245949762 0.00961179434694
679 0.000241499642743 -0.0205245949762 0.00961179434694
680 0.000241499642743 -0.0205245949762 0.00961179434694
681 0.000241499642743 -0.0205245949762 0.00961179434694
682 0.000241499642743 -0.0205245949762 0.00961179434694
683 0.000241499642743 -0.0205245949762 0.00961179434694
684 0.000241499642743 -0.0205245949762 0.00961179434694
685 0.000241499642743 -0.0205245949762 0.00961179434694
686 0.000241499642743 -0.0205245949762 0.00961179434694
687 0.000241499642743 -0.0205245949762 0.00961179434694
688 0.000241499642743 -0.0205245949762 0.00961179434694
689 0.000241499642743 -0.0205245949762 0.00961179434694
690 0.000241499642743 -0.0205245949762 0.00961179434694
691 0.000241499642743 -0.0205245949762 0.00961179434694
692 0.000241499642743 -0.0205245949762 0.00961179434694
693 0.000241499642743 -0.0205245949762 0.00961179434694
694 0.000241499642743 -0.0205245949762 0.00961179434694
695 0.000241499642743 -0.0205245949762 0.00961179434694
696 0.000241499642743 -0.0205245949762 0.00961179434694
697 0.000241499642743 -0.0205245949762 0.00961179434694
698 0.000241499642743 -0.0205245949762 0.00961179434694
699 0.000241499642743 -0.0205245949762 0.00961179434694
700 0.000241499642743 -0.0205245949762 0.00961179434694
701 -0.000846452619452 0.00318359130824 -0.0155998991405
702 -0.000846452619452 0.00318359130824 -0.0155998991405
703 -0.000846452619452 0.00318359130824 -0.0155998991405
704 -0.000846452619452 0.00318359130824 -0.0155998991405
705 -0.000846452619452 0.00318359130824 -0.0155998991405
706 -0.000846452619452 0.00318359130824 -0.0155998991405
707 -0.000846452619452 0.00318359130824 -0.0155998991405
708 -0.000846452619452 0.00318359130824 -0.0155998991405
709 -0.000846452619452 0.00318359130824 -0.0155998991405
710 -0.000846452619452 0.00318359130824 -0.0155998991405
711 -0.000846452619452 0.00318359130824 -0.0155998991405
712 -0.000846452619452 0.00318359130824 -0.0155998991405
713 -0.000846452619452 0.00318359130824 -0.0155998991405
714 -0.000846452619452 0.00318359130824 -0.0155998991405
715 -0.000846452619452 0.00318359130824 -0.0155998991405
716 -0.000846452619452 0.00318359130824 -0.0155998991405
717 -0.000846452619452 0.00318359130824 -0.0155998991405
718 -0.000846452619452 0.00318359130824 -0.0155998991405
719 -0.000846452619452 0.00318359130824 -0.0155998991405
720 -0.000846452619452 0.00318359130824 -0.0155998991405
721 -0.000846452619452 0.00318359130824 -0.0155998991405
722 -0.000846452619452 0.00318359130824 -0.0155998991405
723 -0.000846452619452 0.00318359130824 -0.0155998991405
724 -0.000846452619452 0.00318359130824 -0.0155998991405
725 -0.000846452619452 0.00318359130824 -0.0155998991405
726 -0.000846452619452 0.00318359130824 -0.0155998991405
727 -0.000846452619452 0.00318359130824 -0.0155998991405
728 -0.000846452619452 0.00318359130824 -0.0155998991405
729 -0.000846452619452 0.00318359130824 -0.0155998991405
730 -0.000846452619452 0.00318359130824 -0.0155998991405
731 -0.000846452619452 0.00318359130824 -0.0155998991405
732 -0.000846452619452 0.00318359130824 -0.0155998991405
733 -0.000846452619452 0.00318359130824 -0.0155998991405
734 -0.000846452619452 0.00318359130824 -0.0155998991405
735 -0.000846452619452 0.00318359130824 -0.0155998991405
736 -0.000846452619452 0.00318359130824 -0.0155998991405
737 -0.000846452619452 0.00318359130824 -0.0155998991405
738 -0.000846452619452 0.00318359130824 -0.0155998991405
739 -0.000846452619452 0.00318359130824 -0.0155998991405
740 -0.000846452619452 0.00318359130824 -0.0155998991405
741 -0.000846452619452 0.00318359130824 -0.0155998991405
742 -0.000846452619452 0.00318359130824 -0.0155998991405
743 -0.000846452619452 0.00318359130824 -0.0155998991405
744 -0.000846452619452 0.00318359130824 -0.0155998991405
745 -0.000846452619452 0.00318359130824 -0.0155998991405
746 -0.000846452619452 0.00318359130824 -0.0155998991405
747 -0.000846452619452 0.00318359130824 -0.0155998991405
748 -0.000846452619452 0.00318359130824 -0.0155998991405
749 -0.000846452619452 0.00318359130824 -0.0155998991405
750 -0.000846452619452 0.00318359130824 -0.0155998991405
751 0.00513741732218 0.00318359130824 -0.0155998991405
752 0.00513741732218 0.00318359130824 -0.0155998991405
753 0.00513741732218 0.00318359130824 -0.0155998991405
754 0.00513741732218 0.00318359130824 -0.0155998991405
755 0.00513741732218 0.00318359130824 -0.0155998991405
756 0.00513741732218 0.00318359130824 -0.0155998991405
757 0.00513741732218 0.00318359130824 -0.0155998991405
758 0.00513741732218 0.00318359130824 -0.0155998991405
759 0.00513741732218 0.00318359130824 -0.0155998991405
760 0.00513741732218 0.00318359130824 -0.0155998991405
761 0.00513741732218 0.00318359130824 -0.0155998991405
762 0.00513741732218 0.00318359130824 -0.0155998991405
763 0.00513741732218 0.00318359130824 -0.0155998991405
764 0.00513741732218 0.00318359130824 -0.0155998991405
765 0.00513741732218 0.00318359130824 -0.0155998991405
766 0.00513741732218 0.00318359130824 -0.0155998991405
767 0.00513741732218 0.00318359130824 -0.0155998991405
768 0.00513741732218 0.00318359130824 -0.0155998991405
769 0.00513741732218 0.00318359130824 -0.0155998991405
770 0.00513741732218 0.00318359130824 -0.0155998991405
771 0.00513741732218 0.00318359130824 -0.0155998991405
772 0.00513741732218 0.00318359130824 -0.0155998991405
773 0.00513741732218 0.00318359130824 -0.0155998991405
774 0.00513741732218 0.00318359130824 -0.0155998991405
775 0.00513741732218 0.00318359130824 -0.0155998991405
776 0.00513741732218 0.00318359130824 -0.0155998991405
777 0.00513741732218 0.00318359130824 -0.0155998991405
778 0.00513741732218 0.00318359130824 -0.0155998991405
779 0.00513741732218 0.00318359130824 -0.0155998991405
780 0.00513741732218 0.00318359130824 -0.0155998991405
781 0.00513741732218 0.00318359130824 -0.0155998991405
782 0.00513741732218 0.00318359130824 -0.0155998991405
783 0.00513741732218 0.00318359130824 -0.0155998991405
784 0.00513741732218 0.00318359130824 -0.0155998991405
785 0.00513741732218 0.00318359130824 -0.0155998991405
786 0.00513741732218 0.00318359130824 -0.0155998991405
787 0.00513741732218 0.00318359130824 -0.0155998991405
788 0.00513741732218 0.00318359130824 -0.0155998991405
789 0.00513741732218 0.00318359130824 -0.0155998991405
790 0.00513741732218 0.00318359130824 -0.0155998991405
791 0.00513741732218 0.00318359130824 -0.0155998991405
792 0.00513741732218 0.00318359130824 -0.0155998991405
793 0.00513741732218 0.00318359130824 -0.0155998991405
794 0.00513741732218 0.00318359130824 -0.0155998991405
795 0.00513741732218 0.00318359130824 -0.0155998991405
796 0.00513741732218 0.00318359130824 -0.0155998991405
797 0.00513741732218 0.00318359130824 -0.0155998991405
798 0.00513741732218 0.00318359130824 -0.0155998991405
799 0.00513741732218 0.00318359130824 -0.0155998991405
800 0.00513741732218 0.00318359130824 -0.0155998991405
801 0.00483895825303 -0.00756747710834 -0.0177538056082
802 0.00483895825303 -0.00756747710834 -0.0177538056082
803 0.00483895825303 -0.00756747710834 -0.0177538056082
804 0.00483895825303 -0.00756747710834 -0.0177538056082
805 0.00483895825303 -0.00756747710834 -0.0177538056082
806 0.00483895825303 -0.00756747710834 -0.0177538056082
807 0.00483895825303 -0.00756747710834 -0.0177538056082
808 0.00483895825303 -0.00756747710834 -0.0177538056082
809 0.00483895825303 -0.00756747710834 -0.0177538056082
810 0.00483895825303 -0.00756747710834 -0.0177538056082
811 0.00483895825303 -0.00756747710834 -0.0177538056082
812 0.00483895825303 -0.00756747710834 -0.0177538056082
813 0.00483895825303 -0.00756747710834 -0.0177538056082
814 0.00483895825303 -0.00756747710834 -0.0177538056082
815 0.00483895825303 -0.00756747710834 -0.0177538056082
816 0.00483895825303 -0.00756747710834 -0.0177538056082
817 0.00483895825303 -0.00756747710834 -0.0177538056082
818 0.00483895825303 -0.00756747710834 -0.0177538056082
819 0.00483895825303 -0.00756747710834 -0.0177538056082
820 0.00483895825303 -0.00756747710834 -0.0177538056082
821 0.00483895825303 -0.00756747710834 -0.0177538056082
822 0.00483895825303 -0.00756747710834 -0.0177538056082
823 0.00483895825303 -0.00756747710834 -0.0177538056082
824 0.00483895825303 -0.00756747710834 -0.0177538056082
825 0.00483895825303 -0.00756747710834 -0.0177538056082
826 0.00483895825303 -0.00756747710834 -0.0177538056082
827 0.00483895825303 -0.00756747710834 -0.0177538056082
828 0.00483895825303 -0.00756747710834 -0.0177538056082
829 0.00483895825303 -0.00756747710834 -0.0177538056082
830 0.00483895825303 -0.00756747710834 -0.0177538056082
831 0.00483895825303 -0.00756747710834 -0.0177538056082
832 0.00483895825303 -0.00756747710834 -0.0177538056082
833 0.00483895825303 -0.00756747710834 -0.0177538056082
834 0.00483895825303 -0.00756747710834 -0.0177538056082
835 0.00483895825303 -0.00756747710834 -0.0177538056082
836 0.00483895825303 -0.00756747710834 -0.0177538056082
837 0.00483895825303 -0.00756747710834 -0.0177538056082
838 0.00483895825303 -0.00756747710834 -0.0177538056082
839 0.00483895825303 -0.00756747710834 -0.0177538056082
840 0.00483895825303 -0.00756747710834 -0.0177538056082
841 0.00483895825303 -0.00756747710834 -0.0177538056082
842 0.00483895825303 -0.00756747710834 -0.0177538056082
843 0.00483895825303 -0.00756747710834 -0.0177538056082
844 0.00483895825303 -0.00756747710834 -0.0177538056082
845 0.00483895825303 -0.00756747710834 -0.0177538056082
846 0.00483895825303 -0.00756747710834 -0.0177538056082
847 0.00483895825303 -0.00756747710834 -0.0177538056082
848 0.00483895825303 -0.00756747710834 -0.0177538056082
849 0.00483895825303 -0.00756747710834 -0.0177538056082
850 0.00483895825303 -0.00756747710834 -0.0177538056082
851 0.0204081632653 -0.00756747710834 -0.0177538056082
852 0.0204081632653 -0.00756747710834 -0.0177538056082
853 0.0204081632653 -0.00756747710834 -0.0177538056082
854 0.0204081632653 -0.00756747710834 -0.0177538056082
855 0.0204081632653 -0.00756747710834 -0.0177538056082
856 0.0204081632653 -0.00756747710834 -0.0177538056082
857 0.0204081632653 -0.00756747710834 -0.0177538056082
858 0.0204081632653 -0.00756747710834 -0.0177538056082
859 0.0204081632653 -0.00756747710834 -0.0177538056082
860 0.0204081632653 -0.00756747710834 -0.0177538056082
861 0.0204081632653 -0.00756747710834 -0.0177538056082
862 0.0204081632653 -0.00756747710834 -0.0177538056082
863 0.0204081632653 -0.00756747710834 -0.0177538056082
864 0.0204081632653 -0.00756747710834 -0.0177538056082
865 0.0204081632653 -0.00756747710834 -0.0177538056082
866 0.0204081632653 -0.00756747710834 -0.0177538056082
867 0.0204081632653 -0.00756747710834 -0.0177538056082
868 0.0204081632653 -0.00756747710834 -0.0177538056082
869 0.0204081632653 -0.00756747710834 -0.0177538056082
870 0.0204081632653 -0.00756747710834 -0.0177538056082
871 0.0204081632653 -0.00756747710834 -0.0177538056082
872 0.0204081632653 -0.00756747710834 -0.0177538056082
873 0.0204081632653 -0.00756747710834 -0.0177538056082
874 0.0204081632653 -0.00756747710834 -0.0177538056082
875 0.0204081632653 -0.00756747710834 -0.0177538056082
876 0.0204081632653 -0.00756747710834 -0.0177538056082
877 0.0204081632653 -0.00756747710834 -0.0177538056082
878 0.0204081632653 -0.00756747710834 -0.0177538056082
879 0.0204081632653 -0.00756747710834 -0.0177538056082
880 0.0204081632653 -0.00756747710834 -0.0177538056082
881 0.0204081632653 -0.00756747710834 -0.0177538056082
882 0.0204081632653 -0.00756747710834 -0.0177538056082
883 0.0204081632653 -0.00756747710834 -0.0177538056082
884 0.0204081632653 -0.00756747710834 -0.0177538056082
885 0.0204081632653 -0.00756747710834 -0.0177538056082
886 0.0204081632653 -0.00756747710834 -0.0177538056082
887 0.0204081632653 -0.00756747710834 -0.0177538056082
888 0.0204081632653 -0.00756747710834 -0.0177538056082
889 0.0204081632653 -0.00756747710834 -0.0177538056082
890 0.0204081632653 -0.00756747710834 -0.0177538056082
891 0.0204081632653 -0.00756747710834 -0.0177538056082
892 0.0204081632653 -0.00756747710834 -0.0177538056082
893 0.0204081632653 -0.00756747710834 -0.0177538056082
894 0.0204081632653 -0.00756747710834 -0.0177538056082
895 0.0204081632653 -0.00756747710834 -0.0177538056082
896 0.0204081632653 -0.00756747710834 -0.0177538056082
897 0.0204081632653 -0.00756747710834 -0.0177538056082
898 0.0204081632653 -0.00756747710834 -0.0177538056082
899 0.0204081632653 -0.00756747710834 -0.0177538056082
900 0.0204081632653 -0.00756747710834 -0.0177538056082
901 0.00301489594721 -0.000837925821283 0.00595562181569
902 0.00301489594721 -0.000837925821283 0.00595562181569
903 0.00301489594721 -0.000837925821283 0.00595562181569
904 0.00301489594721 -0.000837925821283 0.00595562181569
905 0.00301489594721 -0.000837925821283 0.00595562181569
906 0.00301489594721 -0.000837925821283 0.00595562181569
907 0.00301489594721 -0.000837925821283 0.00595562181569
908 0.00301489594721 -0.000837925821283 0.00595562181569
909 0.00301489594721 -0.000837925821283 0.00595562181569
910 0.00301489594721 -0.000837925821283 0.00595562181569
911 0.00301489594721 -0.000837925821283 0.00595562181569
912 0.00301489594721 -0.000837925821283 0.00595562181569
913 0.00301489594721 -0.000837925821283 0.00595562181569
914 0.00301489594721 -0.000837925821283 0.00595562181569
915 0.00301489594721 -0.000837925821283 0.00595562181569
916 0.00301489594721 -0.000837925821283 0.00595562181569
917 0.00301489594721 -0.000837925821283 0.00595562181569
918 0.00301489594721 -0.000837925821283 0.00595562181569
919 0.00301489594721 -0.000837925821283 0.00595562181569
920 0.00301489594721 -0.000837925821283 0.00595562181569
921 0.00301489594721 -0.000837925821283 0.00595562181569
922 0.00301489594721 -0.000837925821283 0.00595562181569
923 0.00301489594721 -0.000837925821283 0.00595562181569
924 0.00301489594721 -0.000837925821283 0.00595562181569
925 0.00301489594721 -0.000837925821283 0.00595562181569
926 0.00301489594721 -0.000837925821283 0.00595562181569
927 0.00301489594721 -0.000837925821283 0.00595562181569
928 0.00301489594721 -0.000837925821283 0.00595562181569
929 0.00301489594721 -0.000837925821283 0.00595562181569
930 0.00301489594721 -0.000837925821283 0.00595562181569
931 0.00301489594721 -0.000837925821283 0.00595562181569
932 0.00301489594721 -0.000837925821283 0.00595562181569
933 0.00301489594721 -0.000837925821283 0.00595562181569
934 0.00301489594721 -0.000837925821283 0.00595562181569
935 0.00301489594721 -0.000837925821283 0.00595562181569
936 0.00301489594721 -0.000837925821283 0.00595562181569
937 0.00301489594721 -0.000837925821283 0.00595562181569
938 0.00301489594721 -0.000837925821283 0.00595562181569
939 0.00301489594721 -0.000837925821283 0.00595562181569
940 0.00301489594721 -0.000837925821283 0.00595562181569
941 0.00301489594721 -0.000837925821283 0.00595562181569
942 0.00301489594721 -0.000837925821283 0.00595562181569
943 0.00301489594721 -0.000837925821283 0.00595562181569
944 0.00301489594721 -0.000837925821283 0.00595562181569
945 0.00301489594721 -0.000837925821283 0.00595562181569
946 0.00301489594721 -0.000837925821283 0.00595562181569
947 0.00301489594721 -0.000837925821283 0.00595562181569
948 0.00301489594721 -0.000837925821283 0.00595562181569
949 0.00301489594721 -0.000837925821283 0.00595562181569
950 0.00301489594721 -0.000837925821283 0.00595562181569
951 0.00301489594721 -0.000837925821283 0.00595562181569
952 0.00301489594721 -0.000837925821283 0.00595562181569
953 0.00301489594721 -0.000837925821283 0.00595562181569
954 0.00301489594721 -0.000837925821283 0.00595562181569
955 0.00301489594721 -0.000837925821283 0.00595562181569
956 0.00301489594721 -0.000837925821283 0.00595562181569
957 0.00301489594721 -0.000837925821283 0.00595562181569
958 0.00301489594721 -0.000837925821283 0.00595562181569
959 0.00301489594721 -0.000837925821283 0.00595562181569
960 0.00301489594721 -0.000837925821283 0.00595562181569
961 0.00301489594721 -0.000837925821283 0.00595562181569
962 0.00301489594721 -0.000837925821283 0.00595562181569
963 0.00301489594721 -0.000837925821283 0.00595562181569
964 0.00301489594721 -0.000837925821283 0.00595562181569
965 0.00301489594721 -0.000837925821283 0.00595562181569
966 0.00301489594721 -0.000837925821283 0.00595562181569
967 0.00301489594721 -0.000837925821283 0.00595562181569
968 0.00301489594721 -0.000837925821283 0.00595562181569
969 0.00301489594721 -0.000837925821283 0.00595562181569
970 0.00301489594721 -0.000837925821283 0.00595562181569
971 -0.00211174365979 -0.000837925821283 0.00595562181569
972 -0.00211174365979 -0.000837925821283 0.00595562181569
973 -0.00211174365979 -0.000837925821283 0.00595562181569
974 -0.00211174365979 -0.000837925821283 0.00595562181569
975 -0.00211174365979 -0.000837925821283 0.00595562181569
976 -0.00211174365979 -0.000837925821283 0.00595562181569
977 -0.00211174365979 -0.000837925821283 0.00595562181569
978 -0.00211174365979 -0.000837925821283 0.00595562181569
979 -0.00211174365979 -0.000837925821283 0.00595562181569
980 -0.00211174365979 -0.000837925821283 0.00595562181569
981 -0.00211174365979 -0.000837925821283 0.00595562181569
982 -0.00211174365979 -0.000837925821283 0.00595562181569
983 -0.00211174365979 -0.000837925821283 0.00595562181569
984 -0.00211174365979 -0.000837925821283 0.00595562181569
985 -0.00211174365979 -0.000837925821283 0.00595562181569
986 -0.00211174365979 -0.000837925821283 0.00595562181569
987 -0.00211174365979 -0.000837925821283 0.00595562181569
988 -0.00211174365979 -0.000837925821283 0.00595562181569
989 -0.00211174365979 -0.000837925821283 0.00595562181569
990 -0.00211174365979 -0.000837925821283 0.00595562181569
991 -0.00211174365979 -0.000837925821283 0.00595562181569
992 -0.00211174365979 -0.000837925821283 0.00595562181569
993 -0.00211174365979 -0.000837925821283 0.00595562181569
994 -0.00211174365979 -0.000837925821283 0.00595562181569
995 -0.00211174365979 -0.000837925821283 0.00595562181569
996 -0.00211174365979 -0.000837925821283 0.00595562181569
997 -0.00211174365979 -0.000837925821283 0.00595562181569
998 -0.00211174365979 -0.000837925821283 0.00595562181569
999 -0.00211174365979 -0.000837925821283 0.00595562181569
1000 -0.00211174365979 -0.000837925821283 0.00595562181569
1001 -0.00211174365979 0.0 0.0
1002 -0.00211174365979 0.0 0.0
1003 -0.00211174365979 0.0 0.0
1004 -0.00211174365979 0.0 0.0
1005 -0.00211174365979 0.0 0.0
1006 -0.00211174365979 0.0 0.0
1007 -0.00211174365979 0.0 0.0
1008 -0.00211174365979 0.0 0.0
1009 -0.00211174365979 0.0 0.0
1010 -0.00211174365979 0.0 0.0
1011 -0.00211174365979 0.0 0.0
1012 -0.00211174365979 0.0 0.0
1013 -0.00211174365979 0.0 0.0
1014 -0.00211174365979 0.0 0.0
1015 -0.00211174365979 0.0 0.0
1016 -0.00211174365979 0.0 0.0
1017 -0.00211174365979 0.0 0.0
1018 -0.00211174365979 0.0 0.0
1019 -0.00211174365979 0.0 0.0
1020 -0.00211174365979 0.0 0.0
1021 -0.00211174365979 0.0 0.0
1022 -0.00211174365979 0.0 0.0
1023 -0.00211174365979 0.0 0.0
1024 -0.00211174365979 0.0 0.0
1025 -0.00211174365979 0.0 0.0
1026 -0.00211174365979 0.0 0.0
1027 -0.00211174365979 0.0 0.0
1028 -0.00211174365979 0.0 0.0
1029 -0.00211174365979 0.0 0.0
1030 -0.00211174365979 0.0 0.0
1031 -0.00416356603878 0.0 0.0
1032 -0.00416356603878 0.0 0.0
1033 -0.00416356603878 0.0 0.0
1034 -0.00416356603878 0.0 0.0
1035 -0.00416356603878 0.0 0.0
1036 -0.00416356603878 0.0 0.0
1037 -0.00416356603878 0.0 0.0
1038 -0.00416356603878 0.0 0.0
1039 -0.00416356603878 0.0 0.0
1040 -0.00416356603878 0.0 0.0
1041 -0.00416356603878 0.0 0.0
1042 -0.00416356603878 0.0 0.0
1043 -0.00416356603878 0.0 0.0
1044 -0.00416356603878 0.0 0.0
1045 -0.00416356603878 0.0 0.0
1046 -0.00416356603878 0.0 0.0
1047 -0.00416356603878 0.0 0.0
1048 -0.00416356603878 0.0 0.0
1049 -0.00416356603878 0.0 0.0
1050 -0.00416356603878 0.0 0.0
1051 -0.00416356603878 0.0 0.0
1052 -0.00416356603878 0.0 0.0
1053 -0.00416356603878 0.0 0.0
1054 -0.00416356603878 0.0 0.0
1055 -0.00416356603878 0.0 0.0
1056 -0.00416356603878 0.0 0.0
1057 -0.00416356603878 0.0 0.0
1058 -0.00416356603878 0.0 0.0
1059 -0.00416356603878 0.0 0.0
1060 -0.00416356603878 0.0 0.0
1061 -0.00416356603878 0.0 0.0
1062 -0.00416356603878 0.0 0.0
1063 -0.00416356603878 0.0 0.0
1064 -0.00416356603878 0.0 0.0
1065 -0.00416356603878 0.0 0.0
1066 -0.00416356603878 0.0 0.0
1067 -0.00416356603878 0.0 0.0
1068 -0.00416356603878 0.0 0.0
1069 -0.00416356603878 0.0 0.0
1070 -0.00416356603878 0.0 0.0
1071 -0.00416356603878 0.0 0.0
1072 -0.00416356603878 0.0 0.0
1073 -0.00416356603878 0.0 0.0
1074 -0.00416356603878 0.0 0.0
1075 -0.00416356603878 0.0 0.0
1076 -0.00416356603878 0.0 0.0
1077 -0.00416356603878 0.0 0.0
1078 -0.00416356603878 0.0 0.0
1079 -0.00416356603878 0.0 0.0
1080 -0.00416356603878 0.0 0.0
1081 -0.00416356603878 0.0 0.0
1082 -0.00416356603878 0.0 0.0
1083 -0.00416356603878 0.0 0.0
1084 -0.00416356603878 0.0 0.0
1085 -0.00416356603878 0.0 0.0
1086 -0.00416356603878 0.0 0.0
1087 -0.00416356603878 0.0 0.0
1088 -0.00416356603878 0.0 0.0
1089 -0.00416356603878 0.0 0.0
1090 -0.00416356603878 0.0 0.0
1091 -0.00393261048323 0.0 0.0
1092 -0.00393261048323 0.0 0.0
1093 -0.00393261048323 0.0 0.0
1094 -0.00393261048323 0.0 0.0
1095 -0.00393261048323 0.0 0.0
1096 -0.00393261048323 0.0 0.0
1097 -0.00393261048323 0.0 0.0
1098 -0.00393261048323 0.0 0.0
1099 -0.00393261048323 0.0 0.0
1100 -0.00393261048323 0.0 0.0
1101 -0.00393261048323 0.0 0.0
1102 -0.00393261048323 0.0 0.0
1103 -0.00393261048323 0.0 0.0
1104 -0.00393261048323 0.0 0.0
1105 -0.00393261048323 0.0 0.0
1106 -0.00393261048323 0.0 0.0
1107 -0.00393261048323 0.0 0.0
1108 -0.00393261048323 0.0 0.0
1109 -0.00393261048323 0.0 0.0
1110 -0.00393261048323 0.0 0.0
1111 -0.00393261048323 0.0 0.0
1112 -0.00393261048323 0.0 0.0
1113 -0.00393261048323 0.0 0.0
1114 -0.00393261048323 0.0 0.0
1115 -0.00393261048323 0.0 0.0
1116 -0.00393261048323 0.0 0.0
1117 -0.00393261048323 0.0 0.0
1118 -0.00393261048323 0.0 0.0
1119 -0.00393261048323 0.0 0.0
1120 -0.00393261048323 0.0 0.0
1121 -0.00393261048323 0.0 0.0
1122 -0.00393261048323 0.0 0.0
1123 -0.00393261048323 0.0 0.0
1124 -0.00393261048323 0.0 0.0
1125 -0.00393261048323 0.0 0.0
1126 -0.00393261048323 0.0 0.0
1127 -0.00393261048323 0.0 0.0
1128 -0.00393261048323 0.0 0.0
1129 -0.00393261048323 0.0 0.0
1130 -0.00393261048323 0.0 0.0
1131 -0.00393261048323 0.0 0.0
1132 -0.00393261048323 0.0 0.0
1133 -0.00393261048323 0.0 0.0
1134 -0.00393261048323 0.0 0.0
1135 -0.00393261048323 0.0 0.0
1136 -0.00393261048323 0.0 0.0
1137 -0.00393261048323 0.0 0.0
1138 -0.00393261048323 0.0 0.0
1139 -0.00393261048323 0.0 0.0
1140 -0.00393261048323 0.0 0.0
1141 -0.00393261048323 0.0 0.0
1142 -0.00393261048323 0.0 0.0
1143 -0.00393261048323 0.0 0.0
1144 -0.00393261048323 0.0 0.0
1145 -0.00393261048323 0.0 0.0
1146 -0.00393261048323 0.0 0.0
1147 -0.00393261048323 0.0 0.0
1148 -0.00393261048323 0.0 0.0
1149 -0.00393261048323 0.0 0.0
1150 -0.00393261048323 0.0 0.0
1151 -0.000937325963435 0.0 0.0
1152 -0.000937325963435 0.0 0.0
1153 -0.000937325963435 0.0 0.0
1154 -0.000937325963435 0.0 0.0
1155 -0.000937325963435 0.0 0.0
1156 -0.000937325963435 0.0 0.0
1157 -0.000937325963435 0.0 0.0
1158 -0.000937325963435 0.0 0.0
1159 -0.000937325963435 0.0 0.0
1160 -0.000937325963435 0.0 0.0
1161 -0.000937325963435 0.0 0.0
1162 -0.000937325963435 0.0 0.0
1163 -0.000937325963435 0.0 0.0
1164 -0.000937325963435 0.0 0.0
1165 -0.000937325963435 0.0 0.0
1166 -0.000937325963435 0.0 0.0
1167 -0.000937325963435 0.0 0.0
1168 -0.000937325963435 0.0 0.0
1169 -0.000937325963435 0.0 0.0
1170 -0.000937325963435 0.0 0.0
1171 -0.000937325963435 0.0 0.0
1172 -0.000937325963435 0.0 0.0
1173 -0.000937325963435 0.0 0.0
1174 -0.000937325963435 0.0 0.0
1175 -0.000937325963435 0.0 0.0
1176 -0.000937325963435 0.0 0.0
1177 -0.000937325963435 0.0 0.0
1178 -0.000937325963435 0.0 0.0
1179 -0.000937325963435 0.0 0.0
1180 -0.000937325963435 0.0 0.0
1181 -0.000937325963435 0.0 0.0
1182 -0.000937325963435 0.0 0.0
1183 -0.000937325963435 0.0 0.0
1184 -0.000937325963435 0.0 0.0
1185 -0.000937325963435 0.0 0.0
1186 -0.000937325963435 0.0 0.0
1187 -0.000937325963435 0.0 0.0
1188 -0.000937325963435 0.0 0.0
1189 -0.000937325963435 0.0 0.0
1190 -0.000937325963435 0.0 0.0
1191 -0.000937325963435 0.0 0.0
1192 -0.000937325963435 0.0 0.0
1193 -0.000937325963435 0.0 0.0
1194 -0.000937325963435 0.0 0.0
1195 -0.000937325963435 0.0 0.0
1196 -0.000937325963435 0.0 0.0
1197 -0.000937325963435 0.0 0.0
1198 -0.000937325963435 0.0 0.0
1199 -0.000937325963435 0.0 0.0
1200 -0.000937325963435 0.0 0.0
1201 -0.000937325963435 0.0 0.0
1202 -0.000937325963435 0.0 0.0
1203 -0.000937325963435 0.0 0.0
1204 -0.000937325963435 0.0 0.0
1205 -0.000937325963435 0.0 0.0
1206 -0.000937325963435 0.0 0.0
1207 -0.000937325963435 0.0 0.0
1208 -0.000937325963435 0.0 0.0
1209 -0.000937325963435 0.0 0.0
1210 -0.000937325963435 0.0 0.0
1211 -0.00390572956519 0.0 0.0
1212 -0.00390572956519 0.0 0.0
1213 -0.00390572956519 0.0 0.0
1214 -0.00390572956519 0.0 0.0
1215 -0.00390572956519 0.0 0.0
1216 -0.00390572956519 0.0 0.0
1217 -0.00390572956519 0.0 0.0
1218 -0.00390572956519 0.0 0.0
1219 -0.00390572956519 0.0 0.0
1220 -0.00390572956519 0.0 0.0
1221 -0.00390572956519 0.0 0.0
1222 -0.00390572956519 0.0 0.0
1223 -0.00390572956519 0.0 0.0
1224 -0.00390572956519 0.0 0.0
1225 -0.00390572956519 0.0 0.0
1226 -0.00390572956519 0.0 0.0
1227 -0.00390572956519 0.0 0.0
1228 -0.00390572956519 0.0 0.0
1229 -0.00390572956519 0.0 0.0
1230 -0.00390572956519 0.0 0.0
1231 -0.00390572956519 0.0 0.0
1232 -0.00390572956519 0.0 0.0
1233 -0.00390572956519 0.0 0.0
1234 -0.00390572956519 0.0 0.0
1235 -0.00390572956519 0.0 0.0
1236 -0.00390572956519 0.0 0.0
1237 -0.00390572956519 0.0 0.0
1238 -0.00390572956519 0.0 0.0
1239 -0.00390572956519 0.0 0.0
1240 -0.00390572956519 0.0 0.0
1241 -0.00390572956519 0.0 0.0
1242 -0.00390572956519 0.0 0.0
1243 -0.00390572956519 0.0 0.0
1244 -0.00390572956519 0.0 0.0
1245 -0.00390572956519 0.0 0.0
1246 -0.00390572956519 0.0 0.0
1247 -0.00390572956519 0.0 0.0
1248 -0.00390572956519 0.0 0.0
1249 -0.00390572956519 0.0 0.0
1250 -0.00390572956519 0.0 0.0
1251 -0.00390572956519 0.0 0.0
1252 -0.00390572956519 0.0 0.0
1253 -0.00390572956519 0.0 0.0
1254 -0.00390572956519 0.0 0.0
1255 -0.00390572956519 0.0 0.0
1256 -0.00390572956519 0.0 0.0
1257 -0.00390572956519 0.0 0.0
1258 -0.00390572956519 0.0 0.0
1259 -0.00390572956519 0.0 0.0
1260 -0.00390572956519 0.0 0.0
1261 -0.00390572956519 0.0 0.0
1262 -0.00390572956519 0.0 0.0
1263 -0.00390572956519 0.0 0.0
1264 -0.00390572956519 0.0 0.0
1265 -0.00390572956519 0.0 0.0
1266 -0.00390572956519 0.0 0.0
1267 -0.00390572956519 0.0 0.0
1268 -0.00390572956519 0.0 0.0
1269 -0.00390572956519 0.0 0.0
1270 -0.00390572956519 0.0 0.0
1271 0.00174098606541 0.0 0.0
1272 0.00174098606541 0.0 0.0
1273 0.00174098606541 0.0 0.0
1274 0.00174098606541 0.0 0.0
1275 0.00174098606541 0.0 0.0
1276 0.00174098606541 0.0 0.0
1277 0.00174098606541 0.0 0.0
1278 0.00174098606541 0.0 0.0
1279 0.00174098606541 0.0 0.0
1280 0.00174098606541 0.0 0.0
1281 0.00174098606541 0.0 0.0
1282 0.00174098606541 0.0 0.0
1283 0.00174098606541 0.0 0.0
1284 0.00174098606541 0.0 0.0
1285 0.00174098606541 0.0 0.0
1286 0.00174098606541 0.0 0.0
1287 0.00174098606541 0.0 0.0
1288 0.00174098606541 0.0 0.0
1289 0.00174098606541 0.0 0.0
1290 0.00174098606541 0.0 0.0
1291 0.00174098606541 0.0 0.0
1292 0.00174098606541 0.0 0.0
1293 0.00174098606541 0.0 0.0
1294 0.00174098606541 0.0 0.0
1295 0.00174098606541 0.0 0.0
1296 0.00174098606541 0.0 0.0
1297 0.00174098606541 0.0 0.0
1298 0.00174098606541 0.0 0.0
1299 0.00174098606541 0.0 0.0
1300 0.00174098606541 0.0 0.0
1301 0.00174098606541 0.0 0.0
1302 0.00174098606541 0.0 0.0
1303 0.00174098606541 0.0 0.0
1304 0.00174098606541 0.0 0.0
1305 0.00174098606541 0.0 0.0
1306 0.00174098606541 0.0 0.0
1307 0.00174098606541 0.0 0.0
1308 0.00174098606541 0.0 0.0
1309 0.00174098606541 0.0 0.0
1310 0.00174098606541 0.0 0.0
1311 0.00174098606541 0.0 0.0
1312 0.00174098606541 0.0 0.0
1313 0.00174098606541 0.0 0.0
1314 0.00174098606541 0.0 0.0
1315 0.00174098606541 0.0 0.0
1316 0.00174098606541 0.0 0.0
1317 0.00174098606541 0.0 0.0
1318 0.00174098606541 0.0 0.0
1319 0.00174098606541 0.0 0.0
1320 0.00174098606541 0.0 0.0
1321 0.00174098606541 0.0 0.0
1322 0.00174098606541 0.0 0.0
1323 0.00174098606541 0.0 0.0
1324 0.00174098606541 0.0 0.0
1325 0.00174098606541 0.0 0.0
1326 0.00174098606541 0.0 0.0
1327 0.00174098606541 0.0 0.0
1328 0.00174098606541 0.0 0.0
1329 0.00174098606541 0.0 0.0
1330 0.00174098606541 0.0 0.0
1331 -0.00425388718073 0.0 0.0
1332 -0.00425388718073 0.0 0.0
1333 -0.00425388718073 0.0 0.0
1334 -0.00425388718073 0.0 0.0
1335 -0.00425388718073 0.0 0.0
1336 -0.00425388718073 0.0 0.0
1337 -0.00425388718073 0.0 0.0
1338 -0.00425388718073 0.0 0.0
1339 -0.00425388718073 0.0 0.0
1340 -0.00425388718073 0.0 0.0
1341 -0.00425388718073 0.0 0.0
1342 -0.00425388718073 0.0 0.0
1343 -0.00425388718073 0.0 0.0
1344 -0.00425388718073 0.0 0.0
1345 -0.00425388718073 0.0 0.0
1346 -0.00425388718073 0.0 0.0
1347 -0.00425388718073 0.0 0.0
1348 -0.00425388718073 0.0 0.0
1349 -0.00425388718073 0.0 0.0
1350 -0.00425388718073 0.0 0.0
1351 -0.00425388718073 0.0 0.0
1352 -0.00425388718073 0.0 0.0
1353 -0.00425388718073 0.0 0.0
1354 -0.00425388718073 0.0 0.0
1355 -0.00425388718073 0.0 0.0
1356 -0.00425388718073 0.0 0.0
1357 -0.00425388718073 0.0 0.0
1358 -0.00425388718073 0.0 0.0
1359 -0.00425388718073 0.0 0.0
1360 -0.00425388718073 0.0 0.0
1361 -0.00425388718073 0.0 0.0
1362 -0.00425388718073 0.0 0.0
1363 -0.00425388718073 0.0 0.0
1364 -0.00425388718073 0.0 0.0
1365 -0.00425388718073 0.0 0.0
1366 -0.00425388718073 0.0 0.0
1367 -0.00425388718073 0.0 0.0
1368 -0.00425388718073 0.0 0.0
1369 -0.00425388718073 0.0 0.0
1370 -0.00425388718073 0.0 0.0
1371 -0.00425388718073 0.0 0.0
1372 -0.00425388718073 0.0 0.0
1373 -0.00425388718073 0.0 0.0
1374 -0.00425388718073 0.0 0.0
1375 -0.00425388718073 0.0 0.0
1376 -0.00425388718073 0.0 0.0
1377 -0.00425388718073 0.0 0.0
1378 -0.00425388718073 0.0 0.0
1379 -0.00425388718073 0.0 0.0
1380 -0.00425388718073 0.0 0.0
1381 -0.00425388718073 0.0 0.0
1382 -0.00425388718073 0.0 0.0
1383 -0.00425388718073 0.0 0.0
1384 -0.00425388718073 0.0 0.0
1385 -0.00425388718073 0.0 0.0
1386 -0.00425388718073 0.0 0.0
1387 -0.00425388718073 0.0 0.0
1388 -0.00425388718073 0.0 0.0
1389 -0.00425388718073 0.0 0.0
1390 -0.00425388718073 0.0 0.0
1391 -0.00325697026614 0.0 0.0
1392 -0.00325697026614 0.0 0.0
1393 -0.00325697026614 0.0 0.0
1394 -0.00325697026614 0.0 0.0
1395 -0.00325697026614 0.0 0.0
1396 -0.00325697026614 0.0 0.0
1397 -0.00325697026614 0.0 0.0
1398 -0.00325697026614 0.0 0.0
1399 -0.00325697026614 0.0 0.0
1400 -0.00325697026614 0.0 0.0
1401 -0.00325697026614 0.0 0.0
1402 -0.00325697026614 0.0 0.0
1403 -0.00325697026614 0.0 0.0
1404 -0.00325697026614 0.0 0.0
1405 -0.00325697026614 0.0 0.0
1406 -0.00325697026614 0.0 0.0
1407 -0.00325697026614 0.0 0.0
1408 -0.00325697026614 0.0 0.0
1409 -0.00325697026614 0.0 0.0
1410 -0.00325697026614 0.0 0.0
1411 -0.00325697026614 0.0 0.0
1412 -0.00325697026614 0.0 0.0
1413 -0.00325697026614 0.0 0.0
1414 -0.00325697026614 0.0 0.0
1415 -0.00325697026614 0.0 0.0
1416 -0.00325697026614 0.0 0.0
1417 -0.00325697026614 0.0 0.0
1418 -0.00325697026614 0.0 0.0
1419 -0.00325697026614 0.0 0.0
1420 -0.00325697026614 0.0 0.0
1421 -0.00325697026614 0.0 0.0
1422 -0.00325697026614 0.0 0.0
1423 -0.00325697026614 0.0 0.0
1424 -0.00325697026614 0.0 0.0
1425 -0.00325697026614 0.0 0.0
1426 -0.00325697026614 0.0 0.0
1427 -0.00325697026614 0.0 0.0
1428 -0.00325697026614 0.0 0.0
1429 -0.00325697026614 0.0 0.0
1430 -0.00325697026614 0.0 0.0
1431 -0.00325697026614 0.0 0.0
1432 -0.00325697026614 0.0 0.0
1433 -0.00325697026614 0.0 0.0
1434 -0.00325697026614 0.0 0.0
1435 -0.00325697026614 0.0 0.0
1436 -0.00325697026614 0.0 0.0
1437 -0.00325697026614 0.0 0.0
1438 -0.00325697026614 0.0 0.0
1439 -0.00325697026614 0.0 0.0
1440 -0.00325697026614 0.0 0.0
1441 -0.00325697026614 0.0 0.0
1442 -0.00325697026614 0.0 0.0
1443 -0.00325697026614 0.0 0.0
1444 -0.00325697026614 0.0 0.0
1445 -0.00325697026614 0.0 0.0
1446 -0.00325697026614 0.0 0.0
1447 -0.00325697026614 0.0 0.0
1448 -0.00325697026614 0.0 0.0
1449 -0.00325697026614 0.0 0.0
1450 -0.00325697026614 0.0 0.0
1451 -0.00716260937297 0.0 0.0
1452 -0.00716260937297 0.0 0.0
1453 -0.00716260937297 0.0 0.0
1454 -0.00716260937297 0.0 0.0
1455 -0.00716260937297 0.0 0.0
1456 -0.00716260937297 0.0 0.0
1457 -0.00716260937297 0.0 0.0
1458 -0.00716260937297 0.0 0.0
1459 -0.00716260937297 0.0 0.0
1460 -0.00716260937297 0.0 0.0
1461 -0.00716260937297 0.0 0.0
1462 -0.00716260937297 0.0 0.0
1463 -0.00716260937297 0.0 0.0
1464 -0.00716260937297 0.0 0.0
1465 -0.00716260937297 0.0 0.0
1466 -0.00716260937297 0.0 0.0
1467 -0.00716260937297 0.0 0.0
1468 -0.00716260937297 0.0 0.0
1469 -0.00716260937297 0.0 0.0
1470 -0.00716260937297 0.0 0.0
1471 -0.00716260937297 0.0 0.0
1472 -0.00716260937297 0.0 0.0
1473 -0.00716260937297 0.0 0.0
1474 -0.00716260937297 0.0 0.0
1475 -0.00716260937297 0.0 0.0
1476 -0.00716260937297 0.0 0.0
1477 -0.00716260937297 0.0 0.0
1478 -0.00716260937297 0.0 0.0
1479 -0.00716260937297 0.0 0.0
1480 -0.00716260937297 0.0 0.0
1481 -0.00716260937297 0.0 0.0
1482 -0.00716260937297 0.0 0.0
1483 -0.00716260937297 0.0 0.0
1484 -0.00716260937297 0.0 0.0
1485 -0.00716260937297 0.0 0.0
1486 -0.00716260937297 0.0 0.0
1487 -0.00716260937297 0.0 0.0
1488 -0.00716260937297 0.0 0.0
1489 -0.00716260937297 0.0 0.0
1490 -0.00716260937297 0.0 0.0
1491 -0.00716260937297 0.0 0.0
1492 -0.00716260937297 0.0 0.0
1493 -0.00716260937297 0.0 0.0
1494 -0.00716260937297 0.0 0.0
1495 -0.00716260937297 0.0 0.0
1496 -0.00716260937297 0.0 0.0
1497 -0.00716260937297 0.0 0.0
1498 -0.00716260937297 0.0 0.0
1499 -0.00716260937297 0.0 0.0
1500 -0.00716260937297 0.0 0.0
1501 -0.00716260937297 0.0 0.0
1502 -0.00716260937297 0.0 0.0
1503 -0.00716260937297 0.0 0.0
1504 -0.00716260937297 0.0 0.0
1505 -0.00716260937297 0.0 0.0
1506 -0.00716260937297 0.0 0.0
1507 -0.00716260937297 0.0 0.0
1508 -0.00716260937297 0.0 0.0
1509 -0.00716260937297 0.0 0.0
1510 -0.00716260937297 0.0 0.0
1511 -0.00502165504916 0.0 0.0
1512 -0.00502165504916 0.0 0.0
1513 -0.00502165504916 0.0 0.0
1514 -0.00502165504916 0.0 0.0
1515 -0.00502165504916 0.0 0.0
1516 -0.00502165504916 0.0 0.0
1517 -0.00502165504916 0.0 0.0
1518 -0.00502165504916 0.0 0.0
1519 -0.00502165504916 0.0 0.0
1520 -0.00502165504916 0.0 0.0
1521 -0.00502165504916 0.0 0.0
1522 -0.00502165504916 0.0 0.0
1523 -0.00502165504916 0.0 0.0
1524 -0.00502165504916 0.0 0.0
1525 -0.00502165504916 0.0 0.0
1526 -0.00502165504916 0.0 0.0
1527 -0.00502165504916 0.0 0.0
1528 -0.00502165504916 0.0 0.0
1529 -0.00502165504916 0.0 0.0
1530 -0.00502165504916 0.0 0.0
1531 -0.00502165504916 0.0 0.0
1532 -0.00502165504916 0.0 0.0
1533 -0.00502165504916 0.0 0.0
1534 -0.00502165504916 0.0 0.0
1535 -0.00502165504916 0.0 0.0
1536 -0.00502165504916 0.0 0.0
1537 -0.00502165504916 0.0 0.0
1538 -0.00502165504916 0.0 0.0
1539 -0.00502165504916 0.0 0.0
1540 -0.00502165504916 0.0 0.0
1541 -0.00502165504916 0.0 0.0
1542 -0.00502165504916 0.0 0.0
1543 -0.00502165504916 0.0 0.0
1544 -0.00502165504916 0.0 0.0
1545 -0.00502165504916 0.0 0.0
1546 -0.00502165504916 0.0 0.0
1547 -0.00502165504916 0.0 0.0
1548 -0.00502165504916 0.0 0.0
1549 -0.00502165504916 0.0 0.0
1550 -0.00502165504916 0.0 0.0
1551 -0.00502165504916 0.0 0.0
1552 -0.00502165504916 0.0 0.0
1553 -0.00502165504916 0.0 0.0
1554 -0.00502165504916 0.0 0.0
1555 -0.00502165504916 0.0 0.0
1556 -0.00502165504916 0.0 0.0
1557 -0.00502165504916 0.0 0.0
1558 -0.00502165504916 0.0 0.0
1559 -0.00502165504916 0.0 0.0
1560 -0.00502165504916 0.0 0.0
1561 -0.00502165504916 0.0 0.0
1562 -0.00502165504916 0.0 0.0
1563 -0.00502165504916 0.0 0.0
1564 -0.00502165504916 0.0 0.0
1565 -0.00502165504916 0.0 0.0
1566 -0.00502165504916 0.0 0.0
1567 -0.00502165504916 0.0 0.0
1568 -0.00502165504916 0.0 0.0
1569 -0.00502165504916 0.0 0.0
1570 -0.00502165504916 0.0 0.0
1571 -0.00367425740229 0.0 0.0
1572 -0.00367425740229 0.0 0.0
1573 -0.00367425740229 0.0 0.0
1574 -0.00367425740229 0.0 0.0
1575 -0.00367425740229 0.0 0.0
1576 -0.00367425740229 0.0 0.0
1577 -0.00367425740229 0.0 0.0
1578 -0.00367425740229 0.0 0.0
1579 -0.00367425740229 0.0 0.0
1580 -0.00367425740229 0.0 0.0
1581 -0.00367425740229 0.0 0.0
1582 -0.00367425740229 0.0 0.0
1583 -0.00367425740229 0.0 0.0
1584 -0.00367425740229 0.0 0.0
1585 -0.00367425740229 0.0 0.0
1586 -0.00367425740229 0.0 0.0
1587 -0.00367425740229 0.0 0.0
1588 -0.00367425740229 0.0 0.0
1589 -0.00367425740229 0.0 0.0
1590 -0.00367425740229 0.0 0.0
1591 -0.00367425740229 0.0 0.0
1592 -0.00367425740229 0.0 0.0
1593 -0.00367425740229 0.0 0.0
1594 -0.00367425740229 0.0 0.0
1595 -0.00367425740229 0.0 0.0
1596 -0.00367425740229 0.0 0.0
1597 -0.00367425740229 0.0 0.0
1598 -0.00367425740229 0.0 0.0
1599 -0.00367425740229 0.0 0.0
1600 -0.00367425740229 0.0 0.0
1601 -0.00367425740229 0.0 0.0
1602 -0.00367425740229 0.0 0.0
1603 -0.00367425740229 0.0 0.0
1604 -0.00367425740229 0.0 0.0
1605 -0.00367425740229 0.0 0.0
1606 -0.00367425740229 0.0 0.0
1607 -0.00367425740229 0.0 0.0
1608 -0.00367425740229 0.0 0.0
1609 -0.00367425740229 0.0 0.0
1610 -0.00367425740229 0.0 0.0
1611 -0.00367425740229 0.0 0.0
1612 -0.00367425740229 0.0 0.0
1613 -0.00367425740229 0.0 0.0
1614 -0.00367425740229 0.0 0.0
1615 -0.00367425740229 0.0 0.0
1616 -0.00367425740229 0.0 0.0
1617 -0.00367425740229 0.0 0.0
1618 -0.00367425740229 0.0 0.0
1619 -0.00367425740229 0.0 0.0
1620 -0.00367425740229 0.0 0.0
1621 -0.00367425740229 0.0 0.0
1622 -0.00367425740229 0.0 0.0
1623 -0.00367425740229 0.0 0.0
1624 -0.00367425740229 0.0 0.0
1625 -0.00367425740229 0.0 0.0
1626 -0.00367425740229 0.0 0.0
1627 -0.00367425740229 0.0 0.0
1628 -0.00367425740229 0.0 0.0
1629 -0.00367425740229 0.0 0.0
1630 -0.00367425740229 0.0 0.0
1631 -0.00367425740229 0.0 0.0
1632 -0.00367425740229 0.0 0.0
1633 -0.00367425740229 0.0 0.0
1634 -0.00367425740229 0.0 0.0
1635 -0.00367425740229 0.0 0.0
1636 -0.00367425740229 0.0 0.0
1637 -0.00367425740229 0.0 0.0
1638 -0.00367425740229 0.0 0.0
1639 -0.00367425740229 0.0 0.0
1640 -0.00367425740229 0.0 0.0
1641 -0.00367425740229 0.0 0.0
1642 -0.00367425740229 0.0 0.0
1643 -0.00367425740229 0.0 0.0
1644 -0.00367425740229 0.0 0.0
1645 -0.00367425740229 0.0 0.0
1646 -0.00367425740229 0.0 0.0
1647 -0.00367425740229 0.0 0.0
1648 -0.00367425740229 0.0 0.0
1649 -0.00367425740229 0.0 0.0
1650 -0.00367425740229 0.0 0.0
1651 -0.00366044865538 0.0 0.0
1652 -0.00366044865538 0.0 0.0
1653 -0.00366044865538 0.0 0.0
1654 -0.00366044865538 0.0 0.0
1655 -0.00366044865538 0.0 0.0
1656 -0.00366044865538 0.0 0.0
1657 -0.00366044865538 0.0 0.0
1658 -0.00366044865538 0.0 0.0
1659 -0.00366044865538 0.0 0.0
1660 -0.00366044865538 0.0 0.0
1661 -0.00366044865538 0.0 0.0
1662 -0.00366044865538 0.0 0.0
1663 -0.00366044865538 0.0 0.0
1664 -0.00366044865538 0.0 0.0
1665 -0.00366044865538 0.0 0.0
1666 -0.00366044865538 0.0 0.0
1667 -0.00366044865538 0.0 0.0
1668 -0.00366044865538 0.0 0.0
1669 -0.00366044865538 0.0 0.0
1670 -0.00366044865538 0.0 0.0
1671 -0.00366044865538 0.0 0.0
1672 -0.00366044865538 0.0 0.0
1673 -0.00366044865538 0.0 0.0
1674 -0.00366044865538 0.0 0.0
1675 -0.00366044865538 0.0 0.0
1676 -0.00366044865538 0.0 0.0
1677 -0.00366044865538 0.0 0.0
1678 -0.00366044865538 0.0 0.0
1679 -0.00366044865538 0.0 0.0
1680 -0.00366044865538 0.0 0.0
1681 -0.00366044865538 0.0 0.0
1682 -0.00366044865538 0.0 0.0
1683 -0.00366044865538 0.0 0.0
1684 -0.00366044865538 0.0 0.0
1685 -0.00366044865538 0.0 0.0
1686 -0.00366044865538 0.0 0.0
1687 -0.00366044865538 0.0 0.0
1688 -0.00366044865538 0.0 0.0
1689 -0.00366044865538 0.0 0.0
1690 -0.00366044865538 0.0 0.0
1691 -0.00366044865538 0.0 0.0
1692 -0.00366044865538 0.0 0.0
1693 -0.00366044865538 0.0 0.0
1694 -0.00366044865538 0.0 0.0
1695 -0.00366044865538 0.0 0.0
1696 -0.00366044865538 0.0 0.0
1697 -0.00366044865538 0.0 0.0
1698 -0.00366044865538 0.0 0.0
1699 -0.00366044865538 0.0 0.0
1700 -0.00366044865538 0.0 0.0
1701 -0.00366044865538 0.0 0.0
1702 -0.00366044865538 0.0 0.0
1703 -0.00366044865538 0.0 0.0
1704 -0.00366044865538 0.0 0.0
1705 -0.00366044865538 0.0 0.0
1706 -0.00366044865538 0.0 0.0
1707 -0.00366044865538 0.0 0.0
1708 -0.00366044865538 0.0 0.0
1709 -0.00366044865538 0.0 0.0
1710 -0.00366044865538 0.0 0.0
1711 -0.00366044865538 0.0 0.0
1712 -0.00366044865538 0.0 0.0
1713 -0.00366044865538 0.0 0.0
1714 -0.00366044865538 0.0 0.0
1715 -0.00366044865538 0.0 0.0
1716 -0.00366044865538 0.0 0.0
1717 -0.00366044865538 0.0 0.0
1718 -0.00366044865538 0.0 0.0
1719 -0.00366044865538 0.0 0.0
1720 -0.00366044865538 0.0 0.0
1721 -0.00366044865538 0.0 0.0
1722 -0.00366044865538 0.0 0.0
1723 -0.00366044865538 0.0 0.0
1724 -0.00366044865538 0.0 0.0
1725 -0.00366044865538 0.0 0.0
1726 -0.00366044865538 0.0 0.0
1727 -0.00366044865538 0.0 0.0
1728 -0.00366044865538 0.0 0.0
1729 -0.00366044865538 0.0 0.0
1730 -0.00366044865538 0.0 0.0
1731 -0.00366044865538 0.0 0.0
1732 -0.00366044865538 0.0 0.0
1733 -0.00366044865538 0.0 0.0
1734 -0.00366044865538 0.0 0.0
1735 -0.00366044865538 0.0 0.0
1736 -0.00366044865538 0.0 0.0
1737 -0.00366044865538 0.0 0.0
1738 -0.00366044865538 0.0 0.0
1739 -0.00366044865538 0.0 0.0
1740 -0.00366044865538 0.0 0.0
1741 -0.00366044865538 0.0 0.0
1742 -0.00366044865538 0.0 0.0
1743 -0.00366044865538 0.0 0.0
1744 -0.00366044865538 0.0 0.0
1745 -0.00366044865538 0.0 0.0
1746 -0.00366044865538 0.0 0.0
1747 -0.00366044865538 0.0 0.0
1748 -0.00366044865538 0.0 0.0
1749 -0.00366044865538 0.0 0.0
1750 -0.00366044865538 0.0 0.0
1751 -0.00370240196228 0.0 0.0
1752 -0.00370240196228 0.0 0.0
1753 -0.00370240196228 0.0 0.0
1754 -0.00370240196228 0.0 0.0
1755 -0.00370240196228 0.0 0.0
1756 -0.00370240196228 0.0 0.0
1757 -0.00370240196228 0.0 0.0
1758 -0.00370240196228 0.0 0.0
1759 -0.00370240196228 0.0 0.0
1760 -0.00370240196228 0.0 0.0
1761 -0.00370240196228 0.0 0.0
1762 -0.00370240196228 0.0 0.0
1763 -0.00370240196228 0.0 0.0
1764 -0.00370240196228 0.0 0.0
1765 -0.00370240196228 0.0 0.0
1766 -0.00370240196228 0.0 0.0
1767 -0.00370240196228 0.0 0.0
1768 -0.00370240196228 0.0 0.0
1769 -0.00370240196228 0.0 0.0
1770 -0.00370240196228 0.0 0.0
1771 -0.00370240196228 0.0 0.0
1772 -0.00370240196228 0.0 0.0
1773 -0.00370240196228 0.0 0.0
1774 -0.00370240196228 0.0 0.0
1775 -0.00370240196228 0.0 0.0
1776 -0.00370240196228 0.0 0.0
1777 -0.00370240196228 0.0 0.0
1778 -0.00370240196228 0.0 0.0
1779 -0.00370240196228 0.0 0.0
1780 -0.00370240196228 0.0 0.0
1781 -0.00370240196228 0.0 0.0
1782 -0.00370240196228 0.0 0.0
1783 -0.00370240196228 0.0 0.0
1784 -0.00370240196228 0.0 0.0
1785 -0.00370240196228 0.0 0.0
1786 -0.00370240196228 0.0 0.0
1787 -0.00370240196228 0.0 0.0
1788 -0.00370240196228 0.0 0.0
1789 -0.00370240196228 0.0 0.0
1790 -0.00370240196228 0.0 0.0
1791 -0.00370240196228 0.0 0.0
1792 -0.00370240196228 0.0 0.0
1793 -0.00370240196228 0.0 0.0
1794 -0.00370240196228 0.0 0.0
1795 -0.00370240196228 0.0 0.0
1796 -0.00370240196228 0.0 0.0
1797 -0.00370240196228 0.0 0.0
1798 -0.00370240196228 0.0 0.0
1799 -0.00370240196228 0.0 0.0
1800 -0.00370240196228 0.0 0.0
1801 -0.00370240196228 0.0 0.0
1802 -0.00370240196228 0.0 0.0
1803 -0.00370240196228 0.0 0.0
1804 -0.00370240196228 0.0 0.0
1805 -0.00370240196228 0.0 0.0
1806 -0.00370240196228 0.0 0.0
1807 -0.00370240196228 0.0 0.0
1808 -0.00370240196228 0.0 0.0
1809 -0.00370240196228 0.0 0.0
1810 -0.00370240196228 0.0 0.0
1811 -0.00370240196228 0.0 0.0
1812 -0.00370240196228 0.0 0.0
1813 -0.00370240196228 0.0 0.0
1814 -0.00370240196228 0.0 0.0
1815 -0.00370240196228 0.0 0.0
1816 -0.00370240196228 0.0 0.0
1817 -0.00370240196228 0.0 0.0
1818 -0.00370240196228 0.0 0.0
1819 -0.00370240196228 0.0 0.0
1820 -0.00370240196228 0.0 0.0
1821 -0.00370240196228 0.0 0.0
1822 -0.00370240196228 0.0 0.0
1823 -0.00370240196228 0.0 0.0
1824 -0.00370240196228 0.0 0.0
1825 -0.00370240196228 0.0 0.0
1826 -0.00370240196228 0.0 0.0
1827 -0.00370240196228 0.0 0.0
1828 -0.00370240196228 0.0 0.0
1829 -0.00370240196228 0.0 0.0
1830 -0.00370240196228 0.0 0.0
1831 -0.00370240196228 0.0 0.0
1832 -0.00370240196228 0.0 0.0
1833 -0.00370240196228 0.0 0.0
1834 -0.00370240196228 0.0 0.0
1835 -0.00370240196228 0.0 0.0
1836 -0.00370240196228 0.0 0.0
1837 -0.00370240196228 0.0 0.0
1838 -0.00370240196228 0.0 0.0
1839 -0.00370240196228 0.0 0.0
1840 -0.00370240196228 0.0 0.0
1841 -0.00370240196228 0.0 0.0
1842 -0.00370240196228 0.0 0.0
1843 -0.00370240196228 0.0 0.0
1844 -0.00370240196228 0.0 0.0
1845 -0.00370240196228 0.0 0.0
1846 -0.00370240196228 0.0 0.0
1847 -0.00370240196228 0.0 0.0
1848 -0.00370240196228 0.0 0.0
1849 -0.00370240196228 0.0 0.0
1850 -0.00370240196228 0.0 0.0
1851 0.00354264995827 0.0 0.0
1852 0.00354264995827 0.0 0.0
1853 0.00354264995827 0.0 0.0
1854 0.00354264995827 0.0 0.0
1855 0.00354264995827 0.0 0.0
1856 0.00354264995827 0.0 0.0
1857 0.00354264995827 0.0 0.0
1858 0.00354264995827 0.0 0.0
1859 0.00354264995827 0.0 0.0
1860 0.00354264995827 0.0 0.0
1861 0.00354264995827 0.0 0.0
1862 0.00354264995827 0.0 0.0
1863 0.00354264995827 0.0 0.0
1864 0.00354264995827 0.0 0.0
1865 0.00354264995827 0.0 0.0
1866 0.00354264995827 0.0 0.0
1867 0.00354264995827 0.0 0.0
1868 0.00354264995827 0.0 0.0
1869 0.00354264995827 0.0 0.0
1870 0.00354264995827 0.0 0.0
1871 0.00354264995827 0.0 0.0
1872 0.00354264995827 0.0 0.0
1873 0.00354264995827 0.0 0.0
1874 0.00354264995827 0.0 0.0
1875 0.00354264995827 0.0 0.0
1876 0.00354264995827 0.0 0.0
1877 0.00354264995827 0.0 0.0
1878 0.00354264995827 0.0 0.0
1879 0.00354264995827 0.0 0.0
1880 0.00354264995827 0.0 0.0
1881 0.00354264995827 0.0 0.0
1882 0.00354264995827 0.0 0.0
1883 0.00354264995827 0.0 0.0
1884 0.00354264995827 0.0 0.0
1885 0.00354264995827 0.0 0.0
1886 0.00354264995827 0.0 0.0
1887 0.00354264995827 0.0 0.0
1888 0.00354264995827 0.0 0.0
1889 0.00354264995827 0.0 0.0
1890 0.00354264995827 0.0 0.0
1891 0.00354264995827 0.0 0.0
1892 0.00354264995827 0.0 0.0
1893 0.00354264995827 0.0 0.0
1894 0.00354264995827 0.0 0.0
1895 0.00354264995827 0.0 0.0
1896 0.00354264995827 0.0 0.0
1897 0.00354264995827 0.0 0.0
1898 0.00354264995827 0.0 0.0
1899 0.00354264995827 0.0 0.0
1900 0.00354264995827 0.0 0.0
1901 0.00354264995827 0.0 0.0
1902 0.00354264995827 0.0 0.0
1903 0.00354264995827 0.0 0.0
1904 0.00354264995827 0.0 0.0
1905 0.00354264995827 0.0 0.0
1906 0.00354264995827 0.0 0.0
1907 0.00354264995827 0.0 0.0
1908 0.00354264995827 0.0 0.0
1909 0.00354264995827 0.0 0.0
1910 0.00354264995827 0.0 0.0
1911 0.00354264995827 0.0 0.0
1912 0.00354264995827 0.0 0.0
1913 0.00354264995827 0.0 0.0
1914 0.00354264995827 0.0 0.0
1915 0.00354264995827 0.0 0.0
1916 0.00354264995827 0.0 0.0
1917 0.00354264995827 0.0 0.0
1918 0.00354264995827 0.0 0.0
1919 0.00354264995827 0.0 0.0
1920 0.00354264995827 0.0 0.0
1921 0.00354264995827 0.0 0.0
1922 0.00354264995827 0.0 0.0
1923 0.00354264995827 0.0 0.0
1924 0.00354264995827 0.0 0.0
1925 0.00354264995827 0.0 0.0
1926 0.00354264995827 0.0 0.0
1927 0.00354264995827 0.0 0.0
1928 0.00354264995827 0.0 0.0
1929 0.00354264995827 0.0 0.0
1930 0.00354264995827 0.0 0.0
1931 0.00354264995827 0.0 0.0
1932 0.00354264995827 0.0 0.0
1933 0.00354264995827 0.0 0.0
1934 0.00354264995827 0.0 0.0
1935 0.00354264995827 0.0 0.0
1936 0.00354264995827 0.0 0.0
1937 0.00354264995827 0.0 0.0
1938 0.00354264995827 0.0 0.0
1939 0.00354264995827 0.0 0.0
1940 0.00354264995827 0.0 0.0
1941 0.00354264995827 0.0 0.0
1942 0.00354264995827 0.0 0.0
1943 0.00354264995827 0.0 0.0
1944 0.00354264995827 0.0 0.0
1945 0.00354264995827 0.0 0.0
1946 0.00354264995827 0.0 0.0
1947 0.00354264995827 0.0 0.0
1948 0.00354264995827 0.0 0.0
1949 0.00354264995827 0.0 0.0
1950 0.00354264995827 0.0 0.0
1951 0.00349190877712 0.0 0.0
1952 0.00349190877712 0.0 0.0
1953 0.00349190877712 0.0 0.0
1954 0.00349190877712 0.0 0.0
1955 0.00349190877712 0.0 0.0
1956 0.00349190877712 0.0 0.0
1957 0.00349190877712 0.0 0.0
1958 0.00349190877712 0.0 0.0
1959 0.00349190877712 0.0 0.0
1960 0.00349190877712 0.0 0.0
1961 0.00349190877712 0.0 0.0
1962 0.00349190877712 0.0 0.0
1963 0.00349190877712 0.0 0.0
1964 0.00349190877712 0.0 0.0
1965 0.00349190877712 0.0 0.0
1966 0.00349190877712 0.0 0.0
1967 0.00349190877712 0.0 0.0
1968 0.00349190877712 0.0 0.0
1969 0.00349190877712 0.0 0.0
1970 0.00349190877712 0.0 0.0
1971 0.00349190877712 0.0 0.0
1972 0.00349190877712 0.0 0.0
1973 0.00349190877712 0.0 0.0
1974 0.00349190877712 0.0 0.0
1975 0.00349190877712 0.0 0.0
1976 0.00349190877712 0.0 0.0
1977 0.00349190877712 0.0 0.0
1978 0.00349190877712 0.0 0.0
1979 0.00349190877712 0.0 0.0
1980 0.00349190877712 0.0 0.0
1981 0.00349190877712 0.0 0.0
1982 0.00349190877712 0.0 0.0
1983 0.00349190877712 0.0 0.0
1984 0.00349190877712 0.0 0.0
1985 0.00349190877712 0.0 0.0
1986 0.00349190877712 0.0 0.0
1987 0.00349190877712 0.0 0.0
1988 0.00349190877712 0.0 0.0
1989 0.00349190877712 0.0 0.0
1990 0.00349190877712 0.0 0.0
1991 0.00349190877712 0.0 0.0
1992 0.00349190877712 0.0 0.0
1993 0.00349190877712 0.0 0.0
1994 0.00349190877712 0.0 0.0
1995 0.00349190877712 0.0 0.0
1996 0.00349190877712 0.0 0.0
1997 0.00349190877712 0.0 0.0
1998 0.00349190877712 0.0 0.0
1999 0.00349190877712 0.0 0.0
2000 0.00349190877712 0.0 0.0
2001 0.00349190877712 0.0 0.0
2002 0.00349190877712 0.0 0.0
2003 0.00349190877712 0.0 0.0
2004 0.00349190877712 0.0 0.0
2005 0.00349190877712 0.0 0.0
2006 0.00349190877712 0.0 0.0
2007 0.00349190877712 0.0 0.0
2008 0.00349190877712 0.0 0.0
2009 0.00349190877712 0.0 0.0
2010 0.00349190877712 0.0 0.0
2011 0.00349190877712 0.0 0.0
2012 0.00349190877712 0.0 0.0
2013 0.00349190877712 0.0 0.0
2014 0.00349190877712 0.0 0.0
2015 0.00349190877712 0.0 0.0
2016 0.00349190877712 0.0 0.0
2017 0.00349190877712 0.0 0.0
2018 0.00349190877712 0.0 0.0
2019 0.00349190877712 0.0 0.0
2020 0.00349190877712 0.0 0.0
2021 0.00349190877712 0.0 0.0
2022 0.00349190877712 0.0 0.0
2023 0.00349190877712 0.0 0.0
2024 0.00349190877712 0.0 0.0
2025 0.00349190877712 0.0 0.0
2026 0.00349190877712 0.0 0.0
2027 0.00349190877712 0.0 0.0
2028 0.00349190877712 0.0 0.0
2029 0.00349190877712 0.0 0.0
2030 0.00349190877712 0.0 0.0
2031 0.00349190877712 0.0 0.0
2032 0.00349190877712 0.0 0.0
2033 0.00349190877712 0.0 0.0
2034 0.00349190877712 0.0 0.0
2035 0.00349190877712 0.0 0.0
2036 0.00349190877712 0.0 0.0
2037 0.00349190877712 0.0 0.0
2038 0.00349190877712 0.0 0.0
2039 0.00349190877712 0.0 0.0
2040 0.00349190877712 0.0 0.0
2041 0.00349190877712 0.0 0.0
2042 0.00349190877712 0.0 0.0
2043 0.00349190877712 0.0 0.0
2044 0.00349190877712 0.0 0.0
2045 0.00349190877712 0.0 0.0
2046 0.00349190877712 0.0 0.0
2047 0.00349190877712 0.0 0.0
2048 0.00349190877712 0.0 0.0
2049 0.00349190877712 0.0 0.0
2050 0.00349190877712 0.0 0.0
2051 0.00349190877712 0.0 0.0
2052 0.00349190877712 0.0 0.0
2053 0.00349190877712 0.0 0.0
2054 0.00349190877712 0.0 0.0
2055 0.00349190877712 0.0 0.0
2056 0.00349190877712 0.0 0.0
2057 0.00349190877712 0.0 0.0
2058 0.00349190877712 0.0 0.0
2059 0.00349190877712 0.0 0.0
2060 0.00349190877712 0.0 0.0
2061 0.00349190877712 0.0 0.0
2062 0.00349190877712 0.0 0.0
2063 0.00349190877712 0.0 0.0
2064 0.00349190877712 0.0 0.0
2065 0.00349190877712 0.0 0.0
2066 0.00349190877712 0.0 0.0
2067 0.00349190877712 0.0 0.0
2068 0.00349190877712 0.0 0.0
2069 0.00349190877712 0.0 0.0
2070 0.00349190877712 0.0 0.0
2071 0.00349190877712 0.0 0.0
2072 0.00349190877712 0.0 0.0
2073 0.00349190877712 0.0 0.0
2074 0.00349190877712 0.0 0.0
2075 0.00349190877712 0.0 0.0
2076 0.00349190877712 0.0 0.0
2077 0.00349190877712 0.0 0.0
2078 0.00349190877712 0.0 0.0
2079 0.00349190877712 0.0 0.0
2080 0.00349190877712 0.0 0.0
2081 0.00349190877712 0.0 0.0
2082 0.00349190877712 0.0 0.0
2083 0.00349190877712 0.0 0.0
2084 0.00349190877712 0.0 0.0
2085 0.00349190877712 0.0 0.0
2086 0.00349190877712 0.0 0.0
2087 0.00349190877712 0.0 0.0
2088 0.00349190877712 0.0 0.0
2089 0.00349190877712 0.0 0.0
2090 0.00349190877712 0.0 0.0
2091 0.00349190877712 0.0 0.0
2092 0.00349190877712 0.0 0.0
2093 0.00349190877712 0.0 0.0
2094 0.00349190877712 0.0 0.0
2095 0.00349190877712 0.0 0.0
2096 0.00349190877712 0.0 0.0
2097 0.00349190877712 0.0 0.0
2098 0.00349190877712 0.0 0.0
2099 0.00349190877712 0.0 0.0
2100 0.00349190877712 0.0 0.0
2101 0.00709233898994 0.0 0.0
2102 0.00709233898994 0.0 0.0
2103 0.00709233898994 0.0 0.0
2104 0.00709233898994 0.0 0.0
2105 0.00709233898994 0.0 0.0
2106 0.00709233898994 0.0 0.0
2107 0.00709233898994 0.0 0.0
2108 0.00709233898994 0.0 0.0
2109 0.00709233898994 0.0 0.0
2110 0.00709233898994 0.0 0.0
2111 0.00709233898994 0.0 0.0
2112 0.00709233898994 0.0 0.0
2113 0.00709233898994 0.0 0.0
2114 0.00709233898994 0.0 0.0
2115 0.00709233898994 0.0 0.0
2116 0.00709233898994 0.0 0.0
2117 0.00709233898994 0.0 0.0
2118 0.00709233898994 0.0 0.0
2119 0.00709233898994 0.0 0.0
2120 0.00709233898994 0.0 0.0
2121 0.00709233898994 0.0 0.0
2122 0.00709233898994 0.0 0.0
2123 0.00709233898994 0.0 0.0
2124 0.00709233898994 0.0 0.0
2125 0.00709233898994 0.0 0.0
2126 0.00709233898994 0.0 0.0
2127 0.00709233898994 0.0 0.0
2128 0.00709233898994 0.0 0.0
2129 0.00709233898994 0.0 0.0
2130 0.00709233898994 0.0 0.0
2131 0.00709233898994 0.0 0.0
2132 0.00709233898994 0.0 0.0
2133 0.00709233898994 0.0 0.0
2134 0.00709233898994 0.0 0.0
2135 0.00709233898994 0.0 0.0
2136 0.00709233898994 0.0 0.0
2137 0.00709233898994 0.0 0.0
2138 0.00709233898994 0.0 0.0
2139 0.00709233898994 0.0 0.0
2140 0.00709233898994 0.0 0.0
2141 0.00709233898994 0.0 0.0
2142 0.00709233898994 0.0 0.0
2143 0.00709233898994 0.0 0.0
2144 0.00709233898994 0.0 0.0
2145 0.00709233898994 0.0 0.0
2146 0.00709233898994 0.0 0.0
2147 0.00709233898994 0.0 0.0
2148 0.00709233898994 0.0 0.0
2149 0.00709233898994 0.0 0.0
2150 0.00709233898994 0.0 0.0
2151 0.00709233898994 0.0 0.0
2152 0.00709233898994 0.0 0.0
2153 0.00709233898994 0.0 0.0
2154 0.00709233898994 0.0 0.0
2155 0.00709233898994 0.0 0.0
2156 0.00709233898994 0.0 0.0
2157 0.00709233898994 0.0 0.0
2158 0.00709233898994 0.0 0.0
2159 0.00709233898994 0.0 0.0
2160 0.00709233898994 0.0 0.0
2161 0.00709233898994 0.0 0.0
2162 0.00709233898994 0.0 0.0
2163 0.00709233898994 0.0 0.0
2164 0.00709233898994 0.0 0.0
2165 0.00709233898994 0.0 0.0
2166 0.00709233898994 0.0 0.0
2167 0.00709233898994 0.0 0.0
2168 0.00709233898994 0.0 0.0
2169 0.00709233898994 0.0 0.0
2170 0.00709233898994 0.0 0.0
2171 0.00709233898994 0.0 0.0
2172 0.00709233898994 0.0 0.0
2173 0.00709233898994 0.0 0.0
2174 0.00709233898994 0.0 0.0
2175 0.00709233898994 0.0 0.0
2176 0.00709233898994 0.0 0.0
2177 0.00709233898994 0.0 0.0
2178 0.00709233898994 0.0 0.0
2179 0.00709233898994 0.0 0.0
2180 0.00709233898994 0.0 0.0
2181 0.00709233898994 0.0 0.0
2182 0.00709233898994 0.0 0.0
2183 0.00709233898994 0.0 0.0
2184 0.00709233898994 0.0 0.0
2185 0.00709233898994 0.0 0.0
2186 0.00709233898994 0.0 0.0
2187 0.00709233898994 0.0 0.0
2188 0.00709233898994 0.0 0.0
2189 0.00709233898994 0.0 0.0
2190 0.00709233898994 0.0 0.0
2191 0.00709233898994 0.0 0.0
2192 0.00709233898994 0.0 0.0
2193 0.00709233898994 0.0 0.0
2194 0.00709233898994 0.0 0.0
2195 0.00709233898994 0.0 0.0
2196 0.00709233898994 0.0 0.0
2197 0.00709233898994 0.0 0.0
2198 0.00709233898994 0.0 0.0
2199 0.00709233898994 0.0 0.0
2200 0.00709233898994 0.0 0.0
2201 0.00709233898994 0.0 0.0
2202 0.00709233898994 0.0 0.0
2203 0.00709233898994 0.0 0.0
2204 0.00709233898994 0.0 0.0
2205 0.00709233898994 0.0 0.0
2206 0.00709233898994 0.0 0.0
2207 0.00709233898994 0.0 0.0
2208 0.00709233898994 0.0 0.0
2209 0.00709233898994 0.0 0.0
2210 0.00709233898994 0.0 0.0
2211 0.00709233898994 0.0 0.0
2212 0.00709233898994 0.0 0.0
2213 0.00709233898994 0.0 0.0
2214 0.00709233898994 0.0 0.0
2215 0.00709233898994 0.0 0.0
2216 0.00709233898994 0.0 0.0
2217 0.00709233898994 0.0 0.0
2218 0.00709233898994 0.0 0.0
2219 0.00709233898994 0.0 0.0
2220 0.00709233898994 0.0 0.0
2221 0.00709233898994 0.0 0.0
2222 0.00709233898994 0.0 0.0
2223 0.00709233898994 0.0 0.0
2224 0.00709233898994 0.0 0.0
2225 0.00709233898994 0.0 0.0
2226 0.00709233898994 0.0 0.0
2227 0.00709233898994 0.0 0.0
2228 0.00709233898994 0.0 0.0
2229 0.00709233898994 0.0 0.0
2230 0.00709233898994 0.0 0.0
2231 0.00709233898994 0.0 0.0
2232 0.00709233898994 0.0 0.0
2233 0.00709233898994 0.0 0.0
2234 0.00709233898994 0.0 0.0
2235 0.00709233898994 0.0 0.0
2236 0.00709233898994 0.0 0.0
2237 0.00709233898994 0.0 0.0
2238 0.00709233898994 0.0 0.0
2239 0.00709233898994 0.0 0.0
2240 0.00709233898994 0.0 0.0
2241 0.00709233898994 0.0 0.0
2242 0.00709233898994 0.0 0.0
2243 0.00709233898994 0.0 0.0
2244 0.00709233898994 0.0 0.0
2245 0.00709233898994 0.0 0.0
2246 0.00709233898994 0.0 0.0
2247 0.00709233898994 0.0 0.0
2248 0.00709233898994 0.0 0.0
2249 0.00709233898994 0.0 0.0
2250 0.00709233898994 0.0 0.0
2251 0.00709233898994 0.0 0.0
2252 0.00709233898994 0.0 0.0
2253 0.00709233898994 0.0 0.0
2254 0.00709233898994 0.0 0.0
2255 0.00709233898994 0.0 0.0
2256 0.00709233898994 0.0 0.0
2257 0.00709233898994 0.0 0.0
2258 0.00709233898994 0.0 0.0
2259 0.00709233898994 0.0 0.0
2260 0.00709233898994 0.0 0.0
2261 0.00709233898994 0.0 0.0
2262 0.00709233898994 0.0 0.0
2263 0.00709233898994 0.0 0.0
2264 0.00709233898994 0.0 0.0
2265 0.00709233898994 0.0 0.0
2266 0.00709233898994 0.0 0.0
2267 0.00709233898994 0.0 0.0
2268 0.00709233898994 0.0 0.0
2269 0.00709233898994 0.0 0.0
2270 0.00709233898994 0.0 0.0
2271 0.00709233898994 0.0 0.0
2272 0.00709233898994 0.0 0.0
2273 0.00709233898994 0.0 0.0
2274 0.00709233898994 0.0 0.0
2275 0.00709233898994 0.0 0.0
2276 0.00709233898994 0.0 0.0
2277 0.00709233898994 0.0 0.0
2278 0.00709233898994 0.0 0.0
2279 0.00709233898994 0.0 0.0
2280 0.00709233898994 0.0 0.0
2281 0.00709233898994 0.0 0.0
2282 0.00709233898994 0.0 0.0
2283 0.00709233898994 0.0 0.0
2284 0.00709233898994 0.0 0.0
2285 0.00709233898994 0.0 0.0
2286 0.00709233898994 0.0 0.0
2287 0.00709233898994 0.0 0.0
2288 0.00709233898994 0.0 0.0
2289 0.00709233898994 0.0 0.0
2290 0.00709233898994 0.0 0.0
2291 0.00709233898994 0.0 0.0
2292 0.00709233898994 0.0 0.0
2293 0.00709233898994 0.0 0.0
2294 0.00709233898994 0.0 0.0
2295 0.00709233898994 0.0 0.0
2296 0.00709233898994 0.0 0.0
2297 0.00709233898994 0.0 0.0
2298 0.00709233898994 0.0 0.0
2299 0.00709233898994 0.0 0.0
2300 0.00709233898994 0.0 0.0
2301 0.00052579627678 0.0 0.0
2302 0.00052579627678 0.0 0.0
2303 0.00052579627678 0.0 0.0
2304 0.00052579627678 0.0 0.0
2305 0.00052579627678 0.0 0.0
2306 0.00052579627678 0.0 0.0
2307 0.00052579627678 0.0 0.0
2308 0.00052579627678 0.0 0.0
2309 0.00052579627678 0.0 0.0
2310 0.00052579627678 0.0 0.0
2311 0.00052579627678 0.0 0.0
2312 0.00052579627678 0.0 0.0
2313 0.00052579627678 0.0 0.0
2314 0.00052579627678 0.0 0.0
2315 0.00052579627678 0.0 0.0
2316 0.00052579627678 0.0 0.0
2317 0.00052579627678 0.0 0.0
2318 0.00052579627678 0.0 0.0
2319 0.00052579627678 0.0 0.0
2320 0.00052579627678 0.0 0.0
2321 0.00052579627678 0.0 0.0
2322 0.00052579627678 0.0 0.0
2323 0.00052579627678 0.0 0.0
2324 0.00052579627678 0.0 0.0
2325 0.00052579627678 0.0 0.0
2326 0.00052579627678 0.0 0.0
2327 0.00052579627678 0.0 0.0
2328 0.00052579627678 0.0 0.0
2329 0.00052579627678 0.0 0.0
2330 0.00052579627678 0.0 0.0
2331 0.00052579627678 0.0 0.0
2332 0.00052579627678 0.0 0.0
2333 0.00052579627678 0.0 0.0
2334 0.00052579627678 0.0 0.0
2335 0.00052579627678 0.0 0.0
2336 0.00052579627678 0.0 0.0
2337 0.00052579627678 0.0 0.0
2338 0.00052579627678 0.0 0.0
2339 0.00052579627678 0.0 0.0
2340 0.00052579627678 0.0 0.0
2341 0.00052579627678 0.0 0.0
2342 0.00052579627678 0.0 0.0
2343 0.00052579627678 0.0 0.0
2344 0.00052579627678 0.0 0.0
2345 0.00052579627678 0.0 0.0
2346 0.00052579627678 0.0 0.0
2347 0.00052579627678 0.0 0.0
2348 0.00052579627678 0.0 0.0
2349 0.00052579627678 0.0 0.0
2350 0.00052579627678 0.0 0.0
2351 0.00052579627678 0.0 0.0
2352 0.00052579627678 0.0 0.0
2353 0.00052579627678 0.0 0.0
2354 0.00052579627678 0.0 0.0
2355 0.00052579627678 0.0 0.0
2356 0.00052579627678 0.0 0.0
2357 0.00052579627678 0.0 0.0
2358 0.00052579627678 0.0 0.0
2359 0.00052579627678 0.0 0.0
2360 0.00052579627678 0.0 0.0
2361 0.00052579627678 0.0 0.0
2362 0.00052579627678 0.0 0.0
2363 0.00052579627678 0.0 0.0
2364 0.00052579627678 0.0 0.0
2365 0.00052579627678 0.0 0.0
2366 0.00052579627678 0.0 0.0
2367 0.00052579627678 0.0 0.0
2368 0.00052579627678 0.0 0.0
2369 0.00052579627678 0.0 0.0
2370 0.00052579627678 0.0 0.0
2371 0.00052579627678 0.0 0.0
2372 0.00052579627678 0.0 0.0
2373 0.00052579627678 0.0 0.0
2374 0.00052579627678 0.0 0.0
2375 0.00052579627678 0.0 0.0
2376 0.00052579627678 0.0 0.0
2377 0.00052579627678 0.0 0.0
2378 0.00052579627678 0.0 0.0
2379 0.00052579627678 0.0 0.0
2380 0.00052579627678 0.0 0.0
2381 0.00052579627678 0.0 0.0
2382 0.00052579627678 0.0 0.0
2383 0.00052579627678 0.0 0.0
2384 0.00052579627678 0.0 0.0
2385 0.00052579627678 0.0 0.0
2386 0.00052579627678 0.0 0.0
2387 0.00052579627678 0.0 0.0
2388 0.00052579627678 0.0 0.0
2389 0.00052579627678 0.0 0.0
2390 0.00052579627678 0.0 0.0
2391 0.00052579627678 0.0 0.0
2392 0.00052579627678 0.0 0.0
2393 0.00052579627678 0.0 0.0
2394 0.00052579627678 0.0 0.0
2395 0.00052579627678 0.0 0.0
2396 0.00052579627678 0.0 0.0
2397 0.00052579627678 0.0 0.0
2398 0.00052579627678 0.0 0.0
2399 0.00052579627678 0.0 0.0
2400 0.00052579627678 0.0 0.0
2401 0.00052579627678 0.0 0.0
2402 0.00052579627678 0.0 0.0
2403 0.00052579627678 0.0 0.0
2404 0.00052579627678 0.0 0.0
2405 0.00052579627678 0.0 0.0
2406 0.00052579627678 0.0 0.0
2407 0.00052579627678 0.0 0.0
2408 0.00052579627678 0.0 0.0
2409 0.00052579627678 0.0 0.0
2410 0.00052579627678 0.0 0.0
2411 0.00052579627678 0.0 0.0
2412 0.00052579627678 0.0 0.0
2413 0.00052579627678 0.0 0.0
2414 0.00052579627678 0.0 0.0
2415 0.00052579627678 0.0 0.0
2416 0.00052579627678 0.0 0.0
2417 0.00052579627678 0.0 0.0
2418 0.00052579627678 0.0 0.0
2419 0.00052579627678 0.0 0.0
2420 0.00052579627678 0.0 0.0
2421 0.00052579627678 0.0 0.0
2422 0.00052579627678 0.0 0.0
2423 0.00052579627678 0.0 0.0
2424 0.00052579627678 0.0 0.0
2425 0.00052579627678 0.0 0.0
2426 0.00052579627678 0.0 0.0
2427 0.00052579627678 0.0 0.0
2428 0.00052579627678 0.0 0.0
2429 0.00052579627678 0.0 0.0
2430 0.00052579627678 0.0 0.0
2431 0.00052579627678 0.0 0.0
2432 0.00052579627678 0.0 0.0
2433 0.00052579627678 0.0 0.0
2434 0.00052579627678 0.0 0.0
2435 0.00052579627678 0.0 0.0
2436 0.00052579627678 0.0 0.0
2437 0.00052579627678 0.0 0.0
2438 0.00052579627678 0.0 0.0
2439 0.00052579627678 0.0 0.0
2440 0.00052579627678 0.0 0.0
2441 0.00052579627678 0.0 0.0
2442 0.00052579627678 0.0 0.0
2443 0.00052579627678 0.0 0.0
2444 0.00052579627678 0.0 0.0
2445 0.00052579627678 0.0 0.0
2446 0.00052579627678 0.0 0.0
2447 0.00052579627678 0.0 0.0
2448 0.00052579627678 0.0 0.0
2449 0.00052579627678 0.0 0.0
2450 0.00052579627678 0.0 0.0
2451 0.00052579627678 0.0 0.0
2452 0.00052579627678 0.0 0.0
2453 0.00052579627678 0.0 0.0
2454 0.00052579627678 0.0 0.0
2455 0.00052579627678 0.0 0.0
2456 0.00052579627678 0.0 0.0
2457 0.00052579627678 0.0 0.0
2458 0.00052579627678 0.0 0.0
2459 0.00052579627678 0.0 0.0
2460 0.00052579627678 0.0 0.0
2461 0.00052579627678 0.0 0.0
2462 0.00052579627678 0.0 0.0
2463 0.00052579627678 0.0 0.0
2464 0.00052579627678 0.0 0.0
2465 0.00052579627678 0.0 0.0
2466 0.00052579627678 0.0 0.0
2467 0.00052579627678 0.0 0.0
2468 0.00052579627678 0.0 0.0
2469 0.00052579627678 0.0 0.0
2470 0.00052579627678 0.0 0.0
2471 0.00052579627678 0.0 0.0
2472 0.00052579627678 0.0 0.0
2473 0.00052579627678 0.0 0.0
2474 0.00052579627678 0.0 0.0
2475 0.00052579627678 0.0 0.0
2476 0.00052579627678 0.0 0.0
2477 0.00052579627678 0.0 0.0
2478 0.00052579627678 0.0 0.0
2479 0.00052579627678 0.0 0.0
2480 0.00052579627678 0.0 0.0
2481 0.00052579627678 0.0 0.0
2482 0.00052579627678 0.0 0.0
2483 0.00052579627678 0.0 0.0
2484 0.00052579627678 0.0 0.0
2485 0.00052579627678 0.0 0.0
2486 0.00052579627678 0.0 0.0
2487 0.00052579627678 0.0 0.0
2488 0.00052579627678 0.0 0.0
2489 0.00052579627678 0.0 0.0
2490 0.00052579627678 0.0 0.0
2491 0.00052579627678 0.0 0.0
2492 0.00052579627678 0.0 0.0
2493 0.00052579627678 0.0 0.0
2494 0.00052579627678 0.0 0.0
2495 0.00052579627678 0.0 0.0
2496 0.00052579627678 0.0 0.0
2497 0.00052579627678 0.0 0.0
2498 0.00052579627678 0.0 0.0
2499 0.00052579627678 0.0 0.0
2500 0.00052579627678 0.0 0.0
