0 0.0 0.0 0.0
1 0.0 0.0 0.0
2 0.00104589159536 0.0 0.0
3 0.00104589159536 0.0 0.0
4 0.00104589159536 0.0 0.0
5 0.00104589159536 0.0 0.0
6 0.00104589159536 0.0 0.0
7 0.00104589159536 0.0 0.0
8 0.00104589159536 0.0 0.0
9 0.00104589159536 0.0 0.0
10 0.00104589159536 0.0 0.0
11 0.00104589159536 0.0 0.0
12 0.00104589159536 0.0 0.0
13 0.00104589159536 0.0 0.0
14 0.00104589159536 0.0 0.0
15 0.00104589159536 0.0 0.0
16 0.00104589159536 0.0 0.0
17 0.00104589159536 0.0 0.0
18 0.00104589159536 0.0 0.0
19 0.00104589159536 0.0 0.0
20 0.00104589159536 0.0 0.0
21 0.00104589159536 0.0 0.0
22 0.00104589159536 0.0 0.0
23 0.00104589159536 0.0 0.0
24 0.00104589159536 0.0 0.0
25 0.00104589159536 0.0 0.0
26 0.00104589159536 0.0 0.0
27 0.00104589159536 0.0 0.0
28 0.00104589159536 0.0 0.0
29 0.00104589159536 0.0 0.0
30 0.00104589159536 0.0 0.0
31 0.00104589159536 0.0 0.0
32 0.00104589159536 0.0 0.0
33 0.00104589159536 0.0 0.0
34 0.00104589159536 0.0 0.0
35 0.00104589159536 0.0 0.0
36 0.00104589159536 0.0 0.0
37 0.00104589159536 0.0 0.0
38 0.00104589159536 0.0 0.0
39 0.00104589159536 0.0 0.0
40 0.00104589159536 0.0 0.0
41 0.00104589159536 0.0 0.0
42 0.00104589159536 0.0 0.0
43 0.00104589159536 0.0 0.0
44 0.00104589159536 0.0 0.0
45 0.00104589159536 0.0 0.0
46 0.00104589159536 0.0 0.0
47 0.00104589159536 0.0 0.0
48 0.00104589159536 0.0 0.0
49 0.00104589159536 0.0 0.0
50 0.00104589159536 0.0 0.0
51 0.0162950095029 0.0 0.0
52 0.0162950095029 0.0 0.0
53 0.0162950095029 0.0 0.0
54 0.0162950095029 0.0 0.0
55 0.0162950095029 0.0 0.0
56 0.0162950095029 0.0 0.0
57 0.0162950095029 0.0 0.0
58 0.0162950095029 0.0 0.0
59 0.0162950095029 0.0 0.0
60 0.0162950095029 0.0 0.0
61 0.0162950095029 0.0 0.0
62 0.0162950095029 0.0 0.0
63 0.0162950095029 0.0 0.0
64 0.0162950095029 0.0 0.0
65 0.0162950095029 0.0 0.0
66 0.0162950095029 0.0 0.0
67 0.0162950095029 0.0 0.0
68 0.0162950095029 0.0 0.0
69 0.0162950095029 0.0 0.0
70 0.0162950095029 0.0 0.0
71 0.0162950095029 0.0 0.0
72 0.0162950095029 0.0 0.0
73 0.0162950095029 0.0 0.0
74 0.0162950095029 0.0 0.0
75 0.0162950095029 0.0 0.0
76 0.0162950095029 0.0 0.0
77 0.0162950095029 0.0 0.0
78 0.0162950095029 0.0 0.0
79 0.0162950095029 0.0 0.0
80 0.0162950095029 0.0 0.0
81 0.0162950095029 0.0 0.0
82 0.0162950095029 0.0 0.0
83 0.0162950095029 0.0 0.0
84 0.0162950095029 0.0 0.0
85 0.0162950095029 0.0 0.0
86 0.0162950095029 0.0 0.0
87 0.0162950095029 0.0 0.0
88 0.0162950095029 0.0 0.0
89 0.0162950095029 0.0 0.0
90 0.0162950095029 0.0 0.0
91 0.0162950095029 0.0 0.0
92 0.0162950095029 0.0 0.0
93 0.0162950095029 0.0 0.0
94 0.0162950095029 0.0 0.0
95 0.0162950095029 0.0 0.0
96 0.0162950095029 0.0 0.0
97 0.0162950095029 0.0 0.0
98 0.0162950095029 0.0 0.0
99 0.0162950095029 0.0 0.0
100 0.0162950095029 0.0 0.0
101 0.0204081632653 0.0231933160154 0.18523054242
102 0.0204081632653 0.0231933160154 0.18523054242
103 0.0204081632653 0.0231933160154 0.18523054242
104 0.0204081632653 0.0231933160154 0.18523054242
105 0.0204081632653 0.0231933160154 0.18523054242
106 0.0204081632653 0.0231933160154 0.18523054242
107 0.0204081632653 0.0231933160154 0.18523054242
108 0.0204081632653 0.0231933160154 0.18523054242
109 0.0204081632653 0.0231933160154 0.18523054242
110 0.0204081632653 0.0231933160154 0.18523054242
111 0.0204081632653 0.0231933160154 0.18523054242
112 0.0204081632653 0.0231933160154 0.18523054242
113 0.0204081632653 0.0231933160154 0.18523054242
114 0.0204081632653 0.0231933160154 0.18523054242
115 0.0204081632653 0.0231933160154 0.18523054242
116 0.0204081632653 0.0231933160154 0.18523054242
117 0.0204081632653 0.0231933160154 0.18523054242
118 0.0204081632653 0.0231933160154 0.18523054242
119 0.0204081632653 0.0231933160154 0.18523054242
120 0.0204081632653 0.0231933160154 0.18523054242
121 0.0204081632653 0.0231933160154 0.18523054242
122 0.0204081632653 0.0231933160154 0.18523054242
123 0.0204081632653 0.0231933160154 0.18523054242
124 0.0204081632653 0.0231933160154 0.18523054242
125 0.0204081632653 0.0231933160154 0.18523054242
126 0.0204081632653 0.0231933160154 0.18523054242
127 0.0204081632653 0.0231933160154 0.18523054242
128 0.0204081632653 0.0231933160154 0.18523054242
129 0.0204081632653 0.0231933160154 0.18523054242
130 0.0204081632653 0.0231933160154 0.18523054242
131 0.0204081632653 0.0231933160154 0.18523054242
132 0.0204081632653 0.0231933160154 0.18523054242
133 0.0204081632653 0.0231933160154 0.18523054242
134 0.0204081632653 0.0231933160154 0.18523054242
135 0.0204081632653 0.0231933160154 0.18523054242
136 0.0204081632653 0.0231933160154 0.18523054242
137 0.0204081632653 0.0231933160154 0.18523054242
138 0.0204081632653 0.0231933160154 0.18523054242
139 0.0204081632653 0.0231933160154 0.18523054242
140 0.0204081632653 0.0231933160154 0.18523054242
141 0.0204081632653 0.0231933160154 0.18523054242
142 0.0204081632653 0.0231933160154 0.18523054242
143 0.0204081632653 0.0231933160154 0.18523054242
144 0.0204081632653 0.0231933160154 0.18523054242
145 0.0204081632653 0.0231933160154 0.18523054242
146 0.0204081632653 0.0231933160154 0.18523054242
147 0.0204081632653 0.0231933160154 0.18523054242
148 0.0204081632653 0.0231933160154 0.18523054242
149 0.0204081632653 0.0231933160154 0.18523054242
150 0.0204081632653 0.0231933160154 0.18523054242
151 0.00394924751366 0.0231933160154 0.18523054242
152 0.00394924751366 0.0231933160154 0.18523054242
153 0.00394924751366 0.0231933160154 0.18523054242
154 0.00394924751366 0.0231933160154 0.18523054242
155 0.00394924751366 0.0231933160154 0.18523054242
156 0.00394924751366 0.0231933160154 0.18523054242
157 0.00394924751366 0.0231933160154 0.18523054242
158 0.00394924751366 0.0231933160154 0.18523054242
159 0.00394924751366 0.0231933160154 0.18523054242
160 0.00394924751366 0.0231933160154 0.18523054242
161 0.00394924751366 0.0231933160154 0.18523054242
162 0.00394924751366 0.0231933160154 0.18523054242
163 0.00394924751366 0.0231933160154 0.18523054242
164 0.00394924751366 0.0231933160154 0.18523054242
165 0.00394924751366 0.0231933160154 0.18523054242
166 0.00394924751366 0.0231933160154 0.18523054242
167 0.00394924751366 0.0231933160154 0.18523054242
168 0.00394924751366 0.0231933160154 0.18523054242
169 0.00394924751366 0.0231933160154 0.18523054242
170 0.00394924751366 0.0231933160154 0.18523054242
171 0.00394924751366 0.0231933160154 0.18523054242
172 0.00394924751366 0.0231933160154 0.18523054242
173 0.00394924751366 0.0231933160154 0.18523054242
174 0.00394924751366 0.0231933160154 0.18523054242
175 0.00394924751366 0.0231933160154 0.18523054242
176 0.00394924751366 0.0231933160154 0.18523054242
177 0.00394924751366 0.0231933160154 0.18523054242
178 0.00394924751366 0.0231933160154 0.18523054242
179 0.00394924751366 0.0231933160154 0.18523054242
180 0.00394924751366 0.0231933160154 0.18523054242
181 0.00394924751366 0.0231933160154 0.18523054242
182 0.00394924751366 0.0231933160154 0.18523054242
183 0.00394924751366 0.0231933160154 0.18523054242
184 0.00394924751366 0.0231933160154 0.18523054242
185 0.00394924751366 0.0231933160154 0.18523054242
186 0.00394924751366 0.0231933160154 0.18523054242
187 0.00394924751366 0.0231933160154 0.18523054242
188 0.00394924751366 0.0231933160154 0.18523054242
189 0.00394924751366 0.0231933160154 0.18523054242
190 0.00394924751366 0.0231933160154 0.18523054242
191 0.00394924751366 0.0231933160154 0.18523054242
192 0.00394924751366 0.0231933160154 0.18523054242
193 0.00394924751366 0.0231933160154 0.18523054242
194 0.00394924751366 0.0231933160154 0.18523054242
195 0.00394924751366 0.0231933160154 0.18523054242
196 0.00394924751366 0.0231933160154 0.18523054242
197 0.00394924751366 0.0231933160154 0.18523054242
198 0.00394924751366 0.0231933160154 0.18523054242
199 0.00394924751366 0.0231933160154 0.18523054242
200 0.00394924751366 0.0231933160154 0.18523054242
201 -0.00288459144612 0.02033533691 -0.0197157238962
202 -0.00288459144612 0.02033533691 -0.0197157238962
203 -0.00288459144612 0.02033533691 -0.0197157238962
204 -0.00288459144612 0.02033533691 -0.0197157238962
205 -0.00288459144612 0.02033533691 -0.0197157238962
206 -0.00288459144612 0.02033533691 -0.0197157238962
207 -0.00288459144612 0.02033533691 -0.0197157238962
208 -0.00288459144612 0.02033533691 -0.0197157238962
209 -0.00288459144612 0.02033533691 -0.0197157238962
210 -0.00288459144612 0.02033533691 -0.0197157238962
211 -0.00288459144612 0.02033533691 -0.0197157238962
212 -0.00288459144612 0.02033533691 -0.0197157238962
213 -0.00288459144612 0.02033533691 -0.0197157238962
214 -0.00288459144612 0.02033533691 -0.0197157238962
215 -0.00288459144612 0.02033533691 -0.0197157238962
216 -0.00288459144612 0.02033533691 -0.0197157238962
217 -0.00288459144612 0.02033533691 -0.0197157238962
218 -0.00288459144612 0.02033533691 -0.0197157238962
219 -0.00288459144612 0.02033533691 -0.0197157238962
220 -0.00288459144612 0.02033533691 -0.0197157238962
221 -0.00288459144612 0.02033533691 -0.0197157238962
222 -0.00288459144612 0.02033533691 -0.0197157238962
223 -0.00288459144612 0.02033533691 -0.0197157238962
224 -0.00288459144612 0.02033533691 -0.0197157238962
225 -0.00288459144612 0.02033533691 -0.0197157238962
226 -0.00288459144612 0.02033533691 -0.0197157238962
227 -0.00288459144612 0.02033533691 -0.0197157238962
228 -0.00288459144612 0.02033533691 -0.0197157238962
229 -0.00288459144612 0.02033533691 -0.0197157238962
230 -0.00288459144612 0.02033533691 -0.0197157238962
231 -0.00288459144612 0.02033533691 -0.0197157238962
232 -0.00288459144612 0.02033533691 -0.0197157238962
233 -0.00288459144612 0.02033533691 -0.0197157238962
234 -0.00288459144612 0.02033533691 -0.0197157238962
235 -0.00288459144612 0.02033533691 -0.0197157238962
236 -0.00288459144612 0.02033533691 -0.0197157238962
237 -0.00288459144612 0.02033533691 -0.0197157238962
238 -0.00288459144612 0.02033533691 -0.0197157238962
239 -0.00288459144612 0.02033533691 -0.0197157238962
240 -0.00288459144612 0.02033533691 -0.0197157238962
241 -0.00288459144612 0.02033533691 -0.0197157238962
242 -0.00288459144612 0.02033533691 -0.0197157238962
243 -0.00288459144612 0.02033533691 -0.0197157238962
244 -0.00288459144612 0.02033533691 -0.0197157238962
245 -0.00288459144612 0.02033533691 -0.0197157238962
246 -0.00288459144612 0.02033533691 -0.0197157238962
247 -0.00288459144612 0.02033533691 -0.0197157238962
248 -0.00288459144612 0.02033533691 -0.0197157238962
249 -0.00288459144612 0.02033533691 -0.0197157238962
250 -0.00288459144612 0.02033533691 -0.0197157238962
251 -0.00083402398561 0.02033533691 -0.0197157238962
252 -0.00083402398561 0.02033533691 -0.0197157238962
253 -0.00083402398561 0.02033533691 -0.0197157238962
254 -0.00083402398561 0.02033533691 -0.0197157238962
255 -0.00083402398561 0.02033533691 -0.0197157238962
256 -0.00083402398561 0.02033533691 -0.0197157238962
257 -0.00083402398561 0.02033533691 -0.0197157238962
258 -0.00083402398561 0.02033533691 -0.0197157238962
259 -0.00083402398561 0.02033533691 -0.0197157238962
260 -0.00083402398561 0.02033533691 -0.0197157238962
261 -0.00083402398561 0.02033533691 -0.0197157238962
262 -0.00083402398561 0.02033533691 -0.0197157238962
263 -0.00083402398561 0.02033533691 -0.0197157238962
264 -0.00083402398561 0.02033533691 -0.0197157238962
265 -0.00083402398561 0.02033533691 -0.0197157238962
266 -0.00083402398561 0.02033533691 -0.0197157238962
267 -0.00083402398561 0.02033533691 -0.0197157238962
268 -0.00083402398561 0.02033533691 -0.0197157238962
269 -0.00083402398561 0.02033533691 -0.0197157238962
270 -0.00083402398561 0.02033533691 -0.0197157238962
271 -0.00083402398561 0.02033533691 -0.0197157238962
272 -0.00083402398561 0.02033533691 -0.0197157238962
273 -0.00083402398561 0.02033533691 -0.0197157238962
274 -0.00083402398561 0.02033533691 -0.0197157238962
275 -0.00083402398561 0.02033533691 -0.0197157238962
276 -0.00083402398561 0.02033533691 -0.0197157238962
277 -0.00083402398561 0.02033533691 -0.0197157238962
278 -0.00083402398561 0.02033533691 -0.0197157238962
279 -0.00083402398561 0.02033533691 -0.0197157238962
280 -0.00083402398561 0.02033533691 -0.0197157238962
281 -0.00083402398561 0.02033533691 -0.0197157238962
282 -0.00083402398561 0.02033533691 -0.0197157238962
283 -0.00083402398561 0.02033533691 -0.0197157238962
284 -0.00083402398561 0.02033533691 -0.0197157238962
285 -0.00083402398561 0.02033533691 -0.0197157238962
286 -0.00083402398561 0.02033533691 -0.0197157238962
287 -0.00083402398561 0.02033533691 -0.0197157238962
288 -0.00083402398561 0.02033533691 -0.0197157238962
289 -0.00083402398561 0.02033533691 -0.0197157238962
290 -0.00083402398561 0.02033533691 -0.0197157238962
291 -0.00083402398561 0.02033533691 -0.0197157238962
292 -0.00083402398561 0.02033533691 -0.0197157238962
293 -0.00083402398561 0.02033533691 -0.0197157238962
294 -0.00083402398561 0.02033533691 -0.0197157238962
295 -0.00083402398561 0.02033533691 -0.0197157238962
296 -0.00083402398561 0.02033533691 -0.0197157238962
297 -0.00083402398561 0.02033533691 -0.0197157238962
298 -0.00083402398561 0.02033533691 -0.0197157238962
299 -0.00083402398561 0.02033533691 -0.0197157238962
300 -0.00083402398561 0.02033533691 -0.0197157238962
301 -0.00414229070804 0.010794647283 0.00388529998307
302 -0.00414229070804 0.010794647283 0.00388529998307
303 -0.00414229070804 0.010794647283 0.00388529998307
304 -0.00414229070804 0.010794647283 0.00388529998307
305 -0.00414229070804 0.010794647283 0.00388529998307
306 -0.00414229070804 0.010794647283 0.00388529998307
307 -0.00414229070804 0.010794647283 0.00388529998307
308 -0.00414229070804 0.010794647283 0.00388529998307
309 -0.00414229070804 0.010794647283 0.00388529998307
310 -0.00414229070804 0.010794647283 0.00388529998307
311 -0.00414229070804 0.010794647283 0.00388529998307
312 -0.00414229070804 0.010794647283 0.00388529998307
313 -0.00414229070804 0.010794647283 0.00388529998307
314 -0.00414229070804 0.010794647283 0.00388529998307
315 -0.00414229070804 0.010794647283 0.00388529998307
316 -0.00414229070804 0.010794647283 0.00388529998307
317 -0.00414229070804 0.010794647283 0.00388529998307
318 -0.00414229070804 0.010794647283 0.00388529998307
319 -0.00414229070804 0.010794647283 0.00388529998307
320 -0.00414229070804 0.010794647283 0.00388529998307
321 -0.00414229070804 0.010794647283 0.00388529998307
322 -0.00414229070804 0.010794647283 0.00388529998307
323 -0.00414229070804 0.010794647283 0.00388529998307
324 -0.00414229070804 0.010794647283 0.00388529998307
325 -0.00414229070804 0.010794647283 0.00388529998307
326 -0.00414229070804 0.010794647283 0.00388529998307
327 -0.00414229070804 0.010794647283 0.00388529998307
328 -0.00414229070804 0.010794647283 0.00388529998307
329 -0.00414229070804 0.010794647283 0.00388529998307
330 -0.00414229070804 0.010794647283 0.00388529998307
331 -0.00414229070804 0.010794647283 0.00388529998307
332 -0.00414229070804 0.010794647283 0.00388529998307
333 -0.00414229070804 0.010794647283 0.00388529998307
334 -0.00414229070804 0.010794647283 0.00388529998307
335 -0.00414229070804 0.010794647283 0.00388529998307
336 -0.00414229070804 0.010794647283 0.00388529998307
337 -0.00414229070804 0.010794647283 0.00388529998307
338 -0.00414229070804 0.010794647283 0.00388529998307
339 -0.00414229070804 0.010794647283 0.00388529998307
340 -0.00414229070804 0.010794647283 0.00388529998307
341 -0.00414229070804 0.010794647283 0.00388529998307
342 -0.00414229070804 0.010794647283 0.00388529998307
343 -0.00414229070804 0.010794647283 0.00388529998307
344 -0.00414229070804 0.010794647283 0.00388529998307
345 -0.00414229070804 0.010794647283 0.00388529998307
346 -0.00414229070804 0.010794647283 0.00388529998307
347 -0.00414229070804 0.010794647283 0.00388529998307
348 -0.00414229070804 0.010794647283 0.00388529998307
349 -0.00414229070804 0.010794647283 0.00388529998307
350 -0.00414229070804 0.010794647283 0.00388529998307
351 -0.00247286531475 0.010794647283 0.00388529998307
352 -0.00247286531475 0.010794647283 0.00388529998307
353 -0.00247286531475 0.010794647283 0.00388529998307
354 -0.00247286531475 0.010794647283 0.00388529998307
355 -0.00247286531475 0.010794647283 0.00388529998307
356 -0.00247286531475 0.010794647283 0.00388529998307
357 -0.00247286531475 0.010794647283 0.00388529998307
358 -0.00247286531475 0.010794647283 0.00388529998307
359 -0.00247286531475 0.010794647283 0.00388529998307
360 -0.00247286531475 0.010794647283 0.00388529998307
361 -0.00247286531475 0.010794647283 0.00388529998307
362 -0.00247286531475 0.010794647283 0.00388529998307
363 -0.00247286531475 0.010794647283 0.00388529998307
364 -0.00247286531475 0.010794647283 0.00388529998307
365 -0.00247286531475 0.010794647283 0.00388529998307
366 -0.00247286531475 0.010794647283 0.00388529998307
367 -0.00247286531475 0.010794647283 0.00388529998307
368 -0.00247286531475 0.010794647283 0.00388529998307
369 -0.00247286531475 0.010794647283 0.00388529998307
370 -0.00247286531475 0.010794647283 0.00388529998307
371 -0.00247286531475 0.010794647283 0.00388529998307
372 -0.00247286531475 0.010794647283 0.00388529998307
373 -0.00247286531475 0.010794647283 0.00388529998307
374 -0.00247286531475 0.010794647283 0.00388529998307
375 -0.00247286531475 0.010794647283 0.00388529998307
376 -0.00247286531475 0.010794647283 0.00388529998307
377 -0.00247286531475 0.010794647283 0.00388529998307
378 -0.00247286531475 0.010794647283 0.00388529998307
379 -0.00247286531475 0.010794647283 0.00388529998307
380 -0.00247286531475 0.010794647283 0.00388529998307
381 -0.00247286531475 0.010794647283 0.00388529998307
382 -0.00247286531475 0.010794647283 0.00388529998307
383 -0.00247286531475 0.010794647283 0.00388529998307
384 -0.00247286531475 0.010794647283 0.00388529998307
385 -0.00247286531475 0.010794647283 0.00388529998307
386 -0.00247286531475 0.010794647283 0.00388529998307
387 -0.00247286531475 0.010794647283 0.00388529998307
388 -0.00247286531475 0.010794647283 0.00388529998307
389 -0.00247286531475 0.010794647283 0.00388529998307
390 -0.00247286531475 0.010794647283 0.00388529998307
391 -0.00247286531475 0.010794647283 0.00388529998307
392 -0.00247286531475 0.010794647283 0.00388529998307
393 -0.00247286531475 0.010794647283 0.00388529998307
394 -0.00247286531475 0.010794647283 0.00388529998307
395 -0.00247286531475 0.010794647283 0.00388529998307
396 -0.00247286531475 0.010794647283 0.00388529998307
397 -0.00247286531475 0.010794647283 0.00388529998307
398 -0.00247286531475 0.010794647283 0.00388529998307
399 -0.00247286531475 0.010794647283 0.00388529998307
400 -0.00247286531475 0.010794647283 0.00388529998307
401 -0.0186683875314 -0.0224250067494 0.0468956028233
402 -0.0186683875314 -0.0224250067494 0.0468956028233
403 -0.0186683875314 -0.0224250067494 0.0468956028233
404 -0.0186683875314 -0.0224250067494 0.0468956028233
405 -0.0186683875314 -0.0224250067494 0.0468956028233
406 -0.0186683875314 -0.0224250067494 0.0468956028233
407 -0.0186683875314 -0.0224250067494 0.0468956028233
408 -0.0186683875314 -0.0224250067494 0.0468956028233
409 -0.0186683875314 -0.0224250067494 0.0468956028233
410 -0.0186683875314 -0.0224250067494 0.0468956028233
411 -0.0186683875314 -0.0224250067494 0.0468956028233
412 -0.0186683875314 -0.0224250067494 0.0468956028233
413 -0.0186683875314 -0.0224250067494 0.0468956028233
414 -0.0186683875314 -0.0224250067494 0.0468956028233
415 -0.0186683875314 -0.0224250067494 0.0468956028233
416 -0.0186683875314 -0.0224250067494 0.0468956028233
417 -0.0186683875314 -0.0224250067494 0.0468956028233
418 -0.0186683875314 -0.0224250067494 0.0468956028233
419 -0.0186683875314 -0.0224250067494 0.0468956028233
420 -0.0186683875314 -0.0224250067494 0.0468956028233
421 -0.0186683875314 -0.0224250067494 0.0468956028233
422 -0.0186683875314 -0.0224250067494 0.0468956028233
423 -0.0186683875314 -0.0224250067494 0.0468956028233
424 -0.0186683875314 -0.0224250067494 0.0468956028233
425 -0.0186683875314 -0.0224250067494 0.0468956028233
426 -0.0186683875314 -0.0224250067494 0.0468956028233
427 -0.0186683875314 -0.0224250067494 0.0468956028233
428 -0.0186683875314 -0.0224250067494 0.0468956028233
429 -0.0186683875314 -0.0224250067494 0.0468956028233
430 -0.0186683875314 -0.0224250067494 0.0468956028233
431 -0.0186683875314 -0.0224250067494 0.0468956028233
432 -0.0186683875314 -0.0224250067494 0.0468956028233
433 -0.0186683875314 -0.0224250067494 0.0468956028233
434 -0.0186683875314 -0.0224250067494 0.0468956028233
435 -0.0186683875314 -0.0224250067494 0.0468956028233
436 -0.0186683875314 -0.0224250067494 0.0468956028233
437 -0.0186683875314 -0.0224250067494 0.0468956028233
438 -0.0186683875314 -0.0224250067494 0.0468956028233
439 -0.0186683875314 -0.0224250067494 0.0468956028233
440 -0.0186683875314 -0.0224250067494 0.0468956028233
441 -0.0186683875314 -0.0224250067494 0.0468956028233
442 -0.0186683875314 -0.0224250067494 0.0468956028233
443 -0.0186683875314 -0.0224250067494 0.0468956028233
444 -0.0186683875314 -0.0224250067494 0.0468956028233
445 -0.0186683875314 -0.0224250067494 0.0468956028233
446 -0.0186683875314 -0.0224250067494 0.0468956028233
447 -0.0186683875314 -0.0224250067494 0.0468956028233
448 -0.0186683875314 -0.0224250067494 0.0468956028233
449 -0.0186683875314 -0.0224250067494 0.0468956028233
450 -0.0186683875314 -0.0224250067494 0.0468956028233
451 0.00370744775873 -0.0224250067494 0.0468956028233
452 0.00370744775873 -0.0224250067494 0.0468956028233
453 0.00370744775873 -0.0224250067494 0.0468956028233
454 0.00370744775873 -0.0224250067494 0.0468956028233
455 0.00370744775873 -0.0224250067494 0.0468956028233
456 0.00370744775873 -0.0224250067494 0.0468956028233
457 0.00370744775873 -0.0224250067494 0.0468956028233
458 0.00370744775873 -0.0224250067494 0.0468956028233
459 0.00370744775873 -0.0224250067494 0.0468956028233
460 0.00370744775873 -0.0224250067494 0.0468956028233
461 0.00370744775873 -0.0224250067494 0.0468956028233
462 0.00370744775873 -0.0224250067494 0.0468956028233
463 0.00370744775873 -0.0224250067494 0.0468956028233
464 0.00370744775873 -0.0224250067494 0.0468956028233
465 0.00370744775873 -0.0224250067494 0.0468956028233
466 0.00370744775873 -0.0224250067494 0.0468956028233
467 0.00370744775873 -0.0224250067494 0.0468956028233
468 0.00370744775873 -0.0224250067494 0.0468956028233
469 0.00370744775873 -0.0224250067494 0.0468956028233
470 0.00370744775873 -0.0224250067494 0.0468956028233
471 0.00370744775873 -0.0224250067494 0.0468956028233
472 0.00370744775873 -0.0224250067494 0.0468956028233
473 0.00370744775873 -0.0224250067494 0.0468956028233
474 0.00370744775873 -0.0224250067494 0.0468956028233
475 0.00370744775873 -0.0224250067494 0.0468956028233
476 0.00370744775873 -0.0224250067494 0.0468956028233
477 0.00370744775873 -0.0224250067494 0.0468956028233
478 0.00370744775873 -0.0224250067494 0.0468956028233
479 0.00370744775873 -0.0224250067494 0.0468956028233
480 0.00370744775873 -0.0224250067494 0.0468956028233
481 0.00370744775873 -0.0224250067494 0.0468956028233
482 0.00370744775873 -0.0224250067494 0.0468956028233
483 0.00370744775873 -0.0224250067494 0.0468956028233
484 0.00370744775873 -0.0224250067494 0.0468956028233
485 0.00370744775873 -0.0224250067494 0.0468956028233
486 0.00370744775873 -0.0224250067494 0.0468956028233
487 0.00370744775873 -0.0224250067494 0.0468956028233
488 0.00370744775873 -0.0224250067494 0.0468956028233
489 0.00370744775873 -0.0224250067494 0.0468956028233
490 0.00370744775873 -0.0224250067494 0.0468956028233
491 0.00370744775873 -0.0224250067494 0.0468956028233
492 0.00370744775873 -0.0224250067494 0.0468956028233
493 0.00370744775873 -0.0224250067494 0.0468956028233
494 0.00370744775873 -0.0224250067494 0.0468956028233
495 0.00370744775873 -0.0224250067494 0.0468956028233
496 0.00370744775873 -0.0224250067494 0.0468956028233
497 0.00370744775873 -0.0224250067494 0.0468956028233
498 0.00370744775873 -0.0224250067494 0.0468956028233
499 0.00370744775873 -0.0224250067494 0.0468956028233
500 0.00370744775873 -0.0224250067494 0.0468956028233
501 0.00528662565022 0.0890355438951 -0.0668650908058
502 0.00528662565022 0.0890355438951 -0.0668650908058
503 0.00528662565022 0.0890355438951 -0.0668650908058
504 0.00528662565022 0.0890355438951 -0.0668650908058
505 0.00528662565022 0.0890355438951 -0.0668650908058
506 0.00528662565022 0.0890355438951 -0.0668650908058
507 0.00528662565022 0.0890355438951 -0.0668650908058
508 0.00528662565022 0.0890355438951 -0.0668650908058
509 0.00528662565022 0.0890355438951 -0.0668650908058
510 0.00528662565022 0.0890355438951 -0.0668650908058
511 0.00528662565022 0.0890355438951 -0.0668650908058
512 0.00528662565022 0.0890355438951 -0.0668650908058
513 0.00528662565022 0.0890355438951 -0.0668650908058
514 0.00528662565022 0.0890355438951 -0.0668650908058
515 0.00528662565022 0.0890355438951 -0.0668650908058
516 0.00528662565022 0.0890355438951 -0.0668650908058
517 0.00528662565022 0.0890355438951 -0.0668650908058
518 0.00528662565022 0.0890355438951 -0.0668650908058
519 0.00528662565022 0.0890355438951 -0.0668650908058
520 0.00528662565022 0.0890355438951 -0.0668650908058
521 0.00528662565022 0.0890355438951 -0.0668650908058
522 0.00528662565022 0.0890355438951 -0.0668650908058
523 0.00528662565022 0.0890355438951 -0.0668650908058
524 0.00528662565022 0.0890355438951 -0.0668650908058
525 0.00528662565022 0.0890355438951 -0.0668650908058
526 0.00528662565022 0.0890355438951 -0.0668650908058
527 0.00528662565022 0.0890355438951 -0.0668650908058
528 0.00528662565022 0.0890355438951 -0.0668650908058
529 0.00528662565022 0.0890355438951 -0.0668650908058
530 0.00528662565022 0.0890355438951 -0.0668650908058
531 0.00528662565022 0.0890355438951 -0.0668650908058
532 0.00528662565022 0.0890355438951 -0.0668650908058
533 0.00528662565022 0.0890355438951 -0.0668650908058
534 0.00528662565022 0.0890355438951 -0.0668650908058
535 0.00528662565022 0.0890355438951 -0.0668650908058
536 0.00528662565022 0.0890355438951 -0.0668650908058
537 0.00528662565022 0.0890355438951 -0.0668650908058
538 0.00528662565022 0.0890355438951 -0.0668650908058
539 0.00528662565022 0.0890355438951 -0.0668650908058
540 0.00528662565022 0.0890355438951 -0.0668650908058
541 0.00528662565022 0.0890355438951 -0.0668650908058
542 0.00528662565022 0.0890355438951 -0.0668650908058
543 0.00528662565022 0.0890355438951 -0.0668650908058
544 0.00528662565022 0.0890355438951 -0.0668650908058
545 0.00528662565022 0.0890355438951 -0.0668650908058
546 0.00528662565022 0.0890355438951 -0.0668650908058
547 0.00528662565022 0.0890355438951 -0.0668650908058
548 0.00528662565022 0.0890355438951 -0.0668650908058
549 0.00528662565022 0.0890355438951 -0.0668650908058
550 0.00528662565022 0.0890355438951 -0.0668650908058
551 -0.00299442359587 0.0890355438951 -0.0668650908058
552 -0.00299442359587 0.0890355438951 -0.0668650908058
553 -0.00299442359587 0.0890355438951 -0.0668650908058
554 -0.00299442359587 0.0890355438951 -0.0668650908058
555 -0.00299442359587 0.0890355438951 -0.0668650908058
556 -0.00299442359587 0.0890355438951 -0.0668650908058
557 -0.00299442359587 0.0890355438951 -0.0668650908058
558 -0.00299442359587 0.0890355438951 -0.0668650908058
559 -0.00299442359587 0.0890355438951 -0.0668650908058
560 -0.00299442359587 0.0890355438951 -0.0668650908058
561 -0.00299442359587 0.0890355438951 -0.0668650908058
562 -0.00299442359587 0.0890355438951 -0.0668650908058
563 -0.00299442359587 0.0890355438951 -0.0668650908058
564 -0.00299442359587 0.0890355438951 -0.0668650908058
565 -0.00299442359587 0.0890355438951 -0.0668650908058
566 -0.00299442359587 0.0890355438951 -0.0668650908058
567 -0.00299442359587 0.0890355438951 -0.0668650908058
568 -0.00299442359587 0.0890355438951 -0.0668650908058
569 -0.00299442359587 0.0890355438951 -0.0668650908058
570 -0.00299442359587 0.0890355438951 -0.0668650908058
571 -0.00299442359587 0.0890355438951 -0.0668650908058
572 -0.00299442359587 0.0890355438951 -0.0668650908058
573 -0.00299442359587 0.0890355438951 -0.0668650908058
574 -0.00299442359587 0.0890355438951 -0.0668650908058
575 -0.00299442359587 0.0890355438951 -0.0668650908058
576 -0.00299442359587 0.0890355438951 -0.0668650908058
577 -0.00299442359587 0.0890355438951 -0.0668650908058
578 -0.00299442359587 0.0890355438951 -0.0668650908058
579 -0.00299442359587 0.0890355438951 -0.0668650908058
580 -0.00299442359587 0.0890355438951 -0.0668650908058
581 -0.00299442359587 0.0890355438951 -0.0668650908058
582 -0.00299442359587 0.0890355438951 -0.0668650908058
583 -0.00299442359587 0.0890355438951 -0.0668650908058
584 -0.00299442359587 0.0890355438951 -0.0668650908058
585 -0.00299442359587 0.0890355438951 -0.0668650908058
586 -0.00299442359587 0.0890355438951 -0.0668650908058
587 -0.00299442359587 0.0890355438951 -0.0668650908058
588 -0.00299442359587 0.0890355438951 -0.0668650908058
589 -0.00299442359587 0.0890355438951 -0.0668650908058
590 -0.00299442359587 0.0890355438951 -0.0668650908058
591 -0.00299442359587 0.0890355438951 -0.0668650908058
592 -0.00299442359587 0.0890355438951 -0.0668650908058
593 -0.00299442359587 0.0890355438951 -0.0668650908058
594 -0.00299442359587 0.0890355438951 -0.0668650908058
595 -0.00299442359587 0.0890355438951 -0.0668650908058
596 -0.00299442359587 0.0890355438951 -0.0668650908058
597 -0.00299442359587 0.0890355438951 -0.0668650908058
598 -0.00299442359587 0.0890355438951 -0.0668650908058
599 -0.00299442359587 0.0890355438951 -0.0668650908058
600 -0.00299442359587 0.0890355438951 -0.0668650908058
601 -0.0125460040483 -0.00917995744356 -0.0221321486984
602 -0.0125460040483 -0.00917995744356 -0.0221321486984
603 -0.0125460040483 -0.00917995744356 -0.0221321486984
604 -0.0125460040483 -0.00917995744356 -0.0221321486984
605 -0.0125460040483 -0.00917995744356 -0.0221321486984
606 -0.0125460040483 -0.00917995744356 -0.0221321486984
607 -0.0125460040483 -0.00917995744356 -0.0221321486984
608 -0.0125460040483 -0.00917995744356 -0.0221321486984
609 -0.0125460040483 -0.00917995744356 -0.0221321486984
610 -0.0125460040483 -0.00917995744356 -0.0221321486984
611 -0.0125460040483 -0.00917995744356 -0.0221321486984
612 -0.0125460040483 -0.00917995744356 -0.0221321486984
613 -0.0125460040483 -0.00917995744356 -0.0221321486984
614 -0.0125460040483 -0.00917995744356 -0.0221321486984
615 -0.0125460040483 -0.00917995744356 -0.0221321486984
616 -0.0125460040483 -0.00917995744356 -0.0221321486984
617 -0.0125460040483 -0.00917995744356 -0.0221321486984
618 -0.0125460040483 -0.00917995744356 -0.0221321486984
619 -0.0125460040483 -0.00917995744356 -0.0221321486984
620 -0.0125460040483 -0.00917995744356 -0.0221321486984
621 -0.0125460040483 -0.00917995744356 -0.0221321486984
622 -0.0125460040483 -0.00917995744356 -0.0221321486984
623 -0.0125460040483 -0.00917995744356 -0.0221321486984
624 -0.0125460040483 -0.00917995744356 -0.0221321486984
625 -0.0125460040483 -0.00917995744356 -0.0221321486984
626 -0.0125460040483 -0.00917995744356 -0.0221321486984
627 -0.0125460040483 -0.00917995744356 -0.0221321486984
628 -0.0125460040483 -0.00917995744356 -0.0221321486984
629 -0.0125460040483 -0.00917995744356 -0.0221321486984
630 -0.0125460040483 -0.00917995744356 -0.0221321486984
631 -0.0125460040483 -0.00917995744356 -0.0221321486984
632 -0.0125460040483 -0.00917995744356 -0.0221321486984
633 -0.0125460040483 -0.00917995744356 -0.0221321486984
634 -0.0125460040483 -0.00917995744356 -0.0221321486984
635 -0.0125460040483 -0.00917995744356 -0.0221321486984
636 -0.0125460040483 -0.00917995744356 -0.0221321486984
637 -0.0125460040483 -0.00917995744356 -0.0221321486984
638 -0.0125460040483 -0.00917995744356 -0.0221321486984
639 -0.0125460040483 -0.00917995744356 -0.0221321486984
640 -0.0125460040483 -0.00917995744356 -0.0221321486984
641 -0.0125460040483 -0.00917995744356 -0.0221321486984
642 -0.0125460040483 -0.00917995744356 -0.0221321486984
643 -0.0125460040483 -0.00917995744356 -0.0221321486984
644 -0.0125460040483 -0.00917995744356 -0.0221321486984
645 -0.0125460040483 -0.00917995744356 -0.0221321486984
646 -0.0125460040483 -0.00917995744356 -0.0221321486984
647 -0.0125460040483 -0.00917995744356 -0.0221321486984
648 -0.0125460040483 -0.00917995744356 -0.0221321486984
649 -0.0125460040483 -0.00917995744356 -0.0221321486984
650 -0.0125460040483 -0.00917995744356 -0.0221321486984
651 0.00434455744352 -0.00917995744356 -0.0221321486984
652 0.00434455744352 -0.00917995744356 -0.0221321486984
653 0.00434455744352 -0.00917995744356 -0.0221321486984
654 0.00434455744352 -0.00917995744356 -0.0221321486984
655 0.00434455744352 -0.00917995744356 -0.0221321486984
656 0.00434455744352 -0.00917995744356 -0.0221321486984
657 0.00434455744352 -0.00917995744356 -0.0221321486984
658 0.00434455744352 -0.00917995744356 -0.0221321486984
659 0.00434455744352 -0.00917995744356 -0.0221321486984
660 0.00434455744352 -0.00917995744356 -0.0221321486984
661 0.00434455744352 -0.00917995744356 -0.0221321486984
662 0.00434455744352 -0.00917995744356 -0.0221321486984
663 0.00434455744352 -0.00917995744356 -0.0221321486984
664 0.00434455744352 -0.00917995744356 -0.0221321486984
665 0.00434455744352 -0.00917995744356 -0.0221321486984
666 0.00434455744352 -0.00917995744356 -0.0221321486984
667 0.00434455744352 -0.00917995744356 -0.0221321486984
668 0.00434455744352 -0.00917995744356 -0.0221321486984
669 0.00434455744352 -0.00917995744356 -0.0221321486984
670 0.00434455744352 -0.00917995744356 -0.0221321486984
671 0.00434455744352 -0.00917995744356 -0.0221321486984
672 0.00434455744352 -0.00917995744356 -0.0221321486984
673 0.00434455744352 -0.00917995744356 -0.0221321486984
674 0.00434455744352 -0.00917995744356 -0.0221321486984
675 0.00434455744352 -0.00917995744356 -0.0221321486984
676 0.00434455744352 -0.00917995744356 -0.0221321486984
677 0.00434455744352 -0.00917995744356 -0.0221321486984
678 0.00434455744352 -0.00917995744356 -0.0221321486984
679 0.00434455744352 -0.00917995744356 -0.0221321486984
680 0.00434455744352 -0.00917995744356 -0.0221321486984
681 0.00434455744352 -0.00917995744356 -0.0221321486984
682 0.00434455744352 -0.00917995744356 -0.0221321486984
683 0.00434455744352 -0.00917995744356 -0.0221321486984
684 0.00434455744352 -0.00917995744356 -0.0221321486984
685 0.00434455744352 -0.00917995744356 -0.0221321486984
686 0.00434455744352 -0.00917995744356 -0.0221321486984
687 0.00434455744352 -0.00917995744356 -0.0221321486984
688 0.00434455744352 -0.00917995744356 -0.0221321486984
689 0.00434455744352 -0.00917995744356 -0.0221321486984
690 0.00434455744352 -0.00917995744356 -0.0221321486984
691 0.00434455744352 -0.00917995744356 -0.0221321486984
692 0.00434455744352 -0.00917995744356 -0.0221321486984
693 0.00434455744352 -0.00917995744356 -0.0221321486984
694 0.00434455744352 -0.00917995744356 -0.0221321486984
695 0.00434455744352 -0.00917995744356 -0.0221321486984
696 0.00434455744352 -0.00917995744356 -0.0221321486984
697 0.00434455744352 -0.00917995744356 -0.0221321486984
698 0.00434455744352 -0.00917995744356 -0.0221321486984
699 0.00434455744352 -0.00917995744356 -0.0221321486984
700 0.00434455744352 -0.00917995744356 -0.0221321486984
701 0.00695766797283 -0.0126152373822 0.0511810490052
702 0.00695766797283 -0.0126152373822 0.0511810490052
703 0.00695766797283 -0.0126152373822 0.0511810490052
704 0.00695766797283 -0.0126152373822 0.0511810490052
705 0.00695766797283 -0.0126152373822 0.0511810490052
706 0.00695766797283 -0.0126152373822 0.0511810490052
707 0.00695766797283 -0.0126152373822 0.0511810490052
708 0.00695766797283 -0.0126152373822 0.0511810490052
709 0.00695766797283 -0.0126152373822 0.0511810490052
710 0.00695766797283 -0.0126152373822 0.0511810490052
711 0.00695766797283 -0.0126152373822 0.0511810490052
712 0.00695766797283 -0.0126152373822 0.0511810490052
713 0.00695766797283 -0.0126152373822 0.0511810490052
714 0.00695766797283 -0.0126152373822 0.0511810490052
715 0.00695766797283 -0.0126152373822 0.0511810490052
716 0.00695766797283 -0.0126152373822 0.0511810490052
717 0.00695766797283 -0.0126152373822 0.0511810490052
718 0.00695766797283 -0.0126152373822 0.0511810490052
719 0.00695766797283 -0.0126152373822 0.0511810490052
720 0.00695766797283 -0.0126152373822 0.0511810490052
721 0.00695766797283 -0.0126152373822 0.0511810490052
722 0.00695766797283 -0.0126152373822 0.0511810490052
723 0.00695766797283 -0.0126152373822 0.0511810490052
724 0.00695766797283 -0.0126152373822 0.0511810490052
725 0.00695766797283 -0.0126152373822 0.0511810490052
726 0.00695766797283 -0.0126152373822 0.0511810490052
727 0.00695766797283 -0.0126152373822 0.0511810490052
728 0.00695766797283 -0.0126152373822 0.0511810490052
729 0.00695766797283 -0.0126152373822 0.0511810490052
730 0.00695766797283 -0.0126152373822 0.0511810490052
731 0.00695766797283 -0.0126152373822 0.0511810490052
732 0.00695766797283 -0.0126152373822 0.0511810490052
733 0.00695766797283 -0.0126152373822 0.0511810490052
734 0.00695766797283 -0.0126152373822 0.0511810490052
735 0.00695766797283 -0.0126152373822 0.0511810490052
736 0.00695766797283 -0.0126152373822 0.0511810490052
737 0.00695766797283 -0.0126152373822 0.0511810490052
738 0.00695766797283 -0.0126152373822 0.0511810490052
739 0.00695766797283 -0.0126152373822 0.0511810490052
740 0.00695766797283 -0.0126152373822 0.0511810490052
741 0.00695766797283 -0.0126152373822 0.0511810490052
742 0.00695766797283 -0.0126152373822 0.0511810490052
743 0.00695766797283 -0.0126152373822 0.0511810490052
744 0.00695766797283 -0.0126152373822 0.0511810490052
745 0.00695766797283 -0.0126152373822 0.0511810490052
746 0.00695766797283 -0.0126152373822 0.0511810490052
747 0.00695766797283 -0.0126152373822 0.0511810490052
748 0.00695766797283 -0.0126152373822 0.0511810490052
749 0.00695766797283 -0.0126152373822 0.0511810490052
750 0.00695766797283 -0.0126152373822 0.0511810490052
751 -0.00769766197267 -0.0126152373822 0.0511810490052
752 -0.00769766197267 -0.0126152373822 0.0511810490052
753 -0.00769766197267 -0.0126152373822 0.0511810490052
754 -0.00769766197267 -0.0126152373822 0.0511810490052
755 -0.00769766197267 -0.0126152373822 0.0511810490052
756 -0.00769766197267 -0.0126152373822 0.0511810490052
757 -0.00769766197267 -0.0126152373822 0.0511810490052
758 -0.00769766197267 -0.0126152373822 0.0511810490052
759 -0.00769766197267 -0.0126152373822 0.0511810490052
760 -0.00769766197267 -0.0126152373822 0.0511810490052
761 -0.00769766197267 -0.0126152373822 0.0511810490052
762 -0.00769766197267 -0.0126152373822 0.0511810490052
763 -0.00769766197267 -0.0126152373822 0.0511810490052
764 -0.00769766197267 -0.0126152373822 0.0511810490052
765 -0.00769766197267 -0.0126152373822 0.0511810490052
766 -0.00769766197267 -0.0126152373822 0.0511810490052
767 -0.00769766197267 -0.0126152373822 0.0511810490052
768 -0.00769766197267 -0.0126152373822 0.0511810490052
769 -0.00769766197267 -0.0126152373822 0.0511810490052
770 -0.00769766197267 -0.0126152373822 0.0511810490052
771 -0.00769766197267 -0.0126152373822 0.0511810490052
772 -0.00769766197267 -0.0126152373822 0.0511810490052
773 -0.00769766197267 -0.0126152373822 0.0511810490052
774 -0.00769766197267 -0.0126152373822 0.0511810490052
775 -0.00769766197267 -0.0126152373822 0.0511810490052
776 -0.00769766197267 -0.0126152373822 0.0511810490052
777 -0.00769766197267 -0.0126152373822 0.0511810490052
778 -0.00769766197267 -0.0126152373822 0.0511810490052
779 -0.00769766197267 -0.0126152373822 0.0511810490052
780 -0.00769766197267 -0.0126152373822 0.0511810490052
781 -0.00769766197267 -0.0126152373822 0.0511810490052
782 -0.00769766197267 -0.0126152373822 0.0511810490052
783 -0.00769766197267 -0.0126152373822 0.0511810490052
784 -0.00769766197267 -0.0126152373822 0.0511810490052
785 -0.00769766197267 -0.0126152373822 0.0511810490052
786 -0.00769766197267 -0.0126152373822 0.0511810490052
787 -0.00769766197267 -0.0126152373822 0.0511810490052
788 -0.00769766197267 -0.0126152373822 0.0511810490052
789 -0.00769766197267 -0.0126152373822 0.0511810490052
790 -0.00769766197267 -0.0126152373822 0.0511810490052
791 -0.00769766197267 -0.0126152373822 0.0511810490052
792 -0.00769766197267 -0.0126152373822 0.0511810490052
793 -0.00769766197267 -0.0126152373822 0.0511810490052
794 -0.00769766197267 -0.0126152373822 0.0511810490052
795 -0.00769766197267 -0.0126152373822 0.0511810490052
796 -0.00769766197267 -0.0126152373822 0.0511810490052
797 -0.00769766197267 -0.0126152373822 0.0511810490052
798 -0.00769766197267 -0.0126152373822 0.0511810490052
799 -0.00769766197267 -0.0126152373822 0.0511810490052
800 -0.00769766197267 -0.0126152373822 0.0511810490052
801 -0.000444335623534 0.0183924993931 0.0514133840568
802 -0.000444335623534 0.0183924993931 0.0514133840568
803 -0.000444335623534 0.0183924993931 0.0514133840568
804 -0.000444335623534 0.0183924993931 0.0514133840568
805 -0.000444335623534 0.0183924993931 0.0514133840568
806 -0.000444335623534 0.0183924993931 0.0514133840568
807 -0.000444335623534 0.0183924993931 0.0514133840568
808 -0.000444335623534 0.0183924993931 0.0514133840568
809 -0.000444335623534 0.0183924993931 0.0514133840568
810 -0.000444335623534 0.0183924993931 0.0514133840568
811 -0.000444335623534 0.0183924993931 0.0514133840568
812 -0.000444335623534 0.0183924993931 0.0514133840568
813 -0.000444335623534 0.0183924993931 0.0514133840568
814 -0.000444335623534 0.0183924993931 0.0514133840568
815 -0.000444335623534 0.0183924993931 0.0514133840568
816 -0.000444335623534 0.0183924993931 0.0514133840568
817 -0.000444335623534 0.0183924993931 0.0514133840568
818 -0.000444335623534 0.0183924993931 0.0514133840568
819 -0.000444335623534 0.0183924993931 0.0514133840568
820 -0.000444335623534 0.0183924993931 0.0514133840568
821 -0.000444335623534 0.0183924993931 0.0514133840568
822 -0.000444335623534 0.0183924993931 0.0514133840568
823 -0.000444335623534 0.0183924993931 0.0514133840568
824 -0.000444335623534 0.0183924993931 0.0514133840568
825 -0.000444335623534 0.0183924993931 0.0514133840568
826 -0.000444335623534 0.0183924993931 0.0514133840568
827 -0.000444335623534 0.0183924993931 0.0514133840568
828 -0.000444335623534 0.0183924993931 0.0514133840568
829 -0.000444335623534 0.0183924993931 0.0514133840568
830 -0.000444335623534 0.0183924993931 0.0514133840568
831 -0.000444335623534 0.0183924993931 0.0514133840568
832 -0.000444335623534 0.0183924993931 0.0514133840568
833 -0.000444335623534 0.0183924993931 0.0514133840568
834 -0.000444335623534 0.0183924993931 0.0514133840568
835 -0.000444335623534 0.0183924993931 0.0514133840568
836 -0.000444335623534 0.0183924993931 0.0514133840568
837 -0.000444335623534 0.0183924993931 0.0514133840568
838 -0.000444335623534 0.0183924993931 0.0514133840568
839 -0.000444335623534 0.0183924993931 0.0514133840568
840 -0.000444335623534 0.0183924993931 0.0514133840568
841 -0.000444335623534 0.0183924993931 0.0514133840568
842 -0.000444335623534 0.0183924993931 0.0514133840568
843 -0.000444335623534 0.0183924993931 0.0514133840568
844 -0.000444335623534 0.0183924993931 0.0514133840568
845 -0.000444335623534 0.0183924993931 0.0514133840568
846 -0.000444335623534 0.0183924993931 0.0514133840568
847 -0.000444335623534 0.0183924993931 0.0514133840568
848 -0.000444335623534 0.0183924993931 0.0514133840568
849 -0.000444335623534 0.0183924993931 0.0514133840568
850 -0.000444335623534 0.0183924993931 0.0514133840568
851 -0.00245097394815 0.0183924993931 0.0514133840568
852 -0.00245097394815 0.0183924993931 0.0514133840568
853 -0.00245097394815 0.0183924993931 0.0514133840568
854 -0.00245097394815 0.0183924993931 0.0514133840568
855 -0.00245097394815 0.0183924993931 0.0514133840568
856 -0.00245097394815 0.0183924993931 0.0514133840568
857 -0.00245097394815 0.0183924993931 0.0514133840568
858 -0.00245097394815 0.0183924993931 0.0514133840568
859 -0.00245097394815 0.0183924993931 0.0514133840568
860 -0.00245097394815 0.0183924993931 0.0514133840568
861 -0.00245097394815 0.0183924993931 0.0514133840568
862 -0.00245097394815 0.0183924993931 0.0514133840568
863 -0.00245097394815 0.0183924993931 0.0514133840568
864 -0.00245097394815 0.0183924993931 0.0514133840568
865 -0.00245097394815 0.0183924993931 0.0514133840568
866 -0.00245097394815 0.0183924993931 0.0514133840568
867 -0.00245097394815 0.0183924993931 0.0514133840568
868 -0.00245097394815 0.0183924993931 0.0514133840568
869 -0.00245097394815 0.0183924993931 0.0514133840568
870 -0.00245097394815 0.0183924993931 0.0514133840568
871 -0.00245097394815 0.0183924993931 0.0514133840568
872 -0.00245097394815 0.0183924993931 0.0514133840568
873 -0.00245097394815 0.0183924993931 0.0514133840568
874 -0.00245097394815 0.0183924993931 0.0514133840568
875 -0.00245097394815 0.0183924993931 0.0514133840568
876 -0.00245097394815 0.0183924993931 0.0514133840568
877 -0.00245097394815 0.0183924993931 0.0514133840568
878 -0.00245097394815 0.0183924993931 0.0514133840568
879 -0.00245097394815 0.0183924993931 0.0514133840568
880 -0.00245097394815 0.0183924993931 0.0514133840568
881 -0.00245097394815 0.0183924993931 0.0514133840568
882 -0.00245097394815 0.0183924993931 0.0514133840568
883 -0.00245097394815 0.0183924993931 0.0514133840568
884 -0.00245097394815 0.0183924993931 0.0514133840568
885 -0.00245097394815 0.0183924993931 0.0514133840568
886 -0.00245097394815 0.0183924993931 0.0514133840568
887 -0.00245097394815 0.0183924993931 0.0514133840568
888 -0.00245097394815 0.0183924993931 0.0514133840568
889 -0.00245097394815 0.0183924993931 0.0514133840568
890 -0.00245097394815 0.0183924993931 0.0514133840568
891 -0.00245097394815 0.0183924993931 0.0514133840568
892 -0.00245097394815 0.0183924993931 0.0514133840568
893 -0.00245097394815 0.0183924993931 0.0514133840568
894 -0.00245097394815 0.0183924993931 0.0514133840568
895 -0.00245097394815 0.0183924993931 0.0514133840568
896 -0.00245097394815 0.0183924993931 0.0514133840568
897 -0.00245097394815 0.0183924993931 0.0514133840568
898 -0.00245097394815 0.0183924993931 0.0514133840568
899 -0.00245097394815 0.0183924993931 0.0514133840568
900 -0.00245097394815 0.0183924993931 0.0514133840568
901 0.00656547445671 -0.0201337567266 -0.0466015476761
902 0.00656547445671 -0.0201337567266 -0.0466015476761
903 0.00656547445671 -0.0201337567266 -0.0466015476761
904 0.00656547445671 -0.0201337567266 -0.0466015476761
905 0.00656547445671 -0.0201337567266 -0.0466015476761
906 0.00656547445671 -0.0201337567266 -0.0466015476761
907 0.00656547445671 -0.0201337567266 -0.0466015476761
908 0.00656547445671 -0.0201337567266 -0.0466015476761
909 0.00656547445671 -0.0201337567266 -0.0466015476761
910 0.00656547445671 -0.0201337567266 -0.0466015476761
911 0.00656547445671 -0.0201337567266 -0.0466015476761
912 0.00656547445671 -0.0201337567266 -0.0466015476761
913 0.00656547445671 -0.0201337567266 -0.0466015476761
914 0.00656547445671 -0.0201337567266 -0.0466015476761
915 0.00656547445671 -0.0201337567266 -0.0466015476761
916 0.00656547445671 -0.0201337567266 -0.0466015476761
917 0.00656547445671 -0.0201337567266 -0.0466015476761
918 0.00656547445671 -0.0201337567266 -0.0466015476761
919 0.00656547445671 -0.0201337567266 -0.0466015476761
920 0.00656547445671 -0.0201337567266 -0.0466015476761
921 0.00656547445671 -0.0201337567266 -0.0466015476761
922 0.00656547445671 -0.0201337567266 -0.0466015476761
923 0.00656547445671 -0.0201337567266 -0.0466015476761
924 0.00656547445671 -0.0201337567266 -0.0466015476761
925 0.00656547445671 -0.0201337567266 -0.0466015476761
926 0.00656547445671 -0.0201337567266 -0.0466015476761
927 0.00656547445671 -0.0201337567266 -0.0466015476761
928 0.00656547445671 -0.0201337567266 -0.0466015476761
929 0.00656547445671 -0.0201337567266 -0.0466015476761
930 0.00656547445671 -0.0201337567266 -0.0466015476761
931 0.00656547445671 -0.0201337567266 -0.0466015476761
932 0.00656547445671 -0.0201337567266 -0.0466015476761
933 0.00656547445671 -0.0201337567266 -0.0466015476761
934 0.00656547445671 -0.0201337567266 -0.0466015476761
935 0.00656547445671 -0.0201337567266 -0.0466015476761
936 0.00656547445671 -0.0201337567266 -0.0466015476761
937 0.00656547445671 -0.0201337567266 -0.0466015476761
938 0.00656547445671 -0.0201337567266 -0.0466015476761
939 0.00656547445671 -0.0201337567266 -0.0466015476761
940 0.00656547445671 -0.0201337567266 -0.0466015476761
941 0.00656547445671 -0.0201337567266 -0.0466015476761
942 0.00656547445671 -0.0201337567266 -0.0466015476761
943 0.00656547445671 -0.0201337567266 -0.0466015476761
944 0.00656547445671 -0.0201337567266 -0.0466015476761
945 0.00656547445671 -0.0201337567266 -0.0466015476761
946 0.00656547445671 -0.0201337567266 -0.0466015476761
947 0.00656547445671 -0.0201337567266 -0.0466015476761
948 0.00656547445671 -0.0201337567266 -0.0466015476761
949 0.00656547445671 -0.0201337567266 -0.0466015476761
950 0.00656547445671 -0.0201337567266 -0.0466015476761
951 0.00656547445671 -0.0201337567266 -0.0466015476761
952 0.00656547445671 -0.0201337567266 -0.0466015476761
953 0.00656547445671 -0.0201337567266 -0.0466015476761
954 0.00656547445671 -0.0201337567266 -0.0466015476761
955 0.00656547445671 -0.0201337567266 -0.0466015476761
956 0.00656547445671 -0.0201337567266 -0.0466015476761
957 0.00656547445671 -0.0201337567266 -0.0466015476761
958 0.00656547445671 -0.0201337567266 -0.0466015476761
959 0.00656547445671 -0.0201337567266 -0.0466015476761
960 0.00656547445671 -0.0201337567266 -0.0466015476761
961 0.00656547445671 -0.0201337567266 -0.0466015476761
962 0.00656547445671 -0.0201337567266 -0.0466015476761
963 0.00656547445671 -0.0201337567266 -0.0466015476761
964 0.00656547445671 -0.0201337567266 -0.0466015476761
965 0.00656547445671 -0.0201337567266 -0.0466015476761
966 0.00656547445671 -0.0201337567266 -0.0466015476761
967 0.00656547445671 -0.0201337567266 -0.0466015476761
968 0.00656547445671 -0.0201337567266 -0.0466015476761
969 0.00656547445671 -0.0201337567266 -0.0466015476761
970 0.00656547445671 -0.0201337567266 -0.0466015476761
971 0.0286571134218 -0.0201337567266 -0.0466015476761
972 0.0286571134218 -0.0201337567266 -0.0466015476761
973 0.0286571134218 -0.0201337567266 -0.0466015476761
974 0.0286571134218 -0.0201337567266 -0.0466015476761
975 0.0286571134218 -0.0201337567266 -0.0466015476761
976 0.0286571134218 -0.0201337567266 -0.0466015476761
977 0.0286571134218 -0.0201337567266 -0.0466015476761
978 0.0286571134218 -0.0201337567266 -0.0466015476761
979 0.0286571134218 -0.0201337567266 -0.0466015476761
980 0.0286571134218 -0.0201337567266 -0.0466015476761
981 0.0286571134218 -0.0201337567266 -0.0466015476761
982 0.0286571134218 -0.0201337567266 -0.0466015476761
983 0.0286571134218 -0.0201337567266 -0.0466015476761
984 0.0286571134218 -0.0201337567266 -0.0466015476761
985 0.0286571134218 -0.0201337567266 -0.0466015476761
986 0.0286571134218 -0.0201337567266 -0.0466015476761
987 0.0286571134218 -0.0201337567266 -0.0466015476761
988 0.0286571134218 -0.0201337567266 -0.0466015476761
989 0.0286571134218 -0.0201337567266 -0.0466015476761
990 0.0286571134218 -0.0201337567266 -0.0466015476761
991 0.0286571134218 -0.0201337567266 -0.0466015476761
992 0.0286571134218 -0.0201337567266 -0.0466015476761
993 0.0286571134218 -0.0201337567266 -0.0466015476761
994 0.0286571134218 -0.0201337567266 -0.0466015476761
995 0.0286571134218 -0.0201337567266 -0.0466015476761
996 0.0286571134218 -0.0201337567266 -0.0466015476761
997 0.0286571134218 -0.0201337567266 -0.0466015476761
998 0.0286571134218 -0.0201337567266 -0.0466015476761
999 0.0286571134218 -0.0201337567266 -0.0466015476761
1000 0.0286571134218 -0.0201337567266 -0.0466015476761
1001 0.0286571134218 0.0 0.0
1002 0.0286571134218 0.0 0.0
1003 0.0286571134218 0.0 0.0
1004 0.0286571134218 0.0 0.0
1005 0.0286571134218 0.0 0.0
1006 0.0286571134218 0.0 0.0
1007 0.0286571134218 0.0 0.0
1008 0.0286571134218 0.0 0.0
1009 0.0286571134218 0.0 0.0
1010 0.0286571134218 0.0 0.0
1011 0.0286571134218 0.0 0.0
1012 0.0286571134218 0.0 0.0
1013 0.0286571134218 0.0 0.0
1014 0.0286571134218 0.0 0.0
1015 0.0286571134218 0.0 0.0
1016 0.0286571134218 0.0 0.0
1017 0.0286571134218 0.0 0.0
1018 0.0286571134218 0.0 0.0
1019 0.0286571134218 0.0 0.0
1020 0.0286571134218 0.0 0.0
1021 0.0286571134218 0.0 0.0
1022 0.0286571134218 0.0 0.0
1023 0.0286571134218 0.0 0.0
1024 0.0286571134218 0.0 0.0
1025 0.0286571134218 0.0 0.0
1026 0.0286571134218 0.0 0.0
1027 0.0286571134218 0.0 0.0
1028 0.0286571134218 0.0 0.0
1029 0.0286571134218 0.0 0.0
1030 0.0286571134218 0.0 0.0
1031 -0.00675585344617 0.0 0.0
1032 -0.00675585344617 0.0 0.0
1033 -0.00675585344617 0.0 0.0
1034 -0.00675585344617 0.0 0.0
1035 -0.00675585344617 0.0 0.0
1036 -0.00675585344617 0.0 0.0
1037 -0.00675585344617 0.0 0.0
1038 -0.00675585344617 0.0 0.0
1039 -0.00675585344617 0.0 0.0
1040 -0.00675585344617 0.0 0.0
1041 -0.00675585344617 0.0 0.0
1042 -0.00675585344617 0.0 0.0
1043 -0.00675585344617 0.0 0.0
1044 -0.00675585344617 0.0 0.0
1045 -0.00675585344617 0.0 0.0
1046 -0.00675585344617 0.0 0.0
1047 -0.00675585344617 0.0 0.0
1048 -0.00675585344617 0.0 0.0
1049 -0.00675585344617 0.0 0.0
1050 -0.00675585344617 0.0 0.0
1051 -0.00675585344617 0.0 0.0
1052 -0.00675585344617 0.0 0.0
1053 -0.00675585344617 0.0 0.0
1054 -0.00675585344617 0.0 0.0
1055 -0.00675585344617 0.0 0.0
1056 -0.00675585344617 0.0 0.0
1057 -0.00675585344617 0.0 0.0
1058 -0.00675585344617 0.0 0.0
1059 -0.00675585344617 0.0 0.0
1060 -0.00675585344617 0.0 0.0
1061 -0.00675585344617 0.0 0.0
1062 -0.00675585344617 0.0 0.0
1063 -0.00675585344617 0.0 0.0
1064 -0.00675585344617 0.0 0.0
1065 -0.00675585344617 0.0 0.0
1066 -0.00675585344617 0.0 0.0
1067 -0.00675585344617 0.0 0.0
1068 -0.00675585344617 0.0 0.0
1069 -0.00675585344617 0.0 0.0
1070 -0.00675585344617 0.0 0.0
1071 -0.00675585344617 0.0 0.0
1072 -0.00675585344617 0.0 0.0
1073 -0.00675585344617 0.0 0.0
1074 -0.00675585344617 0.0 0.0
1075 -0.00675585344617 0.0 0.0
1076 -0.00675585344617 0.0 0.0
1077 -0.00675585344617 0.0 0.0
1078 -0.00675585344617 0.0 0.0
1079 -0.00675585344617 0.0 0.0
1080 -0.00675585344617 0.0 0.0
1081 -0.00675585344617 0.0 0.0
1082 -0.00675585344617 0.0 0.0
1083 -0.00675585344617 0.0 0.0
1084 -0.00675585344617 0.0 0.0
1085 -0.00675585344617 0.0 0.0
1086 -0.00675585344617 0.0 0.0
1087 -0.00675585344617 0.0 0.0
1088 -0.00675585344617 0.0 0.0
1089 -0.00675585344617 0.0 0.0
1090 -0.00675585344617 0.0 0.0
1091 0.0160236232767 0.0 0.0
1092 0.0160236232767 0.0 0.0
1093 0.0160236232767 0.0 0.0
1094 0.0160236232767 0.0 0.0
1095 0.0160236232767 0.0 0.0
1096 0.0160236232767 0.0 0.0
1097 0.0160236232767 0.0 0.0
1098 0.0160236232767 0.0 0.0
1099 0.0160236232767 0.0 0.0
1100 0.0160236232767 0.0 0.0
1101 0.0160236232767 0.0 0.0
1102 0.0160236232767 0.0 0.0
1103 0.0160236232767 0.0 0.0
1104 0.0160236232767 0.0 0.0
1105 0.0160236232767 0.0 0.0
1106 0.0160236232767 0.0 0.0
1107 0.0160236232767 0.0 0.0
1108 0.0160236232767 0.0 0.0
1109 0.0160236232767 0.0 0.0
1110 0.0160236232767 0.0 0.0
1111 0.0160236232767 0.0 0.0
1112 0.0160236232767 0.0 0.0
1113 0.0160236232767 0.0 0.0
1114 0.0160236232767 0.0 0.0
1115 0.0160236232767 0.0 0.0
1116 0.0160236232767 0.0 0.0
1117 0.0160236232767 0.0 0.0
1118 0.0160236232767 0.0 0.0
1119 0.0160236232767 0.0 0.0
1120 0.0160236232767 0.0 0.0
1121 0.0160236232767 0.0 0.0
1122 0.0160236232767 0.0 0.0
1123 0.0160236232767 0.0 0.0
1124 0.0160236232767 0.0 0.0
1125 0.0160236232767 0.0 0.0
1126 0.0160236232767 0.0 0.0
1127 0.0160236232767 0.0 0.0
1128 0.0160236232767 0.0 0.0
1129 0.0160236232767 0.0 0.0
1130 0.0160236232767 0.0 0.0
1131 0.0160236232767 0.0 0.0
1132 0.0160236232767 0.0 0.0
1133 0.0160236232767 0.0 0.0
1134 0.0160236232767 0.0 0.0
1135 0.0160236232767 0.0 0.0
1136 0.0160236232767 0.0 0.0
1137 0.0160236232767 0.0 0.0
1138 0.0160236232767 0.0 0.0
1139 0.0160236232767 0.0 0.0
1140 0.0160236232767 0.0 0.0
1141 0.0160236232767 0.0 0.0
1142 0.0160236232767 0.0 0.0
1143 0.0160236232767 0.0 0.0
1144 0.0160236232767 0.0 0.0
1145 0.0160236232767 0.0 0.0
1146 0.0160236232767 0.0 0.0
1147 0.0160236232767 0.0 0.0
1148 0.0160236232767 0.0 0.0
1149 0.0160236232767 0.0 0.0
1150 0.0160236232767 0.0 0.0
1151 0.0306425189585 0.0 0.0
1152 0.0306425189585 0.0 0.0
1153 0.0306425189585 0.0 0.0
1154 0.0306425189585 0.0 0.0
1155 0.0306425189585 0.0 0.0
1156 0.0306425189585 0.0 0.0
1157 0.0306425189585 0.0 0.0
1158 0.0306425189585 0.0 0.0
1159 0.0306425189585 0.0 0.0
1160 0.0306425189585 0.0 0.0
1161 0.0306425189585 0.0 0.0
1162 0.0306425189585 0.0 0.0
1163 0.0306425189585 0.0 0.0
1164 0.0306425189585 0.0 0.0
1165 0.0306425189585 0.0 0.0
1166 0.0306425189585 0.0 0.0
1167 0.0306425189585 0.0 0.0
1168 0.0306425189585 0.0 0.0
1169 0.0306425189585 0.0 0.0
1170 0.0306425189585 0.0 0.0
1171 0.0306425189585 0.0 0.0
1172 0.0306425189585 0.0 0.0
1173 0.0306425189585 0.0 0.0
1174 0.0306425189585 0.0 0.0
1175 0.0306425189585 0.0 0.0
1176 0.0306425189585 0.0 0.0
1177 0.0306425189585 0.0 0.0
1178 0.0306425189585 0.0 0.0
1179 0.0306425189585 0.0 0.0
1180 0.0306425189585 0.0 0.0
1181 0.0306425189585 0.0 0.0
1182 0.0306425189585 0.0 0.0
1183 0.0306425189585 0.0 0.0
1184 0.0306425189585 0.0 0.0
1185 0.0306425189585 0.0 0.0
1186 0.0306425189585 0.0 0.0
1187 0.0306425189585 0.0 0.0
1188 0.0306425189585 0.0 0.0
1189 0.0306425189585 0.0 0.0
1190 0.0306425189585 0.0 0.0
1191 0.0306425189585 0.0 0.0
1192 0.0306425189585 0.0 0.0
1193 0.0306425189585 0.0 0.0
1194 0.0306425189585 0.0 0.0
1195 0.0306425189585 0.0 0.0
1196 0.0306425189585 0.0 0.0
1197 0.0306425189585 0.0 0.0
1198 0.0306425189585 0.0 0.0
1199 0.0306425189585 0.0 0.0
1200 0.0306425189585 0.0 0.0
1201 0.0306425189585 0.0 0.0
1202 0.0306425189585 0.0 0.0
1203 0.0306425189585 0.0 0.0
1204 0.0306425189585 0.0 0.0
1205 0.0306425189585 0.0 0.0
1206 0.0306425189585 0.0 0.0
1207 0.0306425189585 0.0 0.0
1208 0.0306425189585 0.0 0.0
1209 0.0306425189585 0.0 0.0
1210 0.0306425189585 0.0 0.0
1211 -0.00767545860527 0.0 0.0
1212 -0.00767545860527 0.0 0.0
1213 -0.00767545860527 0.0 0.0
1214 -0.00767545860527 0.0 0.0
1215 -0.00767545860527 0.0 0.0
1216 -0.00767545860527 0.0 0.0
1217 -0.00767545860527 0.0 0.0
1218 -0.00767545860527 0.0 0.0
1219 -0.00767545860527 0.0 0.0
1220 -0.00767545860527 0.0 0.0
1221 -0.00767545860527 0.0 0.0
1222 -0.00767545860527 0.0 0.0
1223 -0.00767545860527 0.0 0.0
1224 -0.00767545860527 0.0 0.0
1225 -0.00767545860527 0.0 0.0
1226 -0.00767545860527 0.0 0.0
1227 -0.00767545860527 0.0 0.0
1228 -0.00767545860527 0.0 0.0
1229 -0.00767545860527 0.0 0.0
1230 -0.00767545860527 0.0 0.0
1231 -0.00767545860527 0.0 0.0
1232 -0.00767545860527 0.0 0.0
1233 -0.00767545860527 0.0 0.0
1234 -0.00767545860527 0.0 0.0
1235 -0.00767545860527 0.0 0.0
1236 -0.00767545860527 0.0 0.0
1237 -0.00767545860527 0.0 0.0
1238 -0.00767545860527 0.0 0.0
1239 -0.00767545860527 0.0 0.0
1240 -0.00767545860527 0.0 0.0
1241 -0.00767545860527 0.0 0.0
1242 -0.00767545860527 0.0 0.0
1243 -0.00767545860527 0.0 0.0
1244 -0.00767545860527 0.0 0.0
1245 -0.00767545860527 0.0 0.0
1246 -0.00767545860527 0.0 0.0
1247 -0.00767545860527 0.0 0.0
1248 -0.00767545860527 0.0 0.0
1249 -0.00767545860527 0.0 0.0
1250 -0.00767545860527 0.0 0.0
1251 -0.00767545860527 0.0 0.0
1252 -0.00767545860527 0.0 0.0
1253 -0.00767545860527 0.0 0.0
1254 -0.00767545860527 0.0 0.0
1255 -0.00767545860527 0.0 0.0
1256 -0.00767545860527 0.0 0.0
1257 -0.00767545860527 0.0 0.0
1258 -0.00767545860527 0.0 0.0
1259 -0.00767545860527 0.0 0.0
1260 -0.00767545860527 0.0 0.0
1261 -0.00767545860527 0.0 0.0
1262 -0.00767545860527 0.0 0.0
1263 -0.00767545860527 0.0 0.0
1264 -0.00767545860527 0.0 0.0
1265 -0.00767545860527 0.0 0.0
1266 -0.00767545860527 0.0 0.0
1267 -0.00767545860527 0.0 0.0
1268 -0.00767545860527 0.0 0.0
1269 -0.00767545860527 0.0 0.0
1270 -0.00767545860527 0.0 0.0
1271 -0.00247458785219 0.0 0.0
1272 -0.00247458785219 0.0 0.0
1273 -0.00247458785219 0.0 0.0
1274 -0.00247458785219 0.0 0.0
1275 -0.00247458785219 0.0 0.0
1276 -0.00247458785219 0.0 0.0
1277 -0.00247458785219 0.0 0.0
1278 -0.00247458785219 0.0 0.0
1279 -0.00247458785219 0.0 0.0
1280 -0.00247458785219 0.0 0.0
1281 -0.00247458785219 0.0 0.0
1282 -0.00247458785219 0.0 0.0
1283 -0.00247458785219 0.0 0.0
1284 -0.00247458785219 0.0 0.0
1285 -0.00247458785219 0.0 0.0
1286 -0.00247458785219 0.0 0.0
1287 -0.00247458785219 0.0 0.0
1288 -0.00247458785219 0.0 0.0
1289 -0.00247458785219 0.0 0.0
1290 -0.00247458785219 0.0 0.0
1291 -0.00247458785219 0.0 0.0
1292 -0.00247458785219 0.0 0.0
1293 -0.00247458785219 0.0 0.0
1294 -0.00247458785219 0.0 0.0
1295 -0.00247458785219 0.0 0.0
1296 -0.00247458785219 0.0 0.0
1297 -0.00247458785219 0.0 0.0
1298 -0.00247458785219 0.0 0.0
1299 -0.00247458785219 0.0 0.0
1300 -0.00247458785219 0.0 0.0
1301 -0.00247458785219 0.0 0.0
1302 -0.00247458785219 0.0 0.0
1303 -0.00247458785219 0.0 0.0
1304 -0.00247458785219 0.0 0.0
1305 -0.00247458785219 0.0 0.0
1306 -0.00247458785219 0.0 0.0
1307 -0.00247458785219 0.0 0.0
1308 -0.00247458785219 0.0 0.0
1309 -0.00247458785219 0.0 0.0
1310 -0.00247458785219 0.0 0.0
1311 -0.00247458785219 0.0 0.0
1312 -0.00247458785219 0.0 0.0
1313 -0.00247458785219 0.0 0.0
1314 -0.00247458785219 0.0 0.0
1315 -0.00247458785219 0.0 0.0
1316 -0.00247458785219 0.0 0.0
1317 -0.00247458785219 0.0 0.0
1318 -0.00247458785219 0.0 0.0
1319 -0.00247458785219 0.0 0.0
1320 -0.00247458785219 0.0 0.0
1321 -0.00247458785219 0.0 0.0
1322 -0.00247458785219 0.0 0.0
1323 -0.00247458785219 0.0 0.0
1324 -0.00247458785219 0.0 0.0
1325 -0.00247458785219 0.0 0.0
1326 -0.00247458785219 0.0 0.0
1327 -0.00247458785219 0.0 0.0
1328 -0.00247458785219 0.0 0.0
1329 -0.00247458785219 0.0 0.0
1330 -0.00247458785219 0.0 0.0
1331 -0.0162553609318 0.0 0.0
1332 -0.0162553609318 0.0 0.0
1333 -0.0162553609318 0.0 0.0
1334 -0.0162553609318 0.0 0.0
1335 -0.0162553609318 0.0 0.0
1336 -0.0162553609318 0.0 0.0
1337 -0.0162553609318 0.0 0.0
1338 -0.0162553609318 0.0 0.0
1339 -0.0162553609318 0.0 0.0
1340 -0.0162553609318 0.0 0.0
1341 -0.0162553609318 0.0 0.0
1342 -0.0162553609318 0.0 0.0
1343 -0.0162553609318 0.0 0.0
1344 -0.0162553609318 0.0 0.0
1345 -0.0162553609318 0.0 0.0
1346 -0.0162553609318 0.0 0.0
1347 -0.0162553609318 0.0 0.0
1348 -0.0162553609318 0.0 0.0
1349 -0.0162553609318 0.0 0.0
1350 -0.0162553609318 0.0 0.0
1351 -0.0162553609318 0.0 0.0
1352 -0.0162553609318 0.0 0.0
1353 -0.0162553609318 0.0 0.0
1354 -0.0162553609318 0.0 0.0
1355 -0.0162553609318 0.0 0.0
1356 -0.0162553609318 0.0 0.0
1357 -0.0162553609318 0.0 0.0
1358 -0.0162553609318 0.0 0.0
1359 -0.0162553609318 0.0 0.0
1360 -0.0162553609318 0.0 0.0
1361 -0.0162553609318 0.0 0.0
1362 -0.0162553609318 0.0 0.0
1363 -0.0162553609318 0.0 0.0
1364 -0.0162553609318 0.0 0.0
1365 -0.0162553609318 0.0 0.0
1366 -0.0162553609318 0.0 0.0
1367 -0.0162553609318 0.0 0.0
1368 -0.0162553609318 0.0 0.0
1369 -0.0162553609318 0.0 0.0
1370 -0.0162553609318 0.0 0.0
1371 -0.0162553609318 0.0 0.0
1372 -0.0162553609318 0.0 0.0
1373 -0.0162553609318 0.0 0.0
1374 -0.0162553609318 0.0 0.0
1375 -0.0162553609318 0.0 0.0
1376 -0.0162553609318 0.0 0.0
1377 -0.0162553609318 0.0 0.0
1378 -0.0162553609318 0.0 0.0
1379 -0.0162553609318 0.0 0.0
1380 -0.0162553609318 0.0 0.0
1381 -0.0162553609318 0.0 0.0
1382 -0.0162553609318 0.0 0.0
1383 -0.0162553609318 0.0 0.0
1384 -0.0162553609318 0.0 0.0
1385 -0.0162553609318 0.0 0.0
1386 -0.0162553609318 0.0 0.0
1387 -0.0162553609318 0.0 0.0
1388 -0.0162553609318 0.0 0.0
1389 -0.0162553609318 0.0 0.0
1390 -0.0162553609318 0.0 0.0
1391 -0.00487439422494 0.0 0.0
1392 -0.00487439422494 0.0 0.0
1393 -0.00487439422494 0.0 0.0
1394 -0.00487439422494 0.0 0.0
1395 -0.00487439422494 0.0 0.0
1396 -0.00487439422494 0.0 0.0
1397 -0.00487439422494 0.0 0.0
1398 -0.00487439422494 0.0 0.0
1399 -0.00487439422494 0.0 0.0
1400 -0.00487439422494 0.0 0.0
1401 -0.00487439422494 0.0 0.0
1402 -0.00487439422494 0.0 0.0
1403 -0.00487439422494 0.0 0.0
1404 -0.00487439422494 0.0 0.0
1405 -0.00487439422494 0.0 0.0
1406 -0.00487439422494 0.0 0.0
1407 -0.00487439422494 0.0 0.0
1408 -0.00487439422494 0.0 0.0
1409 -0.00487439422494 0.0 0.0
1410 -0.00487439422494 0.0 0.0
1411 -0.00487439422494 0.0 0.0
1412 -0.00487439422494 0.0 0.0
1413 -0.00487439422494 0.0 0.0
1414 -0.00487439422494 0.0 0.0
1415 -0.00487439422494 0.0 0.0
1416 -0.00487439422494 0.0 0.0
1417 -0.00487439422494 0.0 0.0
1418 -0.00487439422494 0.0 0.0
1419 -0.00487439422494 0.0 0.0
1420 -0.00487439422494 0.0 0.0
1421 -0.00487439422494 0.0 0.0
1422 -0.00487439422494 0.0 0.0
1423 -0.00487439422494 0.0 0.0
1424 -0.00487439422494 0.0 0.0
1425 -0.00487439422494 0.0 0.0
1426 -0.00487439422494 0.0 0.0
1427 -0.00487439422494 0.0 0.0
1428 -0.00487439422494 0.0 0.0
1429 -0.00487439422494 0.0 0.0
1430 -0.00487439422494 0.0 0.0
1431 -0.00487439422494 0.0 0.0
1432 -0.00487439422494 0.0 0.0
1433 -0.00487439422494 0.0 0.0
1434 -0.00487439422494 0.0 0.0
1435 -0.00487439422494 0.0 0.0
1436 -0.00487439422494 0.0 0.0
1437 -0.00487439422494 0.0 0.0
1438 -0.00487439422494 0.0 0.0
1439 -0.00487439422494 0.0 0.0
1440 -0.00487439422494 0.0 0.0
1441 -0.00487439422494 0.0 0.0
1442 -0.00487439422494 0.0 0.0
1443 -0.00487439422494 0.0 0.0
1444 -0.00487439422494 0.0 0.0
1445 -0.00487439422494 0.0 0.0
1446 -0.00487439422494 0.0 0.0
1447 -0.00487439422494 0.0 0.0
1448 -0.00487439422494 0.0 0.0
1449 -0.00487439422494 0.0 0.0
1450 -0.00487439422494 0.0 0.0
1451 -0.00229390352268 0.0 0.0
1452 -0.00229390352268 0.0 0.0
1453 -0.00229390352268 0.0 0.0
1454 -0.00229390352268 0.0 0.0
1455 -0.00229390352268 0.0 0.0
1456 -0.00229390352268 0.0 0.0
1457 -0.00229390352268 0.0 0.0
1458 -0.00229390352268 0.0 0.0
1459 -0.00229390352268 0.0 0.0
1460 -0.00229390352268 0.0 0.0
1461 -0.00229390352268 0.0 0.0
1462 -0.00229390352268 0.0 0.0
1463 -0.00229390352268 0.0 0.0
1464 -0.00229390352268 0.0 0.0
1465 -0.00229390352268 0.0 0.0
1466 -0.00229390352268 0.0 0.0
1467 -0.00229390352268 0.0 0.0
1468 -0.00229390352268 0.0 0.0
1469 -0.00229390352268 0.0 0.0
1470 -0.00229390352268 0.0 0.0
1471 -0.00229390352268 0.0 0.0
1472 -0.00229390352268 0.0 0.0
1473 -0.00229390352268 0.0 0.0
1474 -0.00229390352268 0.0 0.0
1475 -0.00229390352268 0.0 0.0
1476 -0.00229390352268 0.0 0.0
1477 -0.00229390352268 0.0 0.0
1478 -0.00229390352268 0.0 0.0
1479 -0.00229390352268 0.0 0.0
1480 -0.00229390352268 0.0 0.0
1481 -0.00229390352268 0.0 0.0
1482 -0.00229390352268 0.0 0.0
1483 -0.00229390352268 0.0 0.0
1484 -0.00229390352268 0.0 0.0
1485 -0.00229390352268 0.0 0.0
1486 -0.00229390352268 0.0 0.0
1487 -0.00229390352268 0.0 0.0
1488 -0.00229390352268 0.0 0.0
1489 -0.00229390352268 0.0 0.0
1490 -0.00229390352268 0.0 0.0
1491 -0.00229390352268 0.0 0.0
1492 -0.00229390352268 0.0 0.0
1493 -0.00229390352268 0.0 0.0
1494 -0.00229390352268 0.0 0.0
1495 -0.00229390352268 0.0 0.0
1496 -0.00229390352268 0.0 0.0
1497 -0.00229390352268 0.0 0.0
1498 -0.00229390352268 0.0 0.0
1499 -0.00229390352268 0.0 0.0
1500 -0.00229390352268 0.0 0.0
1501 -0.00229390352268 0.0 0.0
1502 -0.00229390352268 0.0 0.0
1503 -0.00229390352268 0.0 0.0
1504 -0.00229390352268 0.0 0.0
1505 -0.00229390352268 0.0 0.0
1506 -0.00229390352268 0.0 0.0
1507 -0.00229390352268 0.0 0.0
1508 -0.00229390352268 0.0 0.0
1509 -0.00229390352268 0.0 0.0
1510 -0.00229390352268 0.0 0.0
1511 -0.00848062901433 0.0 0.0
1512 -0.00848062901433 0.0 0.0
1513 -0.00848062901433 0.0 0.0
1514 -0.00848062901433 0.0 0.0
1515 -0.00848062901433 0.0 0.0
1516 -0.00848062901433 0.0 0.0
1517 -0.00848062901433 0.0 0.0
1518 -0.00848062901433 0.0 0.0
1519 -0.00848062901433 0.0 0.0
1520 -0.00848062901433 0.0 0.0
1521 -0.00848062901433 0.0 0.0
1522 -0.00848062901433 0.0 0.0
1523 -0.00848062901433 0.0 0.0
1524 -0.00848062901433 0.0 0.0
1525 -0.00848062901433 0.0 0.0
1526 -0.00848062901433 0.0 0.0
1527 -0.00848062901433 0.0 0.0
1528 -0.00848062901433 0.0 0.0
1529 -0.00848062901433 0.0 0.0
1530 -0.00848062901433 0.0 0.0
1531 -0.00848062901433 0.0 0.0
1532 -0.00848062901433 0.0 0.0
1533 -0.00848062901433 0.0 0.0
1534 -0.00848062901433 0.0 0.0
1535 -0.00848062901433 0.0 0.0
1536 -0.00848062901433 0.0 0.0
1537 -0.00848062901433 0.0 0.0
1538 -0.00848062901433 0.0 0.0
1539 -0.00848062901433 0.0 0.0
1540 -0.00848062901433 0.0 0.0
1541 -0.00848062901433 0.0 0.0
1542 -0.00848062901433 0.0 0.0
1543 -0.00848062901433 0.0 0.0
1544 -0.00848062901433 0.0 0.0
1545 -0.00848062901433 0.0 0.0
1546 -0.00848062901433 0.0 0.0
1547 -0.00848062901433 0.0 0.0
1548 -0.00848062901433 0.0 0.0
1549 -0.00848062901433 0.0 0.0
1550 -0.00848062901433 0.0 0.0
1551 -0.00848062901433 0.0 0.0
1552 -0.00848062901433 0.0 0.0
1553 -0.00848062901433 0.0 0.0
1554 -0.00848062901433 0.0 0.0
1555 -0.00848062901433 0.0 0.0
1556 -0.00848062901433 0.0 0.0
1557 -0.00848062901433 0.0 0.0
1558 -0.00848062901433 0.0 0.0
1559 -0.00848062901433 0.0 0.0
1560 -0.00848062901433 0.0 0.0
1561 -0.00848062901433 0.0 0.0
1562 -0.00848062901433 0.0 0.0
1563 -0.00848062901433 0.0 0.0
1564 -0.00848062901433 0.0 0.0
1565 -0.00848062901433 0.0 0.0
1566 -0.00848062901433 0.0 0.0
1567 -0.00848062901433 0.0 0.0
1568 -0.00848062901433 0.0 0.0
1569 -0.00848062901433 0.0 0.0
1570 -0.00848062901433 0.0 0.0
1571 0.00972987835899 0.0 0.0
1572 0.00972987835899 0.0 0.0
1573 0.00972987835899 0.0 0.0
1574 0.00972987835899 0.0 0.0
1575 0.00972987835899 0.0 0.0
1576 0.00972987835899 0.0 0.0
1577 0.00972987835899 0.0 0.0
1578 0.00972987835899 0.0 0.0
1579 0.00972987835899 0.0 0.0
1580 0.00972987835899 0.0 0.0
1581 0.00972987835899 0.0 0.0
1582 0.00972987835899 0.0 0.0
1583 0.00972987835899 0.0 0.0
1584 0.00972987835899 0.0 0.0
1585 0.00972987835899 0.0 0.0
1586 0.00972987835899 0.0 0.0
1587 0.00972987835899 0.0 0.0
1588 0.00972987835899 0.0 0.0
1589 0.00972987835899 0.0 0.0
1590 0.00972987835899 0.0 0.0
1591 0.00972987835899 0.0 0.0
1592 0.00972987835899 0.0 0.0
1593 0.00972987835899 0.0 0.0
1594 0.00972987835899 0.0 0.0
1595 0.00972987835899 0.0 0.0
1596 0.00972987835899 0.0 0.0
1597 0.00972987835899 0.0 0.0
1598 0.00972987835899 0.0 0.0
1599 0.00972987835899 0.0 0.0
1600 0.00972987835899 0.0 0.0
1601 0.00972987835899 0.0 0.0
1602 0.00972987835899 0.0 0.0
1603 0.00972987835899 0.0 0.0
1604 0.00972987835899 0.0 0.0
1605 0.00972987835899 0.0 0.0
1606 0.00972987835899 0.0 0.0
1607 0.00972987835899 0.0 0.0
1608 0.00972987835899 0.0 0.0
1609 0.00972987835899 0.0 0.0
1610 0.00972987835899 0.0 0.0
1611 0.00972987835899 0.0 0.0
1612 0.00972987835899 0.0 0.0
1613 0.00972987835899 0.0 0.0
1614 0.00972987835899 0.0 0.0
1615 0.00972987835899 0.0 0.0
1616 0.00972987835899 0.0 0.0
1617 0.00972987835899 0.0 0.0
1618 0.00972987835899 0.0 0.0
1619 0.00972987835899 0.0 0.0
1620 0.00972987835899 0.0 0.0
1621 0.00972987835899 0.0 0.0
1622 0.00972987835899 0.0 0.0
1623 0.00972987835899 0.0 0.0
1624 0.00972987835899 0.0 0.0
1625 0.00972987835899 0.0 0.0
1626 0.00972987835899 0.0 0.0
1627 0.00972987835899 0.0 0.0
1628 0.00972987835899 0.0 0.0
1629 0.00972987835899 0.0 0.0
1630 0.00972987835899 0.0 0.0
1631 0.00972987835899 0.0 0.0
1632 0.00972987835899 0.0 0.0
1633 0.00972987835899 0.0 0.0
1634 0.00972987835899 0.0 0.0
1635 0.00972987835899 0.0 0.0
1636 0.00972987835899 0.0 0.0
1637 0.00972987835899 0.0 0.0
1638 0.00972987835899 0.0 0.0
1639 0.00972987835899 0.0 0.0
1640 0.00972987835899 0.0 0.0
1641 0.00972987835899 0.0 0.0
1642 0.00972987835899 0.0 0.0
1643 0.00972987835899 0.0 0.0
1644 0.00972987835899 0.0 0.0
1645 0.00972987835899 0.0 0.0
1646 0.00972987835899 0.0 0.0
1647 0.00972987835899 0.0 0.0
1648 0.00972987835899 0.0 0.0
1649 0.00972987835899 0.0 0.0
1650 0.00972987835899 0.0 0.0
1651 0.0108597102217 0.0 0.0
1652 0.0108597102217 0.0 0.0
1653 0.0108597102217 0.0 0.0
1654 0.0108597102217 0.0 0.0
1655 0.0108597102217 0.0 0.0
1656 0.0108597102217 0.0 0.0
1657 0.0108597102217 0.0 0.0
1658 0.0108597102217 0.0 0.0
1659 0.0108597102217 0.0 0.0
1660 0.0108597102217 0.0 0.0
1661 0.0108597102217 0.0 0.0
1662 0.0108597102217 0.0 0.0
1663 0.0108597102217 0.0 0.0
1664 0.0108597102217 0.0 0.0
1665 0.0108597102217 0.0 0.0
1666 0.0108597102217 0.0 0.0
1667 0.0108597102217 0.0 0.0
1668 0.0108597102217 0.0 0.0
1669 0.0108597102217 0.0 0.0
1670 0.0108597102217 0.0 0.0
1671 0.0108597102217 0.0 0.0
1672 0.0108597102217 0.0 0.0
1673 0.0108597102217 0.0 0.0
1674 0.0108597102217 0.0 0.0
1675 0.0108597102217 0.0 0.0
1676 0.0108597102217 0.0 0.0
1677 0.0108597102217 0.0 0.0
1678 0.0108597102217 0.0 0.0
1679 0.0108597102217 0.0 0.0
1680 0.0108597102217 0.0 0.0
1681 0.0108597102217 0.0 0.0
1682 0.0108597102217 0.0 0.0
1683 0.0108597102217 0.0 0.0
1684 0.0108597102217 0.0 0.0
1685 0.0108597102217 0.0 0.0
1686 0.0108597102217 0.0 0.0
1687 0.0108597102217 0.0 0.0
1688 0.0108597102217 0.0 0.0
1689 0.0108597102217 0.0 0.0
1690 0.0108597102217 0.0 0.0
1691 0.0108597102217 0.0 0.0
1692 0.0108597102217 0.0 0.0
1693 0.0108597102217 0.0 0.0
1694 0.0108597102217 0.0 0.0
1695 0.0108597102217 0.0 0.0
1696 0.0108597102217 0.0 0.0
1697 0.0108597102217 0.0 0.0
1698 0.0108597102217 0.0 0.0
1699 0.0108597102217 0.0 0.0
1700 0.0108597102217 0.0 0.0
1701 0.0108597102217 0.0 0.0
1702 0.0108597102217 0.0 0.0
1703 0.0108597102217 0.0 0.0
1704 0.0108597102217 0.0 0.0
1705 0.0108597102217 0.0 0.0
1706 0.0108597102217 0.0 0.0
1707 0.0108597102217 0.0 0.0
1708 0.0108597102217 0.0 0.0
1709 0.0108597102217 0.0 0.0
1710 0.0108597102217 0.0 0.0
1711 0.0108597102217 0.0 0.0
1712 0.0108597102217 0.0 0.0
1713 0.0108597102217 0.0 0.0
1714 0.0108597102217 0.0 0.0
1715 0.0108597102217 0.0 0.0
1716 0.0108597102217 0.0 0.0
1717 0.0108597102217 0.0 0.0
1718 0.0108597102217 0.0 0.0
1719 0.0108597102217 0.0 0.0
1720 0.0108597102217 0.0 0.0
1721 0.0108597102217 0.0 0.0
1722 0.0108597102217 0.0 0.0
1723 0.0108597102217 0.0 0.0
1724 0.0108597102217 0.0 0.0
1725 0.0108597102217 0.0 0.0
1726 0.0108597102217 0.0 0.0
1727 0.0108597102217 0.0 0.0
1728 0.0108597102217 0.0 0.0
1729 0.0108597102217 0.0 0.0
1730 0.0108597102217 0.0 0.0
1731 0.0108597102217 0.0 0.0
1732 0.0108597102217 0.0 0.0
1733 0.0108597102217 0.0 0.0
1734 0.0108597102217 0.0 0.0
1735 0.0108597102217 0.0 0.0
1736 0.0108597102217 0.0 0.0
1737 0.0108597102217 0.0 0.0
1738 0.0108597102217 0.0 0.0
1739 0.0108597102217 0.0 0.0
1740 0.0108597102217 0.0 0.0
1741 0.0108597102217 0.0 0.0
1742 0.0108597102217 0.0 0.0
1743 0.0108597102217 0.0 0.0
1744 0.0108597102217 0.0 0.0
1745 0.0108597102217 0.0 0.0
1746 0.0108597102217 0.0 0.0
1747 0.0108597102217 0.0 0.0
1748 0.0108597102217 0.0 0.0
1749 0.0108597102217 0.0 0.0
1750 0.0108597102217 0.0 0.0
1751 0.00569402607513 0.0 0.0
1752 0.00569402607513 0.0 0.0
1753 0.00569402607513 0.0 0.0
1754 0.00569402607513 0.0 0.0
1755 0.00569402607513 0.0 0.0
1756 0.00569402607513 0.0 0.0
1757 0.00569402607513 0.0 0.0
1758 0.00569402607513 0.0 0.0
1759 0.00569402607513 0.0 0.0
1760 0.00569402607513 0.0 0.0
1761 0.00569402607513 0.0 0.0
1762 0.00569402607513 0.0 0.0
1763 0.00569402607513 0.0 0.0
1764 0.00569402607513 0.0 0.0
1765 0.00569402607513 0.0 0.0
1766 0.00569402607513 0.0 0.0
1767 0.00569402607513 0.0 0.0
1768 0.00569402607513 0.0 0.0
1769 0.00569402607513 0.0 0.0
1770 0.00569402607513 0.0 0.0
1771 0.00569402607513 0.0 0.0
1772 0.00569402607513 0.0 0.0
1773 0.00569402607513 0.0 0.0
1774 0.00569402607513 0.0 0.0
1775 0.00569402607513 0.0 0.0
1776 0.00569402607513 0.0 0.0
1777 0.00569402607513 0.0 0.0
1778 0.00569402607513 0.0 0.0
1779 0.00569402607513 0.0 0.0
1780 0.00569402607513 0.0 0.0
1781 0.00569402607513 0.0 0.0
1782 0.00569402607513 0.0 0.0
1783 0.00569402607513 0.0 0.0
1784 0.00569402607513 0.0 0.0
1785 0.00569402607513 0.0 0.0
1786 0.00569402607513 0.0 0.0
1787 0.00569402607513 0.0 0.0
1788 0.00569402607513 0.0 0.0
1789 0.00569402607513 0.0 0.0
1790 0.00569402607513 0.0 0.0
1791 0.00569402607513 0.0 0.0
1792 0.00569402607513 0.0 0.0
1793 0.00569402607513 0.0 0.0
1794 0.00569402607513 0.0 0.0
1795 0.00569402607513 0.0 0.0
1796 0.00569402607513 0.0 0.0
1797 0.00569402607513 0.0 0.0
1798 0.00569402607513 0.0 0.0
1799 0.00569402607513 0.0 0.0
1800 0.00569402607513 0.0 0.0
1801 0.00569402607513 0.0 0.0
1802 0.00569402607513 0.0 0.0
1803 0.00569402607513 0.0 0.0
1804 0.00569402607513 0.0 0.0
1805 0.00569402607513 0.0 0.0
1806 0.00569402607513 0.0 0.0
1807 0.00569402607513 0.0 0.0
1808 0.00569402607513 0.0 0.0
1809 0.00569402607513 0.0 0.0
1810 0.00569402607513 0.0 0.0
1811 0.00569402607513 0.0 0.0
1812 0.00569402607513 0.0 0.0
1813 0.00569402607513 0.0 0.0
1814 0.00569402607513 0.0 0.0
1815 0.00569402607513 0.0 0.0
1816 0.00569402607513 0.0 0.0
1817 0.00569402607513 0.0 0.0
1818 0.00569402607513 0.0 0.0
1819 0.00569402607513 0.0 0.0
1820 0.00569402607513 0.0 0.0
1821 0.00569402607513 0.0 0.0
1822 0.00569402607513 0.0 0.0
1823 0.00569402607513 0.0 0.0
1824 0.00569402607513 0.0 0.0
1825 0.00569402607513 0.0 0.0
1826 0.00569402607513 0.0 0.0
1827 0.00569402607513 0.0 0.0
1828 0.00569402607513 0.0 0.0
1829 0.00569402607513 0.0 0.0
1830 0.00569402607513 0.0 0.0
1831 0.00569402607513 0.0 0.0
1832 0.00569402607513 0.0 0.0
1833 0.00569402607513 0.0 0.0
1834 0.00569402607513 0.0 0.0
1835 0.00569402607513 0.0 0.0
1836 0.00569402607513 0.0 0.0
1837 0.00569402607513 0.0 0.0
1838 0.00569402607513 0.0 0.0
1839 0.00569402607513 0.0 0.0
1840 0.00569402607513 0.0 0.0
1841 0.00569402607513 0.0 0.0
1842 0.00569402607513 0.0 0.0
1843 0.00569402607513 0.0 0.0
1844 0.00569402607513 0.0 0.0
1845 0.00569402607513 0.0 0.0
1846 0.00569402607513 0.0 0.0
1847 0.00569402607513 0.0 0.0
1848 0.00569402607513 0.0 0.0
1849 0.00569402607513 0.0 0.0
1850 0.00569402607513 0.0 0.0
1851 -0.000575114477602 0.0 0.0
1852 -0.000575114477602 0.0 0.0
1853 -0.000575114477602 0.0 0.0
1854 -0.000575114477602 0.0 0.0
1855 -0.000575114477602 0.0 0.0
1856 -0.000575114477602 0.0 0.0
1857 -0.000575114477602 0.0 0.0
1858 -0.000575114477602 0.0 0.0
1859 -0.000575114477602 0.0 0.0
1860 -0.000575114477602 0.0 0.0
1861 -0.000575114477602 0.0 0.0
1862 -0.000575114477602 0.0 0.0
1863 -0.000575114477602 0.0 0.0
1864 -0.000575114477602 0.0 0.0
1865 -0.000575114477602 0.0 0.0
1866 -0.000575114477602 0.0 0.0
1867 -0.000575114477602 0.0 0.0
1868 -0.000575114477602 0.0 0.0
1869 -0.000575114477602 0.0 0.0
1870 -0.000575114477602 0.0 0.0
1871 -0.000575114477602 0.0 0.0
1872 -0.000575114477602 0.0 0.0
1873 -0.000575114477602 0.0 0.0
1874 -0.000575114477602 0.0 0.0
1875 -0.000575114477602 0.0 0.0
1876 -0.000575114477602 0.0 0.0
1877 -0.000575114477602 0.0 0.0
1878 -0.000575114477602 0.0 0.0
1879 -0.000575114477602 0.0 0.0
1880 -0.000575114477602 0.0 0.0
1881 -0.000575114477602 0.0 0.0
1882 -0.000575114477602 0.0 0.0
1883 -0.000575114477602 0.0 0.0
1884 -0.000575114477602 0.0 0.0
1885 -0.000575114477602 0.0 0.0
1886 -0.000575114477602 0.0 0.0
1887 -0.000575114477602 0.0 0.0
1888 -0.000575114477602 0.0 0.0
1889 -0.000575114477602 0.0 0.0
1890 -0.000575114477602 0.0 0.0
1891 -0.000575114477602 0.0 0.0
1892 -0.000575114477602 0.0 0.0
1893 -0.000575114477602 0.0 0.0
1894 -0.000575114477602 0.0 0.0
1895 -0.000575114477602 0.0 0.0
1896 -0.000575114477602 0.0 0.0
1897 -0.000575114477602 0.0 0.0
1898 -0.000575114477602 0.0 0.0
1899 -0.000575114477602 0.0 0.0
1900 -0.000575114477602 0.0 0.0
1901 -0.000575114477602 0.0 0.0
1902 -0.000575114477602 0.0 0.0
1903 -0.000575114477602 0.0 0.0
1904 -0.000575114477602 0.0 0.0
1905 -0.000575114477602 0.0 0.0
1906 -0.000575114477602 0.0 0.0
1907 -0.000575114477602 0.0 0.0
1908 -0.000575114477602 0.0 0.0
1909 -0.000575114477602 0.0 0.0
1910 -0.000575114477602 0.0 0.0
1911 -0.000575114477602 0.0 0.0
1912 -0.000575114477602 0.0 0.0
1913 -0.000575114477602 0.0 0.0
1914 -0.000575114477602 0.0 0.0
1915 -0.000575114477602 0.0 0.0
1916 -0.000575114477602 0.0 0.0
1917 -0.000575114477602 0.0 0.0
1918 -0.000575114477602 0.0 0.0
1919 -0.000575114477602 0.0 0.0
1920 -0.000575114477602 0.0 0.0
1921 -0.000575114477602 0.0 0.0
1922 -0.000575114477602 0.0 0.0
1923 -0.000575114477602 0.0 0.0
1924 -0.000575114477602 0.0 0.0
1925 -0.000575114477602 0.0 0.0
1926 -0.000575114477602 0.0 0.0
1927 -0.000575114477602 0.0 0.0
1928 -0.000575114477602 0.0 0.0
1929 -0.000575114477602 0.0 0.0
1930 -0.000575114477602 0.0 0.0
1931 -0.000575114477602 0.0 0.0
1932 -0.000575114477602 0.0 0.0
1933 -0.000575114477602 0.0 0.0
1934 -0.000575114477602 0.0 0.0
1935 -0.000575114477602 0.0 0.0
1936 -0.000575114477602 0.0 0.0
1937 -0.000575114477602 0.0 0.0
1938 -0.000575114477602 0.0 0.0
1939 -0.000575114477602 0.0 0.0
1940 -0.000575114477602 0.0 0.0
1941 -0.000575114477602 0.0 0.0
1942 -0.000575114477602 0.0 0.0
1943 -0.000575114477602 0.0 0.0
1944 -0.000575114477602 0.0 0.0
1945 -0.000575114477602 0.0 0.0
1946 -0.000575114477602 0.0 0.0
1947 -0.000575114477602 0.0 0.0
1948 -0.000575114477602 0.0 0.0
1949 -0.000575114477602 0.0 0.0
1950 -0.000575114477602 0.0 0.0
1951 -0.00119855144226 0.0 0.0
1952 -0.00119855144226 0.0 0.0
1953 -0.00119855144226 0.0 0.0
1954 -0.00119855144226 0.0 0.0
1955 -0.00119855144226 0.0 0.0
1956 -0.00119855144226 0.0 0.0
1957 -0.00119855144226 0.0 0.0
1958 -0.00119855144226 0.0 0.0
1959 -0.00119855144226 0.0 0.0
1960 -0.00119855144226 0.0 0.0
1961 -0.00119855144226 0.0 0.0
1962 -0.00119855144226 0.0 0.0
1963 -0.00119855144226 0.0 0.0
1964 -0.00119855144226 0.0 0.0
1965 -0.00119855144226 0.0 0.0
1966 -0.00119855144226 0.0 0.0
1967 -0.00119855144226 0.0 0.0
1968 -0.00119855144226 0.0 0.0
1969 -0.00119855144226 0.0 0.0
1970 -0.00119855144226 0.0 0.0
1971 -0.00119855144226 0.0 0.0
1972 -0.00119855144226 0.0 0.0
1973 -0.00119855144226 0.0 0.0
1974 -0.00119855144226 0.0 0.0
1975 -0.00119855144226 0.0 0.0
1976 -0.00119855144226 0.0 0.0
1977 -0.00119855144226 0.0 0.0
1978 -0.00119855144226 0.0 0.0
1979 -0.00119855144226 0.0 0.0
1980 -0.00119855144226 0.0 0.0
1981 -0.00119855144226 0.0 0.0
1982 -0.00119855144226 0.0 0.0
1983 -0.00119855144226 0.0 0.0
1984 -0.00119855144226 0.0 0.0
1985 -0.00119855144226 0.0 0.0
1986 -0.00119855144226 0.0 0.0
1987 -0.00119855144226 0.0 0.0
1988 -0.00119855144226 0.0 0.0
1989 -0.00119855144226 0.0 0.0
1990 -0.00119855144226 0.0 0.0
1991 -0.00119855144226 0.0 0.0
1992 -0.00119855144226 0.0 0.0
1993 -0.00119855144226 0.0 0.0
1994 -0.00119855144226 0.0 0.0
1995 -0.00119855144226 0.0 0.0
1996 -0.00119855144226 0.0 0.0
1997 -0.00119855144226 0.0 0.0
1998 -0.00119855144226 0.0 0.0
1999 -0.00119855144226 0.0 0.0
2000 -0.00119855144226 0.0 0.0
2001 -0.00119855144226 0.0 0.0
2002 -0.00119855144226 0.0 0.0
2003 -0.00119855144226 0.0 0.0
2004 -0.00119855144226 0.0 0.0
2005 -0.00119855144226 0.0 0.0
2006 -0.00119855144226 0.0 0.0
2007 -0.00119855144226 0.0 0.0
2008 -0.00119855144226 0.0 0.0
2009 -0.00119855144226 0.0 0.0
2010 -0.00119855144226 0.0 0.0
2011 -0.00119855144226 0.0 0.0
2012 -0.00119855144226 0.0 0.0
2013 -0.00119855144226 0.0 0.0
2014 -0.00119855144226 0.0 0.0
2015 -0.00119855144226 0.0 0.0
2016 -0.00119855144226 0.0 0.0
2017 -0.00119855144226 0.0 0.0
2018 -0.00119855144226 0.0 0.0
2019 -0.00119855144226 0.0 0.0
2020 -0.00119855144226 0.0 0.0
2021 -0.00119855144226 0.0 0.0
2022 -0.00119855144226 0.0 0.0
2023 -0.00119855144226 0.0 0.0
2024 -0.00119855144226 0.0 0.0
2025 -0.00119855144226 0.0 0.0
2026 -0.00119855144226 0.0 0.0
2027 -0.00119855144226 0.0 0.0
2028 -0.00119855144226 0.0 0.0
2029 -0.00119855144226 0.0 0.0
2030 -0.00119855144226 0.0 0.0
2031 -0.00119855144226 0.0 0.0
2032 -0.00119855144226 0.0 0.0
2033 -0.00119855144226 0.0 0.0
2034 -0.00119855144226 0.0 0.0
2035 -0.00119855144226 0.0 0.0
2036 -0.00119855144226 0.0 0.0
2037 -0.00119855144226 0.0 0.0
2038 -0.00119855144226 0.0 0.0
2039 -0.00119855144226 0.0 0.0
2040 -0.00119855144226 0.0 0.0
2041 -0.00119855144226 0.0 0.0
2042 -0.00119855144226 0.0 0.0
2043 -0.00119855144226 0.0 0.0
2044 -0.00119855144226 0.0 0.0
2045 -0.00119855144226 0.0 0.0
2046 -0.00119855144226 0.0 0.0
2047 -0.00119855144226 0.0 0.0
2048 -0.00119855144226 0.0 0.0
2049 -0.00119855144226 0.0 0.0
2050 -0.00119855144226 0.0 0.0
2051 -0.00119855144226 0.0 0.0
2052 -0.00119855144226 0.0 0.0
2053 -0.00119855144226 0.0 0.0
2054 -0.00119855144226 0.0 0.0
2055 -0.00119855144226 0.0 0.0
2056 -0.00119855144226 0.0 0.0
2057 -0.00119855144226 0.0 0.0
2058 -0.00119855144226 0.0 0.0
2059 -0.00119855144226 0.0 0.0
2060 -0.00119855144226 0.0 0.0
2061 -0.00119855144226 0.0 0.0
2062 -0.00119855144226 0.0 0.0
2063 -0.00119855144226 0.0 0.0
2064 -0.00119855144226 0.0 0.0
2065 -0.00119855144226 0.0 0.0
2066 -0.00119855144226 0.0 0.0
2067 -0.00119855144226 0.0 0.0
2068 -0.00119855144226 0.0 0.0
2069 -0.00119855144226 0.0 0.0
2070 -0.00119855144226 0.0 0.0
2071 -0.00119855144226 0.0 0.0
2072 -0.00119855144226 0.0 0.0
2073 -0.00119855144226 0.0 0.0
2074 -0.00119855144226 0.0 0.0
2075 -0.00119855144226 0.0 0.0
2076 -0.00119855144226 0.0 0.0
2077 -0.00119855144226 0.0 0.0
2078 -0.00119855144226 0.0 0.0
2079 -0.00119855144226 0.0 0.0
2080 -0.00119855144226 0.0 0.0
2081 -0.00119855144226 0.0 0.0
2082 -0.00119855144226 0.0 0.0
2083 -0.00119855144226 0.0 0.0
2084 -0.00119855144226 0.0 0.0
2085 -0.00119855144226 0.0 0.0
2086 -0.00119855144226 0.0 0.0
2087 -0.00119855144226 0.0 0.0
2088 -0.00119855144226 0.0 0.0
2089 -0.00119855144226 0.0 0.0
2090 -0.00119855144226 0.0 0.0
2091 -0.00119855144226 0.0 0.0
2092 -0.00119855144226 0.0 0.0
2093 -0.00119855144226 0.0 0.0
2094 -0.00119855144226 0.0 0.0
2095 -0.00119855144226 0.0 0.0
2096 -0.00119855144226 0.0 0.0
2097 -0.00119855144226 0.0 0.0
2098 -0.00119855144226 0.0 0.0
2099 -0.00119855144226 0.0 0.0
2100 -0.00119855144226 0.0 0.0
2101 0.00522629185602 0.0 0.0
2102 0.00522629185602 0.0 0.0
2103 0.00522629185602 0.0 0.0
2104 0.00522629185602 0.0 0.0
2105 0.00522629185602 0.0 0.0
2106 0.00522629185602 0.0 0.0
2107 0.00522629185602 0.0 0.0
2108 0.00522629185602 0.0 0.0
2109 0.00522629185602 0.0 0.0
2110 0.00522629185602 0.0 0.0
2111 0.00522629185602 0.0 0.0
2112 0.00522629185602 0.0 0.0
2113 0.00522629185602 0.0 0.0
2114 0.00522629185602 0.0 0.0
2115 0.00522629185602 0.0 0.0
2116 0.00522629185602 0.0 0.0
2117 0.00522629185602 0.0 0.0
2118 0.00522629185602 0.0 0.0
2119 0.00522629185602 0.0 0.0
2120 0.00522629185602 0.0 0.0
2121 0.00522629185602 0.0 0.0
2122 0.00522629185602 0.0 0.0
2123 0.00522629185602 0.0 0.0
2124 0.00522629185602 0.0 0.0
2125 0.00522629185602 0.0 0.0
2126 0.00522629185602 0.0 0.0
2127 0.00522629185602 0.0 0.0
2128 0.00522629185602 0.0 0.0
2129 0.00522629185602 0.0 0.0
2130 0.00522629185602 0.0 0.0
2131 0.00522629185602 0.0 0.0
2132 0.00522629185602 0.0 0.0
2133 0.00522629185602 0.0 0.0
2134 0.00522629185602 0.0 0.0
2135 0.00522629185602 0.0 0.0
2136 0.00522629185602 0.0 0.0
2137 0.00522629185602 0.0 0.0
2138 0.00522629185602 0.0 0.0
2139 0.00522629185602 0.0 0.0
2140 0.00522629185602 0.0 0.0
2141 0.00522629185602 0.0 0.0
2142 0.00522629185602 0.0 0.0
2143 0.00522629185602 0.0 0.0
2144 0.00522629185602 0.0 0.0
2145 0.00522629185602 0.0 0.0
2146 0.00522629185602 0.0 0.0
2147 0.00522629185602 0.0 0.0
2148 0.00522629185602 0.0 0.0
2149 0.00522629185602 0.0 0.0
2150 0.00522629185602 0.0 0.0
2151 0.00522629185602 0.0 0.0
2152 0.00522629185602 0.0 0.0
2153 0.00522629185602 0.0 0.0
2154 0.00522629185602 0.0 0.0
2155 0.00522629185602 0.0 0.0
2156 0.00522629185602 0.0 0.0
2157 0.00522629185602 0.0 0.0
2158 0.00522629185602 0.0 0.0
2159 0.00522629185602 0.0 0.0
2160 0.00522629185602 0.0 0.0
2161 0.00522629185602 0.0 0.0
2162 0.00522629185602 0.0 0.0
2163 0.00522629185602 0.0 0.0
2164 0.00522629185602 0.0 0.0
2165 0.00522629185602 0.0 0.0
2166 0.00522629185602 0.0 0.0
2167 0.00522629185602 0.0 0.0
2168 0.00522629185602 0.0 0.0
2169 0.00522629185602 0.0 0.0
2170 0.00522629185602 0.0 0.0
2171 0.00522629185602 0.0 0.0
2172 0.00522629185602 0.0 0.0
2173 0.00522629185602 0.0 0.0
2174 0.00522629185602 0.0 0.0
2175 0.00522629185602 0.0 0.0
2176 0.00522629185602 0.0 0.0
2177 0.00522629185602 0.0 0.0
2178 0.00522629185602 0.0 0.0
2179 0.00522629185602 0.0 0.0
2180 0.00522629185602 0.0 0.0
2181 0.00522629185602 0.0 0.0
2182 0.00522629185602 0.0 0.0
2183 0.00522629185602 0.0 0.0
2184 0.00522629185602 0.0 0.0
2185 0.00522629185602 0.0 0.0
2186 0.00522629185602 0.0 0.0
2187 0.00522629185602 0.0 0.0
2188 0.00522629185602 0.0 0.0
2189 0.00522629185602 0.0 0.0
2190 0.00522629185602 0.0 0.0
2191 0.00522629185602 0.0 0.0
2192 0.00522629185602 0.0 0.0
2193 0.00522629185602 0.0 0.0
2194 0.00522629185602 0.0 0.0
2195 0.00522629185602 0.0 0.0
2196 0.00522629185602 0.0 0.0
2197 0.00522629185602 0.0 0.0
2198 0.00522629185602 0.0 0.0
2199 0.00522629185602 0.0 0.0
2200 0.00522629185602 0.0 0.0
2201 0.00522629185602 0.0 0.0
2202 0.00522629185602 0.0 0.0
2203 0.00522629185602 0.0 0.0
2204 0.00522629185602 0.0 0.0
2205 0.00522629185602 0.0 0.0
2206 0.00522629185602 0.0 0.0
2207 0.00522629185602 0.0 0.0
2208 0.00522629185602 0.0 0.0
2209 0.00522629185602 0.0 0.0
2210 0.00522629185602 0.0 0.0
2211 0.00522629185602 0.0 0.0
2212 0.00522629185602 0.0 0.0
2213 0.00522629185602 0.0 0.0
2214 0.00522629185602 0.0 0.0
2215 0.00522629185602 0.0 0.0
2216 0.00522629185602 0.0 0.0
2217 0.00522629185602 0.0 0.0
2218 0.00522629185602 0.0 0.0
2219 0.00522629185602 0.0 0.0
2220 0.00522629185602 0.0 0.0
2221 0.00522629185602 0.0 0.0
2222 0.00522629185602 0.0 0.0
2223 0.00522629185602 0.0 0.0
2224 0.00522629185602 0.0 0.0
2225 0.00522629185602 0.0 0.0
2226 0.00522629185602 0.0 0.0
2227 0.00522629185602 0.0 0.0
2228 0.00522629185602 0.0 0.0
2229 0.00522629185602 0.0 0.0
2230 0.00522629185602 0.0 0.0
2231 0.00522629185602 0.0 0.0
2232 0.00522629185602 0.0 0.0
2233 0.00522629185602 0.0 0.0
2234 0.00522629185602 0.0 0.0
2235 0.00522629185602 0.0 0.0
2236 0.00522629185602 0.0 0.0
2237 0.00522629185602 0.0 0.0
2238 0.00522629185602 0.0 0.0
2239 0.00522629185602 0.0 0.0
2240 0.00522629185602 0.0 0.0
2241 0.00522629185602 0.0 0.0
2242 0.00522629185602 0.0 0.0
2243 0.00522629185602 0.0 0.0
2244 0.00522629185602 0.0 0.0
2245 0.00522629185602 0.0 0.0
2246 0.00522629185602 0.0 0.0
2247 0.00522629185602 0.0 0.0
2248 0.00522629185602 0.0 0.0
2249 0.00522629185602 0.0 0.0
2250 0.00522629185602 0.0 0.0
2251 0.00522629185602 0.0 0.0
2252 0.00522629185602 0.0 0.0
2253 0.00522629185602 0.0 0.0
2254 0.00522629185602 0.0 0.0
2255 0.00522629185602 0.0 0.0
2256 0.00522629185602 0.0 0.0
2257 0.00522629185602 0.0 0.0
2258 0.00522629185602 0.0 0.0
2259 0.00522629185602 0.0 0.0
2260 0.00522629185602 0.0 0.0
2261 0.00522629185602 0.0 0.0
2262 0.00522629185602 0.0 0.0
2263 0.00522629185602 0.0 0.0
2264 0.00522629185602 0.0 0.0
2265 0.00522629185602 0.0 0.0
2266 0.00522629185602 0.0 0.0
2267 0.00522629185602 0.0 0.0
2268 0.00522629185602 0.0 0.0
2269 0.00522629185602 0.0 0.0
2270 0.00522629185602 0.0 0.0
2271 0.00522629185602 0.0 0.0
2272 0.00522629185602 0.0 0.0
2273 0.00522629185602 0.0 0.0
2274 0.00522629185602 0.0 0.0
2275 0.00522629185602 0.0 0.0
2276 0.00522629185602 0.0 0.0
2277 0.00522629185602 0.0 0.0
2278 0.00522629185602 0.0 0.0
2279 0.00522629185602 0.0 0.0
2280 0.00522629185602 0.0 0.0
2281 0.00522629185602 0.0 0.0
2282 0.00522629185602 0.0 0.0
2283 0.00522629185602 0.0 0.0
2284 0.00522629185602 0.0 0.0
2285 0.00522629185602 0.0 0.0
2286 0.00522629185602 0.0 0.0
2287 0.00522629185602 0.0 0.0
2288 0.00522629185602 0.0 0.0
2289 0.00522629185602 0.0 0.0
2290 0.00522629185602 0.0 0.0
2291 0.00522629185602 0.0 0.0
2292 0.00522629185602 0.0 0.0
2293 0.00522629185602 0.0 0.0
2294 0.00522629185602 0.0 0.0
2295 0.00522629185602 0.0 0.0
2296 0.00522629185602 0.0 0.0
2297 0.00522629185602 0.0 0.0
2298 0.00522629185602 0.0 0.0
2299 0.00522629185602 0.0 0.0
2300 0.00522629185602 0.0 0.0
2301 -0.00655759020198 0.0 0.0
2302 -0.00655759020198 0.0 0.0
2303 -0.00655759020198 0.0 0.0
2304 -0.00655759020198 0.0 0.0
2305 -0.00655759020198 0.0 0.0
2306 -0.00655759020198 0.0 0.0
2307 -0.00655759020198 0.0 0.0
2308 -0.00655759020198 0.0 0.0
2309 -0.00655759020198 0.0 0.0
2310 -0.00655759020198 0.0 0.0
2311 -0.00655759020198 0.0 0.0
2312 -0.00655759020198 0.0 0.0
2313 -0.00655759020198 0.0 0.0
2314 -0.00655759020198 0.0 0.0
2315 -0.00655759020198 0.0 0.0
2316 -0.00655759020198 0.0 0.0
2317 -0.00655759020198 0.0 0.0
2318 -0.00655759020198 0.0 0.0
2319 -0.00655759020198 0.0 0.0
2320 -0.00655759020198 0.0 0.0
2321 -0.00655759020198 0.0 0.0
2322 -0.00655759020198 0.0 0.0
2323 -0.00655759020198 0.0 0.0
2324 -0.00655759020198 0.0 0.0
2325 -0.00655759020198 0.0 0.0
2326 -0.00655759020198 0.0 0.0
2327 -0.00655759020198 0.0 0.0
2328 -0.00655759020198 0.0 0.0
2329 -0.00655759020198 0.0 0.0
2330 -0.00655759020198 0.0 0.0
2331 -0.00655759020198 0.0 0.0
2332 -0.00655759020198 0.0 0.0
2333 -0.00655759020198 0.0 0.0
2334 -0.00655759020198 0.0 0.0
2335 -0.00655759020198 0.0 0.0
2336 -0.00655759020198 0.0 0.0
2337 -0.00655759020198 0.0 0.0
2338 -0.00655759020198 0.0 0.0
2339 -0.00655759020198 0.0 0.0
2340 -0.00655759020198 0.0 0.0
2341 -0.00655759020198 0.0 0.0
2342 -0.00655759020198 0.0 0.0
2343 -0.00655759020198 0.0 0.0
2344 -0.00655759020198 0.0 0.0
2345 -0.00655759020198 0.0 0.0
2346 -0.00655759020198 0.0 0.0
2347 -0.00655759020198 0.0 0.0
2348 -0.00655759020198 0.0 0.0
2349 -0.00655759020198 0.0 0.0
2350 -0.00655759020198 0.0 0.0
2351 -0.00655759020198 0.0 0.0
2352 -0.00655759020198 0.0 0.0
2353 -0.00655759020198 0.0 0.0
2354 -0.00655759020198 0.0 0.0
2355 -0.00655759020198 0.0 0.0
2356 -0.00655759020198 0.0 0.0
2357 -0.00655759020198 0.0 0.0
2358 -0.00655759020198 0.0 0.0
2359 -0.00655759020198 0.0 0.0
2360 -0.00655759020198 0.0 0.0
2361 -0.00655759020198 0.0 0.0
2362 -0.00655759020198 0.0 0.0
2363 -0.00655759020198 0.0 0.0
2364 -0.00655759020198 0.0 0.0
2365 -0.00655759020198 0.0 0.0
2366 -0.00655759020198 0.0 0.0
2367 -0.00655759020198 0.0 0.0
2368 -0.00655759020198 0.0 0.0
2369 -0.00655759020198 0.0 0.0
2370 -0.00655759020198 0.0 0.0
2371 -0.00655759020198 0.0 0.0
2372 -0.00655759020198 0.0 0.0
2373 -0.00655759020198 0.0 0.0
2374 -0.00655759020198 0.0 0.0
2375 -0.00655759020198 0.0 0.0
2376 -0.00655759020198 0.0 0.0
2377 -0.00655759020198 0.0 0.0
2378 -0.00655759020198 0.0 0.0
2379 -0.00655759020198 0.0 0.0
2380 -0.00655759020198 0.0 0.0
2381 -0.00655759020198 0.0 0.0
2382 -0.00655759020198 0.0 0.0
2383 -0.00655759020198 0.0 0.0
2384 -0.00655759020198 0.0 0.0
2385 -0.00655759020198 0.0 0.0
2386 -0.00655759020198 0.0 0.0
2387 -0.00655759020198 0.0 0.0
2388 -0.00655759020198 0.0 0.0
2389 -0.00655759020198 0.0 0.0
2390 -0.00655759020198 0.0 0.0
2391 -0.00655759020198 0.0 0.0
2392 -0.00655759020198 0.0 0.0
2393 -0.00655759020198 0.0 0.0
2394 -0.00655759020198 0.0 0.0
2395 -0.00655759020198 0.0 0.0
2396 -0.00655759020198 0.0 0.0
2397 -0.00655759020198 0.0 0.0
2398 -0.00655759020198 0.0 0.0
2399 -0.00655759020198 0.0 0.0
2400 -0.00655759020198 0.0 0.0
2401 -0.00655759020198 0.0 0.0
2402 -0.00655759020198 0.0 0.0
2403 -0.00655759020198 0.0 0.0
2404 -0.00655759020198 0.0 0.0
2405 -0.00655759020198 0.0 0.0
2406 -0.00655759020198 0.0 0.0
2407 -0.00655759020198 0.0 0.0
2408 -0.00655759020198 0.0 0.0
2409 -0.00655759020198 0.0 0.0
2410 -0.00655759020198 0.0 0.0
2411 -0.00655759020198 0.0 0.0
2412 -0.00655759020198 0.0 0.0
2413 -0.00655759020198 0.0 0.0
2414 -0.00655759020198 0.0 0.0
2415 -0.00655759020198 0.0 0.0
2416 -0.00655759020198 0.0 0.0
2417 -0.00655759020198 0.0 0.0
2418 -0.00655759020198 0.0 0.0
2419 -0.00655759020198 0.0 0.0
2420 -0.00655759020198 0.0 0.0
2421 -0.00655759020198 0.0 0.0
2422 -0.00655759020198 0.0 0.0
2423 -0.00655759020198 0.0 0.0
2424 -0.00655759020198 0.0 0.0
2425 -0.00655759020198 0.0 0.0
2426 -0.00655759020198 0.0 0.0
2427 -0.00655759020198 0.0 0.0
2428 -0.00655759020198 0.0 0.0
2429 -0.00655759020198 0.0 0.0
2430 -0.00655759020198 0.0 0.0
2431 -0.00655759020198 0.0 0.0
2432 -0.00655759020198 0.0 0.0
2433 -0.00655759020198 0.0 0.0
2434 -0.00655759020198 0.0 0.0
2435 -0.00655759020198 0.0 0.0
2436 -0.00655759020198 0.0 0.0
2437 -0.00655759020198 0.0 0.0
2438 -0.00655759020198 0.0 0.0
2439 -0.00655759020198 0.0 0.0
2440 -0.00655759020198 0.0 0.0
2441 -0.00655759020198 0.0 0.0
2442 -0.00655759020198 0.0 0.0
2443 -0.00655759020198 0.0 0.0
2444 -0.00655759020198 0.0 0.0
2445 -0.00655759020198 0.0 0.0
2446 -0.00655759020198 0.0 0.0
2447 -0.00655759020198 0.0 0.0
2448 -0.00655759020198 0.0 0.0
2449 -0.00655759020198 0.0 0.0
2450 -0.00655759020198 0.0 0.0
2451 -0.00655759020198 0.0 0.0
2452 -0.00655759020198 0.0 0.0
2453 -0.00655759020198 0.0 0.0
2454 -0.00655759020198 0.0 0.0
2455 -0.00655759020198 0.0 0.0
2456 -0.00655759020198 0.0 0.0
2457 -0.00655759020198 0.0 0.0
2458 -0.00655759020198 0.0 0.0
2459 -0.00655759020198 0.0 0.0
2460 -0.00655759020198 0.0 0.0
2461 -0.00655759020198 0.0 0.0
2462 -0.00655759020198 0.0 0.0
2463 -0.00655759020198 0.0 0.0
2464 -0.00655759020198 0.0 0.0
2465 -0.00655759020198 0.0 0.0
2466 -0.00655759020198 0.0 0.0
2467 -0.00655759020198 0.0 0.0
2468 -0.00655759020198 0.0 0.0
2469 -0.00655759020198 0.0 0.0
2470 -0.00655759020198 0.0 0.0
2471 -0.00655759020198 0.0 0.0
2472 -0.00655759020198 0.0 0.0
2473 -0.00655759020198 0.0 0.0
2474 -0.00655759020198 0.0 0.0
2475 -0.00655759020198 0.0 0.0
2476 -0.00655759020198 0.0 0.0
2477 -0.00655759020198 0.0 0.0
2478 -0.00655759020198 0.0 0.0
2479 -0.00655759020198 0.0 0.0
2480 -0.00655759020198 0.0 0.0
2481 -0.00655759020198 0.0 0.0
2482 -0.00655759020198 0.0 0.0
2483 -0.00655759020198 0.0 0.0
2484 -0.00655759020198 0.0 0.0
2485 -0.00655759020198 0.0 0.0
2486 -0.00655759020198 0.0 0.0
2487 -0.00655759020198 0.0 0.0
2488 -0.00655759020198 0.0 0.0
2489 -0.00655759020198 0.0 0.0
2490 -0.00655759020198 0.0 0.0
2491 -0.00655759020198 0.0 0.0
2492 -0.00655759020198 0.0 0.0
2493 -0.00655759020198 0.0 0.0
2494 -0.00655759020198 0.0 0.0
2495 -0.00655759020198 0.0 0.0
2496 -0.00655759020198 0.0 0.0
2497 -0.00655759020198 0.0 0.0
2498 -0.00655759020198 0.0 0.0
2499 -0.00655759020198 0.0 0.0
2500 -0.00655759020198 0.0 0.0
