1 5.4755219884585475 -0.21889469705989145
2 1.1914116348773633 2.4290229859692536
3 8.703631991503226 9.181655342731415e-16
4 -1.191411634877368 2.429022985969254
5 5.475521988458557 0.21889469705989326
6 -0.08874665979600467 3.6771594151499336
7 8.714336312900736 -2.357046932696602
8 1.2518100319166592 0.66211677938295
9 -6.021921802374885 2.576379572495461e-16
10 -1.2518100319166598 0.6621167793829505
11 8.714336312900738 2.3570469326965995
12 0.0887466597960029 3.6771594151499327
13 2.746195312323428 -2.0857468627664155
14 7.180359409964595 -0.004468139666008196
15 1.3264666888195284 1.4570691066046169
16 2.695420414521393 -3.0427595221108743
17 1.7798194785277734 -3.2125601590048817e-16
18 -2.6954204145213922 -3.042759522110874
19 1.3264666888195313 -1.4570691066046164
20 -7.180359409964592 -0.004468139666008729
21 2.746195312323429 2.0857468627664146
22 1.7731120475678286 -1.8831581515386622
23 4.936029481668872 -2.399449309112732
24 -0.7143873438812945 1.2752092717788084
25 6.999850357011551 7.273903933186838
26 -0.792981440071216 4.205457104128172
27 -2.842602194081504 -2.0666147590049012e-16
28 0.792981440071218 4.205457104128172
29 6.9998503570115505 -7.27390393318684
30 0.7143873438812898 1.2752092717788104
31 4.9360294816688715 2.3994493091127325
32 -1.7731120475678288 -1.8831581515386628
33 0.817202547172534 -2.697331905224492
34 0.4288850292833329 -1.1690561064745262
35 1.438528418459516 2.463213070754277
36 1.2686194926944143 2.3778604528486347
37 1.7489642946752197 -2.952921734061446
38 0.8972522927765785 -1.6166992458710319
39 0.052688285443325725 1.6723566835290721e-16
40 -0.8972522927765774 -1.6166992458710316
41 1.7489642946752202 2.952921734061448
42 -1.2686194926944114 2.377860452848636
43 1.4385284184595157 -2.463213070754278
44 -0.4288850292833309 -1.1690561064745266
45 0.817202547172534 2.6973319052244924
46 -1.3843282834380193 -3.7244161299094842
47 0.11487693774780176 -1.3739097595085288
48 -0.791166098312131 1.928260355749287
49 -1.6858194637260142 -3.0220153447212525
50 2.520816052135422 -0.5631907413562091
51 -0.758148496655947 -6.040131146082189
52 -0.44060006591820117 1.8322444574239338
53 1.3192576435983083 -8.170403511129204e-17
54 0.4406000659181999 1.8322444574239338
55 -0.7581484966559469 6.040131146082188
56 -2.520816052135423 -0.5631907413562092
57 -1.685819463726013 3.022015344721251
58 0.7911660983121307 1.9282603557492901
59 0.11487693774780174 1.3739097595085292
60 1.3843282834380193 -3.7244161299094833
61 0.06467712943315837 -1.872534057346143
62 -0.5235129661684859 2.156082745137868
63 0.4568621522023076 -0.870344108999153
64 2.6279419652525045 -0.890711473586536
65 0.37061172479400034 0.7893884991710407
66 0.15192159856652768 -0.23661085184243966
67 1.7187836738016353 -1.7149502035080815
68 -4.575148993605666 0.42542768310495904
69 4.337294659033649 -1.0465847129702853e-16
70 4.575148993605665 0.4254276831049571
71 1.7187836738016367 1.7149502035080813
72 -0.15192159856652765 -0.2366108518424399
73 0.37061172479400156 -0.7893884991710403
74 -2.627941965252505 -0.8907114735865369
75 0.45686215220230875 0.8703441089991537
76 0.5235129661684848 2.1560827451378684
77 0.0646771294331581 1.8725340573461409
78 2.23453354868275 1.0140076173046786
79 0.45311057253323284 -1.6661688971827842
80 -1.2989511910142486 2.1706100578057748
81 3.154436135395683 -0.8765841455881154
82 1.0376242725701381 3.7675597258698814
83 -2.4046155162722997 0.19665911174629574
84 -0.9007054286395254 0.7099973537053944
85 -0.8580242404586719 -0.5162256814473748
86 0.9938831492396685 -0.2024751282457158
87 -1.859098412066468 5.890243535937058e-16
88 -0.9938831492396668 -0.20247512824571856
89 -0.8580242404586725 0.5162256814473766
90 0.900705428639526 0.7099973537053927
91 -2.404615516272303 -0.19665911174629933
92 -1.037624272570138 3.7675597258698827
93 3.1544361353956814 0.8765841455881175
94 1.2989511910142466 2.1706100578057774
95 0.45311057253323256 1.6661688971827844
96 -2.23453354868275 1.0140076173046806
97 -1.4099257129284597 -1.195124213680087
98 1.7135575509908945 -0.737281820686248
99 0.4883628505048642 -2.1641419811998417
100 1.1542452134996342 -1.4652386362157335
101 1.9558100218200516 -2.447650499393022
102 -0.12761335165989698 -2.948971081046705
103 -1.7323159338816023 -1.1308331650006098
104 -1.1196100886121148 1.259410033789733
105 2.7236509445661485 0.12256035331964373
106 -1.847673930011012 -0.13032391945638921
107 -0.9717714160372573 -1.757858317758086e-16
108 1.8476739300110112 -0.13032391945638966
109 2.7236509445661503 -0.12256035331964237
110 1.119610088612116 1.2594100337897307
111 -1.7323159338816014 1.1308331650006105
112 0.12761335165989604 -2.9489710810467042
113 1.9558100218200516 2.447650499393022
114 -1.1542452134996344 -1.465238636215734
115 0.48836285050486344 2.1641419811998435
116 -1.7135575509908987 -0.7372818206862477
117 -1.409925712928462 1.1951242136800881
