1 -6.807146049958151 -2.4211683834393387
2 -4.154520794174094 1.7527830497184298
3 1.9517451985861665 -1.7213986668839177e-15
4 4.154520794174099 1.7527830497184287
5 -6.807146049958159 2.4211683834393383
6 -8.52362900697049 1.4945409306023318
7 3.9325234242255944 -1.4750454316827044
8 -1.604029197512704 7.490331277100861
9 2.7249964765020716 2.24211779223265e-16
10 1.6040291975127074 7.490331277100855
11 3.9325234242255966 1.4750454316827066
12 8.523629006970495 1.4945409306023327
13 1.8125589940373648 4.5672494079490225
14 0.4458351849214595 4.137337632755096
15 -0.3774590632361462 -2.7660312294492613
16 4.262639088552038 0.7668290364234508
17 11.639770416060117 8.003332081247907e-18
18 -4.262639088552038 0.7668290364234512
19 -0.37745906323614675 2.7660312294492617
20 -0.4458351849214593 4.137337632755097
21 1.8125589940373654 -4.567249407949024
22 -2.8688529305443784 -1.4384770190496352
23 -0.24535782249205781 -2.958571728211582
24 4.673029625381719 -7.074947438116421
25 0.47070956763635846 -4.630101472280699
26 3.638321229649261 -0.12714498154953333
27 2.573869362027784 -6.921145285327104e-17
28 -3.6383212296492617 -0.1271449815495321
29 0.47070956763635646 4.630101472280699
30 -4.673029625381719 -7.074947438116421
31 -0.2453578224920574 2.9585717282115827
32 2.868852930544379 -1.4384770190496345
33 -0.14180077459570423 -4.30995925919048
34 1.7858668273354266 2.8149177453147134
35 0.8041689047404356 1.327056212139829
36 -1.4773246820621777 -0.5731867454389667
37 1.1886030056805839 -1.4167768447775468
38 1.6559118176854717 -1.4577578684748753
39 1.4841223915650963 6.832380233584697e-17
40 -1.6559118176854726 -1.4577578684748778
41 1.1886030056805836 1.4167768447775475
42 1.4773246820621766 -0.5731867454389673
43 0.8041689047404346 -1.3270562121398277
44 -1.785866827335427 2.8149177453147134
45 -0.14180077459570478 4.309959259190481
46 -3.4095148790763887 4.161186603540954
47 -0.8431812063775654 1.9779557076739045
48 4.674024135749341 0.7928247348026987
49 -0.7880496786916317 0.5788607416448642
50 1.0271994754754736 -1.3368981875970987
51 0.6881722741345078 -0.8993375367520938
52 -1.1924936319737467 2.674210697051642
53 -2.807367339180498 3.2026286945145884e-17
54 1.192493631973747 2.6742106970516417
55 0.6881722741345083 0.8993375367520915
56 -1.0271994754754712 -1.3368981875970982
57 -0.788049678691632 -0.5788607416448652
58 -4.674024135749341 0.7928247348026989
59 -0.8431812063775669 -1.9779557076739045
60 3.40951487907639 4.161186603540954
61 0.20646020659643577 2.702400025489986
62 1.170371012924175 -1.2968205678019868
63 3.643041963563334 -2.151948783902762
64 2.5491008813903697 -0.3300351299760942
65 1.1102484242330046 -2.838401724231007
66 0.1462563792910919 1.8035816770053126
67 2.6436947211651085 0.6152951335356369
68 -0.48178443969400053 2.961460975461976
69 1.7562829688944623 -8.511934690570738e-18
70 0.4817844396940021 2.9614609754619754
71 2.643694721165109 -0.6152951335356365
72 -0.14625637929109297 1.8035816770053121
73 1.1102484242330055 2.838401724231008
74 -2.54910088139037 -0.3300351299760944
75 3.6430419635633364 2.1519487839027613
76 -1.1703710129241756 -1.296820567801988
77 0.20646020659643713 -2.7024000254899847
78 1.9484354382465887 -1.3491073553424846
79 -1.768793359846602 1.4827336011626822
80 0.22937571414327307 -0.5223583199226932
81 -0.48183689152123155 -1.60440495420859
82 2.4333306558088243 3.502968249543885
83 -0.31345141748701283 2.7436008764103974
84 0.3059704455789039 0.5325492377197006
85 1.2390534483332176 3.4804250441075695
86 3.256648723896808 -0.20140865267097685
87 -1.2897980730127907 -5.3862281251525685e-17
88 -3.256648723896807 -0.20140865267097674
89 1.2390534483332176 -3.4804250441075704
90 -0.3059704455789045 0.5325492377197016
91 -0.31345141748701216 -2.7436008764103983
92 -2.4333306558088243 3.502968249543883
93 -0.48183689152123177 1.6044049542085903
94 -0.22937571414327246 -0.5223583199226932
95 -1.768793359846601 -1.482733601162683
96 -1.9484354382465896 -1.3491073553424846
97 -1.713558365890622 1.996754355520723
98 -1.4394390891830489 0.2277019957655127
99 0.009734923645925441 0.6785378261283949
100 -1.0841367755173592 -0.008455474694063355
101 -1.8214892719967901 -0.37067486080355166
102 -0.3775479432588 1.2046409881777682
103 -0.9241334225376518 0.18601585938354565
104 0.8448919536068741 -0.1845634182079851
105 1.2702681840500663 0.9006743786303104
106 -0.6537700320873654 0.9593478342998919
107 0.2722734396499915 1.2020054075826399e-16
108 0.6537700320873641 0.9593478342998911
109 1.2702681840500667 -0.9006743786303094
110 -0.8448919536068752 -0.1845634182079843
111 -0.9241334225376521 -0.186015859383545
112 0.37754794325880126 1.2046409881777689
113 -1.8214892719967894 0.37067486080355205
114 1.084136775517359 -0.008455474694062761
115 0.009734923645925098 -0.6785378261283942
116 1.439439089183049 0.2277019957655123
117 -1.7135583658906208 -1.9967543555207246
