1 -9.01628666840476 -7.528104401386539
2 -10.217293904560488 -2.2010111321119448
3 -18.989729705964795 4.321144369980159e-15
4 10.217293904560472 -2.2010111321119408
5 -9.016286668404744 7.528104401386543
6 11.160313243347481 -2.941691753404663
7 -14.155442398942244 -1.8417383958274853
8 1.3131458891337762 13.687526383896373
9 3.192861185134973 -1.2065943101155016e-15
10 -1.3131458891337853 13.687526383896392
11 -14.15544239894225 1.8417383958274742
12 -11.160313243347481 -2.9416917534046645
13 2.8605104168388955 -3.109815053900477
14 -4.754915636752364 -3.718200031366018
15 1.2567139633872146 3.55602279219949
16 6.63719006562307 4.352183739605858
17 -1.5105810980036478 9.316945831299488e-17
18 -6.637190065623078 4.352183739605861
19 1.256713963387217 -3.556022792199492
20 4.754915636752367 -3.7182000313660115
21 2.8605104168389035 3.1098150539004723
22 -1.9998008611948186 -3.082060126230237
23 -6.064887935473649 1.3868872077113463
24 4.487329912011806 10.863528512976275
25 -2.1268264942945483 3.035685453711339
26 -2.2453222640555555 2.827680735859335
27 5.812118253397776 -1.5762727032724922e-16
28 2.245322264055556 2.827680735859332
29 -2.1268264942945523 -3.035685453711339
30 -4.487329912011809 10.863528512976277
31 -6.064887935473651 -1.3868872077113457
32 1.9998008611948168 -3.082060126230236
33 -3.846368311435443 -4.611407247984466
34 -5.7833004656497025 -0.46137869457336256
35 -0.37086033407950547 -0.9902594533434863
36 2.128932806134826 -1.859112245096745
37 0.0837957855963268 0.49992447292863545
38 -4.965509723135564 -0.5700574718694695
39 6.628716979493612 2.68433890674179e-16
40 4.965509723135561 -0.5700574718694712
41 0.08379578559632707 -0.4999244729286361
42 -2.128932806134827 -1.859112245096745
43 -0.37086033407950636 0.9902594533434872
44 5.7833004656497025 -0.46137869457336333
45 -3.8463683114354414 4.611407247984463
46 -0.4038867674801693 2.7486078349429945
47 0.08794158515731657 -1.213720434922036
48 -1.8307023150459723 -1.718299752647077
49 2.4079612154034775 -1.4163765723285546
50 1.8694464177558914 3.195413765561944
51 -0.485898573313839 -0.19986559836016693
52 -2.3625423142645348 2.0625519669110197
53 1.981732410774103 3.0801664990810003e-17
54 2.3625423142645334 2.062551966911019
55 -0.48589857331383807 0.19986559836016793
56 -1.8694464177558947 3.195413765561942
57 2.407961215403478 1.4163765723285553
58 1.8307023150459727 -1.7182997526470747
59 0.08794158515731716 1.2137204349220359
60 0.40388676748016916 2.748607834942993
61 -1.6870580313272912 -3.045830888476144
62 -1.2018972605044236 -3.604648225360106
63 -1.8619698351208707 1.4805310979779491
64 -1.768621688901383 2.477315375778263
65 1.0217468352011794 2.1580612185825223
66 -4.80396715493626 0.9176533867319844
67 -0.5329950576295008 -0.10859608941185242
68 2.768104855672503 1.3185592164247135
69 -4.162174743375794 9.780185510644788e-16
70 -2.7681048556725028 1.3185592164247155
71 -0.5329950576295023 0.1085960894118581
72 4.803967154936259 0.9176533867319894
73 1.0217468352011785 -2.1580612185825188
74 1.7686216889013846 2.477315375778267
75 -1.8619698351208716 -1.4805310979779467
76 1.2018972605044245 -3.6046482253601035
77 -1.6870580313272945 3.0458308884761442
78 -2.6201544050172405 1.2606089909616347
79 0.2865031819489922 -0.015535870535051777
80 1.9634981160763576 0.8500635555527856
81 0.6507051816047481 0.4381298887455563
82 2.262516330966906 2.967273934943983
83 1.8610373892042447 -0.8527534750608783
84 2.012551526307209 1.7600088307325337
85 -0.7962696236238563 -1.2314151246380567
86 1.4408855276069505 0.2533741786848558
87 1.3115929400674717 3.134613226806786e-17
88 -1.4408855276069494 0.25337417868485335
89 -0.79626962362386 1.2314151246380525
90 -2.0125515263072047 1.7600088307325312
91 1.8610373892042424 0.8527534750608754
92 -2.262516330966901 2.967273934943977
93 0.6507051816047458 -0.4381298887455569
94 -1.9634981160763572 0.8500635555527862
95 0.286503181948997 0.015535870535051332
96 2.6201544050172356 1.2606089909616416
97 -0.004531898394423329 1.277717158603608
98 0.663536794855756 0.5489153977969875
99 2.1083249840566096 -0.1429765186965396
100 -2.0232353746881673 -1.1865677705295292
101 1.3743049380012455 1.5827376242329125
102 0.9632348875076542 -0.8796503711001626
103 -1.9939664319605477 -1.1564820565831233
104 -0.3879685145599803 0.8755735712079519
105 1.5442354560633904 -1.1575150546125983
106 0.2980143375250157 -0.5136977900747414
107 2.4328994742443775 -5.794564316183044e-16
108 -0.29801433752501755 -0.5136977900747418
109 1.5442354560633915 1.1575150546125996
110 0.38796851455998627 0.8755735712079512
111 -1.9939664319605486 1.1564820565831224
112 -0.9632348875076542 -0.8796503711001605
113 1.3743049380012475 -1.5827376242329112
114 2.0232353746881677 -1.1865677705295303
115 2.1083249840566083 0.1429765186965425
116 -0.6635367948557611 0.5489153977969893
117 -0.0045318983944252975 -1.2777171586036096
