1 -1.814824121980082 0.8636282644517526
2 11.987035537743349 -16.95478510151925
3 7.550008522283595 -3.799196622852096e-15
4 -11.987035537743333 -16.954785101519246
5 -1.814824121980097 -0.8636282644517556
6 16.669325951039653 10.293267562208365
7 2.2205497105001384 -1.4899991440917808
8 8.045520886028763 10.15465852343973
9 -4.716050737133604 8.83140356113893e-16
10 -8.045520886028758 10.154658523439725
11 2.220549710500141 1.489999144091783
12 -16.669325951039653 10.293267562208365
13 -4.912547148195197 -5.648509033789658
14 -0.7498968157051841 -0.5149891997819187
15 1.9591009453933281 -0.6376826572303819
16 -1.4969811230189813 -3.0116048901017205
17 -12.047498389662934 1.186623763987934e-16
18 1.4969811230189871 -3.0116048901017214
19 1.9591009453933284 0.637682657230381
20 0.7498968157051827 -0.5149891997819237
21 -4.912547148195202 5.64850903378966
22 -4.11321015538557 -3.4314957791859353
23 -0.5703208811420079 -6.306295970225859
24 0.20052998483524223 2.166341901035341
25 -1.7085502607112935 2.156140997854459
26 -4.036155157219819 -0.7554752349723104
27 6.702828652334079 4.013457648045004e-16
28 4.036155157219816 -0.7554752349723021
29 -1.7085502607112935 -2.156140997854458
30 -0.20052998483523887 2.1663419010353353
31 -0.570320881141998 6.306295970225862
32 4.113210155385574 -3.431495779185937
33 2.189159747068658 0.9644130422543185
34 -2.2761108598411335 1.7892768524515086
35 -3.8423636138814308 -3.2917186531955664
36 -0.4308327590681733 -0.18683818028940027
37 2.0528787875862076 4.211090682382406
38 -0.219906381657856 -2.3669167936819457
39 7.353105764314013 5.748415622741025e-16
40 0.21990638165785503 -2.3669167936819533
41 2.0528787875862062 -4.211090682382407
42 0.4308327590681693 -0.18683818028940144
43 -3.842363613881434 3.2917186531955696
44 2.2761108598411313 1.789276852451509
45 2.1891597470686577 -0.9644130422543173
46 -2.983898812780007 0.5394822520781078
47 -0.05388902553581414 -3.411654707473541
48 0.17478521690564747 1.6421213360059632
49 0.16283807850670384 4.15398471363478
50 -5.322787586693744 1.5733767411323403
51 0.9857458222764977 -1.9238008118498222
52 2.4538753480478133 0.588619971396424
53 -3.196198393851903 -1.4888456300490543e-16
54 -2.4538753480478133 0.5886199713964232
55 0.9857458222764981 1.9238008118498242
56 5.3227875866937415 1.5733767411323383
57 0.16283807850670104 -4.153984713634779
58 -0.1747852169056476 1.642121336005963
59 -0.05388902553581382 3.4116547074735406
60 2.9838988127800072 0.5394822520781081
61 -1.2758827503691645 3.264963582937745
62 -1.1077141238498673 3.5849372531339094
63 -1.1291468453308506 1.128332797765515
64 -0.8633468370413127 1.843989518548541
65 -4.099979825486663 3.7317607281262437
66 -1.9777698335101896 0.7779781655709974
67 2.618621770951006 0.7374405885437084
68 0.882511891349193 5.5967700751505465
69 -1.4250974342824265 2.0701173238331174e-16
70 -0.8825118913491921 5.596770075150544
71 2.6186217709510062 -0.7374405885437066
72 1.977769833510188 0.7779781655709975
73 -4.099979825486663 -3.7317607281262424
74 0.8633468370413134 1.84398951854854
75 -1.12914684533085 -1.1283327977655138
76 1.1077141238498682 3.584937253133911
77 -1.2758827503691659 -3.264963582937744
78 -1.4615600033428102 1.7998623120431414
79 2.1739631501120247 1.1109274765544443
80 2.838548545372131 0.3769813642119461
81 -0.7323407438036036 -0.11170825934357562
82 -2.0770457233468926 1.4792177475035746
83 -1.0794450664287436 -0.05132019201348515
84 2.1295780777689712 -0.4621414102056426
85 0.8488703795308856 -1.0532110646652098
86 -0.4086244420470515 2.8910936012972255
87 -1.504475314022861 4.302958430709476e-16
88 0.40862444204705284 2.8910936012972246
89 0.848870379530885 1.0532110646652122
90 -2.129578077768973 -0.4621414102056444
91 -1.0794450664287456 0.051320192013485734
92 2.0770457233468913 1.479217747503578
93 -0.7323407438036028 0.11170825934357602
94 -2.838548545372132 0.376981364211948
95 2.1739631501120225 -1.110927476554443
96 1.461560003342813 1.7998623120431387
97 1.2379169864539505 0.8030887386901843
98 1.4604228870988734 -0.6754693780118531
99 1.4711979891683091 0.2400708793692351
100 1.786986310171253 1.8006445589046567
101 -3.0429617638732225 -2.057861696632735
102 0.6285802734194953 -0.31628172035612184
103 1.0762022821502413 0.6909408516284065
104 0.3094953812280389 -0.02122223660564006
105 -1.0763072548632766 0.8987676537395944
106 0.4461257783440129 0.4999344044738012
107 0.02346766468990832 8.322255145286181e-16
108 -0.44612577834401096 0.49993440447380383
109 -1.0763072548632786 -0.8987676537395969
110 -0.30949538122804743 -0.02122223660563929
111 1.076202282150243 -0.6909408516284049
112 -0.6285802734194974 -0.316281720356124
113 -3.0429617638732287 2.057861696632734
114 -1.7869863101712535 1.800644558904656
115 1.4711979891683131 -0.2400708793692395
116 -1.4604228870988685 -0.6754693780118562
117 1.2379169864539525 -0.8030887386901824
