8 1 1 0.3129844794839633 0.
8 1 2 0.0018107625598558228 0.02335417828100123
8 1 3 -0.013599578953635179 0.
8 1 4 -0.0018107625598558228 0.02335417828100123
8 1 5 -0.04449858884012793 0.009580837180427274
8 1 6 -0.010756000997631696 0.004115724482691584
8 1 7 0.12579844114226207 0.
8 1 8 0.010756000997631696 0.004115724482691584
8 1 9 -0.04449858884012793 -0.009580837180427274
8 1 10 0.003481687597026373 0.0035860055551622284
8 1 11 -0.01792410510381222 -1.347628852896824e-16
8 1 12 0.00704267814594771 0.028231051978546196
8 1 13 0.011717947150658693 0.
8 1 14 -0.00704267814594771 0.028231051978546196
8 1 15 -0.01792410510381222 1.347628852896824e-16
8 1 16 -0.003481687597026373 0.0035860055551622284
8 1 17 0.19451606461057663 0.006894235520822453
8 1 18 0.02578914965799041 0.008061936887183223
8 1 19 0.006759820904709693 0.01892063741536337
8 1 20 -0.008151924582087675 -0.0016593057631425925
8 1 21 0.3550929564566531 0.
8 1 22 0.008151924582087675 -0.0016593057631425925
8 1 23 0.006759820904709693 -0.01892063741536337
8 1 24 -0.02578914965799041 0.008061936887183223
8 1 25 0.19451606461057663 -0.006894235520822453
8 1 26 0.002068918927153976 0.014762526196424857
8 1 27 -0.012222173264571937 -0.10977948286621292
8 1 28 0.0020101574439209805 -0.020594534314020183
8 1 29 -0.00394133294878491 -0.05491704463832601
8 1 30 0.00051231029279258 0.018124462932016683
8 1 31 -0.004869430384685789 0.
8 1 32 -0.00051231029279258 0.018124462932016683
8 1 33 -0.00394133294878491 0.05491704463832601
8 1 34 -0.0020101574439209805 -0.020594534314020183
8 1 35 -0.012222173264571937 0.10977948286621292
8 1 36 -0.002068918927153976 0.014762526196424857
8 1 37 -0.023335256853306157 0.01004846680770972
8 1 38 0.023803858242317476 -0.0033360315302096797
8 1 39 -0.37488073992771126 -0.013286903158646474
8 1 40 -0.012585635275172723 0.0019248678464765434
8 1 41 -0.015732626961043245 -0.006774674939724521
8 1 42 -0.022390544291997085 0.0043044305140370635
8 1 43 0.2854374544599368 0.
8 1 44 0.022390544291997085 0.0043044305140370635
8 1 45 -0.015732626961043245 0.006774674939724521
8 1 46 0.012585635275172723 0.0019248678464765434
8 1 47 -0.37488073992771126 0.013286903158646474
8 1 48 -0.023803858242317476 -0.0033360315302096797
8 1 49 -0.023335256853306157 -0.01004846680770972
8 1 50 0.004909136844233727 -0.0064547109710644795
8 1 51 0.0137594298473114 0.031953116409331565
8 1 52 -0.0031033783907307567 -0.02214378929463753
8 1 53 0.009662476368315765 0.08678830155316565
8 1 54 -0.008076351295338308 0.01969625667451472
8 1 55 -0.019560562562514535 -0.029392592121343118
8 1 56 0.0031481516006475934 0.018813294060876628
8 1 57 0.0008990781694064258 0.
8 1 58 -0.0031481516006475934 0.018813294060876628
8 1 59 -0.019560562562514535 0.029392592121343118
8 1 60 0.008076351295338308 0.01969625667451472
8 1 61 0.009662476368315765 -0.08678830155316565
8 1 62 0.0031033783907307567 -0.02214378929463753
8 1 63 0.0137594298473114 -0.031953116409331565
8 1 64 -0.004909136844233727 -0.0064547109710644795
8 1 65 0.12662299711417674 0.013167735700715956
8 1 66 -0.006454710971064605 -0.004909136844233925
8 1 67 0.02182813404435992 -0.009399480014205175
8 1 68 -0.011901929121158856 0.0016680157651048026
8 1 69 0.12191939569524828 0.004321190798107949
8 1 70 -0.0012076220764382969 -0.0035623572419150934
8 1 71 0.04008080743819488 -0.014958077253687712
8 1 72 -0.03662463956745791 0.004983060421984592
8 1 73 0.42533679071361935 0.
8 1 74 0.03662463956745791 0.004983060421984592
8 1 75 0.04008080743819488 0.014958077253687712
8 1 76 0.0012076220764382969 -0.0035623572419150934
8 1 77 0.12191939569524828 -0.004321190798107949
8 1 78 0.011901929121158856 0.0016680157651048026
8 1 79 0.02182813404435992 0.009399480014205175
8 1 80 0.006454710971064605 -0.004909136844233925
8 1 81 0.12662299711417674 -0.013167735700715956
8 2 1 -0.012699691999947695 1.835764603119745e-21
8 2 2 0.19262969289417084 0.05636769896601771
8 2 3 0.09085792665890076 -7.976633762024902e-23
8 2 4 -0.19262969289417084 0.05636769896601771
8 2 5 -0.028823961889789793 -0.035161522789847695
8 2 6 0.036703337145696284 0.04496830960114943
8 2 7 0.04153899482419055 7.378523234039151e-22
8 2 8 -0.036703337145696284 0.04496830960114943
8 2 9 -0.028823961889789793 0.035161522789847695
8 2 10 -0.0796990903103678 0.08044587504553637
8 2 11 0.06578118573842702 1.042985878329105e-16
8 2 12 0.16814909282059665 -0.024542841479487997
8 2 13 -0.07828686361814431 6.872990199346067e-23
8 2 14 -0.16814909282059665 -0.024542841479487997
8 2 15 0.06578118573842702 -1.0429879809533468e-16
8 2 16 0.0796990903103678 0.08044587504553637
8 2 17 -0.01171938886598207 -0.0460599513746414
8 2 18 -0.053514247651656854 0.13189605624323048
8 2 19 0.004378674138166043 -0.0694384437549823
8 2 20 -0.06342829323894632 0.0977848558765894
8 2 21 -0.00983452785221769 2.082745704691293e-21
8 2 22 0.06342829323894632 0.0977848558765894
8 2 23 0.004378674138166043 0.0694384437549823
8 2 24 0.053514247651656854 0.13189605624323048
8 2 25 -0.01171938886598207 0.0460599513746414
8 2 26 0.10944213121810528 0.017981516620355603
8 2 27 0.0816555663870726 -0.03624949028919185
8 2 28 0.16435706654172877 -0.04181398619601696
8 2 29 0.014464630354451856 -0.03557251685985073
8 2 30 0.1613981774255075 0.06079613873880692
8 2 31 0.032532356352410724 -2.856093040875517e-23
8 2 32 -0.1613981774255075 0.06079613873880692
8 2 33 0.014464630354451856 0.03557251685985073
8 2 34 -0.16435706654172877 -0.04181398619601696
8 2 35 0.0816555663870726 0.03624949028919185
8 2 36 -0.10944213121810528 0.017981516620355603
8 2 37 -0.015115413134665873 -0.03687771621712888
8 2 38 0.02899432433972501 -0.1764701340806955
8 2 39 0.02258617137034688 0.08876895945293131
8 2 40 -0.08576443350352539 -0.1424779262718582
8 2 41 -0.010190809456466795 0.024862951201546718
8 2 42 -0.004999496305716601 0.1504422709241783
8 2 43 0.016012670149277965 1.6741915642785237e-21
8 2 44 0.004999496305716601 0.1504422709241783
8 2 45 -0.010190809456466795 -0.024862951201546718
8 2 46 0.08576443350352539 -0.1424779262718582
8 2 47 0.02258617137034688 -0.08876895945293131
8 2 48 -0.02899432433972501 -0.1764701340806955
8 2 49 -0.015115413134665873 0.03687771621712888
8 2 50 -0.005532443939310008 0.0686029331663023
8 2 51 -0.0504968926034891 0.0206976318496653
8 2 52 -0.16416319682715835 -0.026972274930534595
8 2 53 -0.06455439335355884 0.02865773833350084
8 2 54 -0.07515082953771986 -0.07751583793464416
8 2 55 0.07178695904875108 -0.019039052186386487
8 2 56 0.13265330390675845 0.013148055087012354
8 2 57 -0.0060066843727332175 5.273411261655171e-24
8 2 58 -0.13265330390675845 0.013148055087012354
8 2 59 0.07178695904875108 0.019039052186386487
8 2 60 0.07515082953771986 -0.07751583793464416
8 2 61 -0.06455439335355884 -0.02865773833350084
8 2 62 0.16416319682715835 -0.026972274930534595
8 2 63 -0.0504968926034891 -0.0206976318496653
8 2 64 0.005532443939310008 0.0686029331663023
8 2 65 -0.03071875751686396 -0.08797280920521354
8 2 66 0.06860293316630199 0.005532443939309812
8 2 67 0.014139174302365316 0.03449594482279304
8 2 68 -0.014497162169863041 0.08823506704034767
8 2 69 -0.007345515710070348 -0.028869602356963873
8 2 70 0.06331935429431751 0.03628096431275336
8 2 71 0.025962343890526967 0.05489590986081002
8 2 72 -0.04747032850721598 0.27351358819358973
8 2 73 0.013859042247384311 2.4947506217688378e-21
8 2 74 0.04747032850721598 0.27351358819358973
8 2 75 0.025962343890526967 -0.05489590986081002
8 2 76 -0.06331935429431751 0.03628096431275336
8 2 77 -0.007345515710070348 0.028869602356963873
8 2 78 0.014497162169863041 0.08823506704034767
8 2 79 0.014139174302365316 -0.03449594482279304
8 2 80 -0.06860293316630199 0.005532443939309812
8 2 81 -0.03071875751686396 0.08797280920521354
8 3 1 0.09627858419525014 3.3751294816643506e-23
8 3 2 0.03826669496416849 -0.14215444940443256
8 3 3 -0.020984805554994764 -1.4174098567485133e-21
8 3 4 -0.03826669496416849 -0.14215444940443256
8 3 5 0.1432606385007694 -0.0470187707882162
8 3 6 0.03503485754683027 0.0020994372639270573
8 3 7 -0.19227469268247782 -7.177737195585116e-22
8 3 8 -0.03503485754683027 0.0020994372639270573
8 3 9 0.1432606385007694 0.0470187707882162
8 3 10 -0.02366155137819809 -0.056696231005475786
8 3 11 0.0879640655183801 3.068583278909331e-17
8 3 12 0.023296334227839756 -0.12682431667001853
8 3 13 0.01808135702572997 1.2212976481718323e-21
8 3 14 -0.023296334227839756 -0.12682431667001853
8 3 15 0.0879640655183801 -3.0687876663661605e-17
8 3 16 0.02366155137819809 -0.056696231005475786
8 3 17 0.07878521984174157 0.010638137573819113
8 3 18 -0.100751956220853 0.01357783120649035
8 3 19 -0.02176285325449069 -0.09285463232976439
8 3 20 0.07087055599036761 0.024196746351862367
8 3 21 0.08658308471004467 -3.342158735817045e-23
8 3 22 -0.07087055599036761 0.024196746351862367
8 3 23 -0.02176285325449069 0.09285463232976439
8 3 24 0.100751956220853 0.01357783120649035
8 3 25 0.07878521984174157 -0.010638137573819113
8 3 26 0.019816421916090555 -0.08128570472127163
8 3 27 -0.018859402213178493 0.167790762264471
8 3 28 0.03178946036812176 0.12152315572278201
8 3 29 0.019342425617829603 0.17680225563393906
8 3 30 0.033921875630620664 -0.1186033010342902
8 3 31 -0.007513765693378735 -5.075141405138459e-22
8 3 32 -0.033921875630620664 -0.1186033010342902
8 3 33 0.019342425617829603 -0.17680225563393906
8 3 34 -0.03178946036812176 0.12152315572278201
8 3 35 -0.018859402213178493 -0.167790762264471
8 3 36 -0.019816421916090555 -0.08128570472127163
8 3 37 0.07512651262705625 -0.04931370283276523
8 3 38 -0.13106926054299603 -0.03195302022731092
8 3 39 -0.15183867496378173 -0.02050233173856462
8 3 40 0.103509150718594 -0.03434403611260317
8 3 41 0.050650284480504494 0.0332472916674036
8 3 42 0.11246912882212273 0.024537766293762215
8 3 43 -0.04884023399545718 -4.018855407887097e-22
8 3 44 -0.11246912882212273 0.024537766293762215
8 3 45 0.050650284480504494 -0.0332472916674036
8 3 46 -0.103509150718594 -0.03434403611260317
8 3 47 -0.15183867496378173 0.02050233173856462
8 3 48 0.13106926054299603 -0.03195302022731092
8 3 49 0.07512651262705625 0.04931370283276523
8 3 50 -0.010279351677339184 -0.0015978917005557121
8 3 51 -0.0675255685890301 -0.1028712140813386
8 3 52 -0.02972463287413591 0.12192855708190742
8 3 53 0.014909666575716312 -0.13265024477288995
8 3 54 -0.0012914222691086364 -0.05915021520791571
8 3 55 0.0959951192463955 0.09462775391877308
8 3 56 0.022834109319950342 -0.09884606297100984
8 3 57 0.0013873209331013536 9.370600837340668e-23
8 3 58 -0.022834109319950342 -0.09884606297100984
8 3 59 0.0959951192463955 -0.09462775391877308
8 3 60 0.0012914222691086364 -0.05915021520791571
8 3 61 0.014909666575716312 0.13265024477288995
8 3 62 0.02972463287413591 0.12192855708190742
8 3 63 -0.0675255685890301 0.1028712140813386
8 3 64 0.010279351677339184 -0.0015978917005557121
8 3 65 0.16562433892737538 0.02031845060947384
8 3 66 -0.0015978917005557754 0.010279351677339104
8 3 67 -0.07027441772839774 0.046128745118347844
8 3 68 0.06553463027149795 0.015976510113655404
8 3 69 0.049381249883152796 0.006667805597031371
8 3 70 -0.024819085023006147 0.01443039357817017
8 3 71 -0.12903784625287207 0.07340803236489091
8 3 72 0.20305221022603032 0.04987140644840376
8 3 73 -0.023250317948647937 -4.420367597570816e-22
8 3 74 -0.20305221022603032 0.04987140644840376
8 3 75 -0.12903784625287207 -0.07340803236489091
8 3 76 0.024819085023006147 0.01443039357817017
8 3 77 0.049381249883152796 -0.006667805597031371
8 3 78 -0.06553463027149795 0.015976510113655404
8 3 79 -0.07027441772839774 -0.046128745118347844
8 3 80 0.0015978917005557754 0.010279351677339104
8 3 81 0.16562433892737538 -0.02031845060947384
8 4 1 -0.0003330409593405674 7.371432643408778e-22
8 4 2 0.09170145955779636 0.06632083552187137
8 4 3 -0.24443057636586243 -7.444483110614831e-23
8 4 4 -0.09170145955779636 0.06632083552187137
8 4 5 0.06335669079572527 0.026415785162353704
8 4 6 -0.05048521813497569 -0.02097253005308473
8 4 7 -0.09642560333540941 2.7437388809399085e-22
8 4 8 0.05048521813497569 -0.02097253005308473
8 4 9 0.06335669079572527 -0.026415785162353704
8 4 10 -0.08649285488408767 -0.012661220518995014
8 4 11 -0.049419408840076784 1.3948887827563723e-16
8 4 12 0.01736701288739955 0.10966249209893636
8 4 13 0.21061126860068163 6.414467679592248e-23
8 4 14 -0.01736701288739955 0.10966249209893636
8 4 15 -0.049419408840076784 -1.39489023814671e-16
8 4 16 0.08649285488408767 -0.012661220518995014
8 4 17 0.007692915566228594 0.12391280404354683
8 4 18 0.11007160778875258 -0.01549866863362144
8 4 19 -0.009624572240546875 0.05216699581536292
8 4 20 -0.009227018738544318 0.07614055473741409
8 4 21 -0.009820030101879379 8.341692414104266e-22
8 4 22 0.009227018738544318 0.07614055473741409
8 4 23 -0.009624572240546875 -0.05216699581536292
8 4 24 -0.11007160778875258 -0.01549866863362144
8 4 25 0.007692915566228594 -0.12391280404354683
8 4 26 0.04016371806017201 0.0475386411086334
8 4 27 -0.21967392267714766 0.0841469319739252
8 4 28 0.07290420327719009 -0.0609957030225194
8 4 29 -0.01086683788355098 0.07819039451039521
8 4 30 0.088365206031278 0.04604376064070108
8 4 31 -0.08752018570281334 -2.665552542523259e-23
8 4 32 -0.088365206031278 0.04604376064070108
8 4 33 -0.01086683788355098 -0.07819039451039521
8 4 34 -0.07290420327719009 -0.0609957030225194
8 4 35 -0.21967392267714766 -0.0841469319739252
8 4 36 -0.04016371806017201 0.0475386411086334
8 4 37 0.033224528948668265 0.027705109209638264
8 4 38 0.07665375552433276 -0.06476204942622038
8 4 39 -0.014826157857156245 -0.23881073143938414
8 4 40 -0.01811542142671619 -0.1052854170884231
8 4 41 0.022399972847598384 -0.018678780818667234
8 4 42 -0.0791902262616745 0.03845074276473312
8 4 43 -0.05727069241556167 6.593036686706565e-22
8 4 44 0.0791902262616745 0.03845074276473312
8 4 45 0.022399972847598384 0.018678780818667234
8 4 46 0.01811542142671619 -0.1052854170884231
8 4 47 -0.014826157857156245 0.23881073143938414
8 4 48 -0.07665375552433276 -0.06476204942622038
8 4 49 0.033224528948668265 -0.027705109209638264
8 4 50 -0.05956606411848405 -0.04511777843848909
8 4 51 0.03793678318065732 -0.045494559919173
8 4 52 -0.060245577090258316 -0.07130796166295018
8 4 53 0.17366748455087513 -0.06652399078821271
8 4 54 0.04879899374640993 0.09572713570439197
8 4 55 -0.05393136409433348 0.04184890845431687
8 4 56 0.04133238677539146 0.06369116473705513
8 4 57 0.016159485223420925 4.9216025511435e-24
8 4 58 -0.04133238677539146 0.06369116473705513
8 4 59 -0.05393136409433348 -0.04184890845431687
8 4 60 -0.04879899374640993 0.09572713570439197
8 4 61 0.17366748455087513 0.06652399078821271
8 4 62 0.060245577090258316 -0.07130796166295018
8 4 63 0.03793678318065732 0.045494559919173
8 4 64 0.05956606411848405 -0.04511777843848909
8 4 65 0.05267505160672549 0.2366688878922165
8 4 66 -0.045117778438489124 0.05956606411848397
8 4 67 -0.03107870104071758 -0.025915756631405273
8 4 68 -0.03832687776216636 0.03238102471311005
8 4 69 0.004821790009205114 0.07766646018743018
8 4 70 -0.024505906792864816 0.06206569754095878
8 4 71 -0.05706669334679578 -0.0412416313662549
8 4 72 -0.1170295718904264 0.1025273424187601
8 4 73 -0.06469240232020783 9.87140919940409e-22
8 4 74 0.1170295718904264 0.1025273424187601
8 4 75 -0.05706669334679578 0.0412416313662549
8 4 76 0.024505906792864816 0.06206569754095878
8 4 77 0.004821790009205114 -0.07766646018743018
8 4 78 0.03832687776216636 0.03238102471311005
8 4 79 -0.03107870104071758 0.025915756631405273
8 4 80 0.045117778438489124 0.05956606411848397
8 4 81 0.05267505160672549 -0.2366688878922165
8 5 1 0.03527366899704673 2.7652056201536074e-22
8 5 2 -0.07230162019343092 0.15518658080969105
8 5 3 -0.009027845158514788 8.228029849126568e-22
8 5 4 0.07230162019343092 0.15518658080969105
8 5 5 0.071005876141069 -0.04703645401427599
8 5 6 0.07696286723874335 -0.014794707632511424
8 5 7 -0.12690974770614027 -2.166656791005916e-22
8 5 8 -0.07696286723874335 -0.014794707632511424
8 5 9 0.071005876141069 0.04703645401427599
8 5 10 0.03230142620635282 0.19388305685042861
8 5 11 0.08799714780508473 2.4914111896431523e-17
8 5 12 -0.0600312454398193 -0.031946215109504614
8 5 13 0.007778756446244732 -7.089603233660132e-22
8 5 14 0.0600312454398193 -0.031946215109504614
8 5 15 0.08799714780508473 -2.4913991920326025e-17
8 5 16 -0.03230142620635282 0.19388305685042861
8 5 17 0.033497143753953816 0.004576618951256075
8 5 18 -0.10283763117263342 -0.04565665853831596
8 5 19 -0.010786566909349052 -0.09288955390314228
8 5 20 -0.15780838352964272 -0.038157424683469145
8 5 21 0.02618458328620917 2.8157900680371267e-22
8 5 22 0.15780838352964272 -0.038157424683469145
8 5 23 -0.010786566909349052 0.09288955390314228
8 5 24 0.10283763117263342 -0.04565665853831596
8 5 25 0.033497143753953816 -0.004576618951256075
8 5 26 -0.04049113094447991 0.05628882365148245
8 5 27 -0.008113478226735605 0.11074927755349627
8 5 28 -0.06142731603778517 -0.11815234298780242
8 5 29 0.019349700084580198 0.08763048382572765
8 5 30 -0.06114615837869542 0.16082489705774866
8 5 31 -0.003232487099268175 2.9461072795000604e-22
8 5 32 0.06114615837869542 0.16082489705774866
8 5 33 0.019349700084580198 -0.08763048382572765
8 5 34 0.06142731603778517 -0.11815234298780242
8 5 35 -0.008113478226735605 -0.11074927755349627
8 5 36 0.04049113094447991 0.05628882365148245
8 5 37 0.037235795584413554 -0.04933224915672112
8 5 38 0.09076300092535505 0.06528998683890107
8 5 39 -0.06455731078606396 -0.008820280742616196
8 5 40 -0.21483028123213085 0.055319402542363304
8 5 41 0.02510436826172089 0.03325979559646383
8 5 42 -0.0326140780801385 -0.05483624535083391
8 5 43 -0.05129931648187371 5.824898049714888e-23
8 5 44 0.0326140780801385 -0.05483624535083391
8 5 45 0.02510436826172089 -0.03325979559646383
8 5 46 0.21483028123213085 0.055319402542363304
8 5 47 -0.06455731078606396 0.008820280742616196
8 5 48 -0.09076300092535505 0.06528998683890107
8 5 49 0.037235795584413554 0.04933224915672112
8 5 50 0.004875756032334929 0.15651537724385942
8 5 51 -0.06755096418900326 -0.050987212970586344
8 5 52 0.06073669641671991 -0.08443323547722363
8 5 53 0.006414267735667109 -0.08755499157180208
8 5 54 0.02404880615524595 -0.16534377615335702
8 5 55 0.09603122192126029 0.0469014144051009
8 5 56 -0.04871738843315461 0.048597412033383344
8 5 57 0.0005968374849311124 -5.439611064281178e-23
8 5 58 0.04871738843315461 0.048597412033383344
8 5 59 0.09603122192126029 -0.0469014144051009
8 5 60 -0.02404880615524595 -0.16534377615335702
8 5 61 0.006414267735667109 0.08755499157180208
8 5 62 -0.06073669641671991 -0.08443323547722363
8 5 63 -0.06755096418900326 0.050987212970586344
8 5 64 -0.004875756032334929 0.15651537724385942
8 5 65 0.09164782540654803 0.008741173487766712
8 5 66 0.15651537724385933 -0.004875756032335121
8 5 67 -0.03483089740020632 0.04614609361585462
8 5 68 -0.04538150046267745 -0.032644993419450305
8 5 69 0.02099544596573572 0.0028685477365669684
8 5 70 0.14886756557541442 -0.01582010118597713
8 5 71 -0.06395647418877423 0.07343564029272823
8 5 72 -0.14642180356196577 -0.10129967964059551
8 5 73 -0.046188745145411464 1.5709038726384167e-22
8 5 74 0.14642180356196577 -0.10129967964059551
8 5 75 -0.06395647418877423 -0.07343564029272823
8 5 76 -0.14886756557541442 -0.01582010118597713
8 5 77 0.02099544596573572 -0.0028685477365669684
8 5 78 0.04538150046267745 -0.032644993419450305
8 5 79 -0.03483089740020632 -0.04614609361585462
8 5 80 -0.15651537724385933 -0.004875756032335121
8 5 81 0.09164782540654803 -0.008741173487766712
8 6 1 0.0054450273421961775 -8.639788068108928e-22
8 6 2 -0.023809219708860355 0.019656670875075503
8 6 3 0.019898022993709446 6.194513309147403e-22
8 6 4 0.023809219708860355 0.019656670875075503
8 6 5 -0.062335620650130256 -0.11535885266925616
8 6 6 -0.09741391062258213 0.01458330864781825
8 6 7 -0.0770070533215711 -3.1003471016214728e-22
8 6 8 0.09741391062258213 0.01458330864781825
8 6 9 -0.062335620650130256 0.11535885266925616
8 6 10 0.032925799794458074 -0.0982117944606816
8 6 11 0.2158166516098452 1.435561188557285e-16
8 6 12 0.009006192131924036 0.15444885802129923
8 6 13 -0.01714494122485736 -5.337443153799855e-22
8 6 14 -0.009006192131924036 0.15444885802129923
8 6 15 0.2158166516098452 -1.435542837478786e-16
8 6 16 -0.032925799794458074 -0.0982117944606816
8 6 17 0.009881324447193484 -0.010087198830571204
8 6 18 0.18493468453190984 0.02090469802932252
8 6 19 0.009469460550597211 -0.227815480307533
8 6 20 0.05483330855277952 -0.02614929681771157
8 6 21 -0.0015881724626064825 -9.76566958135339e-22
8 6 22 -0.05483330855277952 -0.02614929681771157
8 6 23 0.009469460550597211 0.227815480307533
8 6 24 -0.18493468453190984 0.02090469802932252
8 6 25 0.009881324447193484 0.010087198830571204
8 6 26 -0.007854312558736427 0.037312136620900695
8 6 27 0.017882692212800994 0.06720110689712545
8 6 28 -0.01777772290963908 -0.028463684742369648
8 6 29 0.04745594131253819 -0.07693026118423571
8 6 30 -0.025429460286454302 -0.008788050619736263
8 6 31 0.007124635114887055 2.217991559057717e-22
8 6 32 0.025429460286454302 -0.008788050619736263
8 6 33 0.04745594131253819 0.07693026118423571
8 6 34 0.01777772290963908 -0.028463684742369648
8 6 35 0.017882692212800994 -0.06720110689712545
8 6 36 0.007854312558736427 0.037312136620900695
8 6 37 -0.03268907524701738 -0.120989385394273
8 6 38 0.06016401251548602 0.012664698456846245
8 6 39 -0.01904376498489077 0.019440536024481928
8 6 40 0.0675076432365162 0.03541309443918535
8 6 41 -0.0220389700355897 0.08157102699233082
8 6 42 -0.08799889324421913 -0.002831645800464908
8 6 43 -0.04188695044596468 -7.659134008079946e-22
8 6 44 0.08799889324421913 -0.002831645800464908
8 6 45 -0.0220389700355897 -0.08157102699233082
8 6 46 -0.0675076432365162 0.03541309443918535
8 6 47 -0.01904376498489077 -0.019440536024481928
8 6 48 -0.06016401251548602 0.012664698456846245
8 6 49 -0.03268907524701738 0.120989385394273
8 6 50 0.02774155030589615 -0.12413553883784136
8 6 51 -0.16567153899782353 0.044761359741937866
8 6 52 0.011781468838104757 -0.055968204931351025
8 6 53 -0.0141375095220517 -0.053127139769841916
8 6 54 -0.030906304004939253 0.19291414460667686
8 6 55 0.23552055131326327 -0.04117446238537335
8 6 56 -0.006027169946356482 0.06132329999082078
8 6 57 -0.0013154729384628088 -4.0952383197590225e-23
8 6 58 0.006027169946356482 0.06132329999082078
8 6 59 0.23552055131326327 0.04117446238537335
8 6 60 0.030906304004939253 0.19291414460667686
8 6 61 -0.0141375095220517 0.053127139769841916
8 6 62 -0.011781468838104757 -0.055968204931351025
8 6 63 -0.16567153899782353 -0.044761359741937866
8 6 64 -0.02774155030589615 -0.12413553883784136
8 6 65 0.04563652649354705 -0.019266177919272383
8 6 66 -0.12413553883784122 -0.027741550305896142
8 6 67 0.030577829966202924 0.11317520689543001
8 6 68 -0.030082006257743116 -0.0063323492284231096
8 6 69 0.0061934478660277455 -0.0063224864647717025
8 6 70 -0.09441125818121632 -0.025773274796706026
8 6 71 0.05614699416187295 0.18010395100426024
8 6 72 -0.08853611967777648 -0.020651824005809692
8 6 73 -0.04543469047993836 -1.1492872346990687e-21
8 6 74 0.08853611967777648 -0.020651824005809692
8 6 75 0.05614699416187295 -0.18010395100426024
8 6 76 0.09441125818121632 -0.025773274796706026
8 6 77 0.0061934478660277455 0.0063224864647717025
8 6 78 0.030082006257743116 -0.0063323492284231096
8 6 79 0.030577829966202924 -0.11317520689543001
8 6 80 0.12413553883784122 -0.027741550305896142
8 6 81 0.04563652649354705 0.019266177919272383
8 7 1 0.010957762213846603 1.2932028800354713e-21
8 7 2 -0.0032075990402694095 -0.03189112594294813
8 7 3 -0.09449538511839484 3.3207384541156978e-22
8 7 4 0.0032075990402694095 -0.03189112594294813
8 7 5 -0.24713259504998528 0.006031086609804283
8 7 6 0.04765233121155598 0.01747125289100364
8 7 7 -0.1969338850522085 1.7369574600198056e-22
8 7 8 -0.04765233121155598 0.01747125289100364
8 7 9 -0.24713259504998528 -0.006031086609804283
8 7 10 0.022200808122560454 0.032868796814146804
8 7 11 -0.011283129881923953 -7.092354538285016e-17
8 7 12 0.02414785837935068 -0.08730593678508841
8 7 13 0.08142104491422694 -2.86128253228647e-22
8 7 14 -0.02414785837935068 -0.08730593678508841
8 7 15 -0.011283129881923953 7.092397017920658e-17
8 7 16 -0.022200808122560454 0.032868796814146804
8 7 17 0.023328153891969728 0.04790394194247214
8 7 18 -0.09611144830904673 0.03146152591323553
8 7 19 0.03754213618449997 0.011910441730277962
8 7 20 -0.011884446301363205 -0.014349734261110738
8 7 21 -0.007310827188530633 1.4332522149084193e-21
8 7 22 0.011884446301363205 -0.014349734261110738
8 7 23 0.03754213618449997 -0.011910441730277962
8 7 24 0.09611144830904673 0.03146152591323553
8 7 25 0.023328153891969728 -0.04790394194247214
8 7 26 0.003309292949525442 -0.029443336983997866
8 7 27 -0.08492461226608142 0.17185666104889852
8 7 28 -0.00044185513255150455 0.0322748593475107
8 7 29 -0.0024810483598192885 -0.304993756154951
8 7 30 -0.007645220268961828 -0.015780068619316804
8 7 31 -0.033834775405683706 1.18901509989336e-22
8 7 32 0.007645220268961828 -0.015780068619316804
8 7 33 -0.0024810483598192885 0.304993756154951
8 7 34 0.00044185513255150455 0.0322748593475107
8 7 35 -0.08492461226608142 -0.17185666104889852
8 7 36 -0.003309292949525442 -0.029443336983997866
8 7 37 -0.1295974261798378 0.006325457000443569
8 7 38 -0.047475954347000304 -0.00533607454474017
8 7 39 -0.04495914314160795 -0.09232278699859887
8 7 40 -0.011950602579776929 0.01847689019153627
8 7 41 -0.08737456690603694 -0.004264622239715921
8 7 42 0.05637408641250888 0.011754334053408382
8 7 43 -0.1091199358189832 9.746369929902691e-22
8 7 44 -0.05637408641250888 0.011754334053408382
8 7 45 -0.08737456690603694 0.004264622239715921
8 7 46 0.011950602579776929 0.01847689019153627
8 7 47 -0.04495914314160795 0.09232278699859887
8 7 48 0.047475954347000304 -0.00533607454474017
8 7 49 -0.1295974261798378 -0.006325457000443569
8 7 50 0.024568693116562065 0.05309832153186955
8 7 51 0.008661488714179346 0.17745858428326924
8 7 52 -0.004963939424288128 0.04416500547599667
8 7 53 0.06713880104187273 -0.13586461999651528
8 7 54 -0.03510924244778222 -0.09268140239628365
8 7 55 -0.012313271244398889 -0.16323815553545923
8 7 56 0.0071708753299119495 -0.04266066708450729
8 7 57 0.006247159427454734 -2.1953646216412492e-23
8 7 58 -0.0071708753299119495 -0.04266066708450729
8 7 59 -0.012313271244398889 0.16323815553545923
8 7 60 0.03510924244778222 -0.09268140239628365
8 7 61 0.06713880104187273 0.13586461999651528
8 7 62 0.004963939424288128 0.04416500547599667
8 7 63 0.008661488714179346 -0.17745858428326924
8 7 64 -0.024568693116562065 0.05309832153186955
8 7 65 0.11485409063389761 0.09149476321425035
8 7 66 0.053098321531869476 -0.024568693116562165
8 7 67 0.12122729174317023 -0.005916923227607533
8 7 68 0.023737977173499916 0.002668037272370022
8 7 69 0.014621694258974204 0.030025384611492238
8 7 70 0.03649163331464764 -0.019862198734549346
8 7 71 0.22259748482108108 -0.009416030951598691
8 7 72 0.07154223396655666 0.007345385074002071
8 7 73 -0.1194289068500488 1.5265397001495152e-21
8 7 74 -0.07154223396655666 0.007345385074002071
8 7 75 0.22259748482108108 0.009416030951598691
8 7 76 -0.03649163331464764 -0.019862198734549346
8 7 77 0.014621694258974204 -0.030025384611492238
8 7 78 -0.023737977173499916 0.002668037272370022
8 7 79 0.12122729174317023 0.005916923227607533
8 7 80 -0.053098321531869476 -0.024568693116562165
8 7 81 0.11485409063389761 -0.09149476321425035
8 8 1 -0.048189756132962384 1.4883671435863736e-21
8 8 2 -0.0216751783294616 -0.03834479712270878
8 8 3 -0.17963026134649018 -2.4110410503403866e-21
8 8 4 0.0216751783294616 -0.03834479712270878
8 8 5 -0.0041912081848882845 -0.06736158866056924
8 8 6 0.04637802280636734 0.02059756470466855
8 8 7 0.2741136735649833 -2.0102523745280414e-21
8 8 8 -0.04637802280636734 0.02059756470466855
8 8 9 -0.0041912081848882845 0.06736158866056924
8 8 10 0.03836231536122261 0.02701273895828902
8 8 11 0.12602199289832383 -1.5368765820929123e-16
8 8 12 0.019027412748956102 -0.08882645561777198
8 8 13 0.15477669685902704 2.0774504638914347e-21
8 8 14 -0.019027412748956102 -0.08882645561777198
8 8 15 0.12602199289832383 1.536865305229761e-16
8 8 16 -0.03836231536122261 0.02701273895828902
8 8 17 -0.05402703985864459 0.09106262279234022
8 8 18 -0.09539325180439684 0.03255572566323654
8 8 19 0.0006366902286719477 -0.13302847869841786
8 8 20 -0.006666716261202243 -0.028917381285054684
8 8 21 -0.025894792105669324 1.4328279189611784e-21
8 8 22 0.006666716261202243 -0.028917381285054684
8 8 23 0.0006366902286719477 0.13302847869841786
8 8 24 0.09539325180439684 0.03255572566323654
8 8 25 -0.05402703985864459 -0.09106262279234022
8 8 26 -0.005088256874514759 -0.032326739676285327
8 8 27 -0.1614367757429872 -0.23920850733349946
8 8 28 -0.015262105642072818 0.03743103904803456
8 8 29 0.027710986406570205 -0.00517249586958742
8 8 30 -0.02514234102475752 -0.02194406864545492
8 8 31 -0.06431795098890596 -8.632911790342202e-22
8 8 32 0.02514234102475752 -0.02194406864545492
8 8 33 0.027710986406570205 0.00517249586958742
8 8 34 0.015262105642072818 0.03743103904803456
8 8 35 -0.1614367757429872 0.23920850733349946
8 8 36 0.005088256874514759 -0.032326739676285327
8 8 37 -0.002197888114417284 -0.07064943021400338
8 8 38 -0.0521253014864724 0.008204567682378459
8 8 39 0.1041235165787503 -0.17550027798729315
8 8 40 -0.004719190591833386 0.03871022627424938
8 8 41 -0.001481815864449387 0.047631836133387395
8 8 42 0.05923796879771708 0.0031520361569291285
8 8 43 0.1296783092879163 -1.8582441968657684e-22
8 8 44 -0.05923796879771708 0.0031520361569291285
8 8 45 -0.001481815864449387 -0.047631836133387395
8 8 46 0.004719190591833386 0.03871022627424938
8 8 47 0.1041235165787503 0.17550027798729315
8 8 48 0.0521253014864724 0.008204567682378459
8 8 49 -0.002197888114417284 0.07064943021400338
8 8 50 0.03509048204757074 0.04917716942071144
8 8 51 -0.09674071650774164 0.003009582247846686
8 8 52 0.007632385311772713 0.04849010951442812
8 8 53 0.1276269773654153 0.1891109297157373
8 8 54 -0.04274695263982255 -0.08964954683002453
8 8 55 0.13752770707733217 -0.0027684130190429096
8 8 56 -0.0017178721093661286 -0.04567333852713114
8 8 57 0.011875488725940285 1.5939569756494963e-22
8 8 58 0.0017178721093661286 -0.04567333852713114
8 8 59 0.13752770707733217 0.0027684130190429096
8 8 60 0.04274695263982255 -0.08964954683002453
8 8 61 0.1276269773654153 -0.1891109297157373
8 8 62 -0.007632385311772713 0.04849010951442812
8 8 63 -0.09674071650774164 -0.003009582247846686
8 8 64 -0.03509048204757074 0.04917716942071144
8 8 65 -0.1804522053099738 0.17392625266746106
8 8 66 0.04917716942071157 -0.035090482047570544
8 8 67 0.002055936074652966 0.06608649060789892
8 8 68 0.02606265074323608 -0.004102283841189305
8 8 69 -0.03386323933684444 0.05707651943037914
8 8 70 0.03233680174992288 -0.031201669455837768
8 8 71 0.0037751086623314272 0.1051682465885482
8 8 72 0.07888951535225386 -0.014019067167240627
8 8 73 0.13030474961742367 2.8243702376797326e-22
8 8 74 -0.07888951535225386 -0.014019067167240627
8 8 75 0.0037751086623314272 -0.1051682465885482
8 8 76 -0.03233680174992288 -0.031201669455837768
8 8 77 -0.03386323933684444 -0.05707651943037914
8 8 78 -0.02606265074323608 -0.004102283841189305
8 8 79 0.002055936074652966 -0.06608649060789892
8 8 80 -0.04917716942071157 -0.035090482047570544
8 8 81 -0.1804522053099738 -0.17392625266746106
8 9 1 -0.0021593168567442837 -2.046803019318635e-20
8 9 2 0.047938243694745385 -0.016427195812742865
8 9 3 0.02846909012535231 2.0208614611432728e-20
8 9 4 -0.047938243694745385 -0.016427195812742865
8 9 5 -0.06034753681381074 -0.0303610126048707
8 9 6 0.01338213952453298 -0.14699701333046475
8 9 7 0.04737700148259473 -8.453680752457142e-21
8 9 8 -0.01338213952453298 -0.14699701333046475
8 9 9 -0.06034753681381074 0.0303610126048707
8 9 10 -0.20106112321847747 0.00414118156163033
8 9 11 0.05680025354146902 9.174784856098535e-16
8 9 12 -0.1921171471371731 -0.028460176593930523
8 9 13 -0.02453011925248308 -1.741255952203606e-20
8 9 14 0.1921171471371731 -0.028460176593930523
8 9 15 0.05680025354146902 -9.174572132891049e-16
8 9 16 0.20106112321847747 0.00414118156163033
8 9 17 -0.0053000619101452985 -0.014432256546827591
8 9 18 -0.02888460427736468 -0.25939587367608946
8 9 19 0.009167448935681093 -0.05995819574447418
8 9 20 0.001672916188482041 0.13478365908222506
8 9 21 0.002280973433492161 -2.324402123406406e-20
8 9 22 -0.001672916188482041 0.13478365908222506
8 9 23 0.009167448935681093 0.05995819574447418
8 9 24 0.02888460427736468 -0.25939587367608946
8 9 25 -0.0053000619101452985 0.014432256546827591
8 9 26 -0.01731767882250061 -0.012022076249447297
8 9 27 0.025585656245908184 -0.04134409516751625
8 9 28 0.020977242722472835 0.015218703079720411
8 9 29 0.01248981243335387 -0.07447670722601354
8 9 30 0.08320885017284296 -0.011165992771752821
8 9 31 0.01019356944456462 7.235844753489033e-21
8 9 32 -0.08320885017284296 -0.011165992771752821
8 9 33 0.01248981243335387 0.07447670722601354
8 9 34 -0.020977242722472835 0.015218703079720411
8 9 35 0.025585656245908184 0.04134409516751625
8 9 36 0.01731767882250061 -0.012022076249447297
8 9 37 -0.031646515287796086 -0.03184289865939249
8 9 38 -0.019385015478549008 0.027923918053845715
8 9 39 0.01021453489980802 0.027814540788356542
8 9 40 0.00371161791473984 -0.17527705879762187
8 9 41 -0.021336076254475724 0.02146847789659505
8 9 42 0.020301457479721223 -0.0863622431026678
8 9 43 0.026572800937672753 -1.8800808120379e-20
8 9 44 -0.020301457479721223 -0.0863622431026678
8 9 45 -0.021336076254475724 -0.02146847789659505
8 9 46 -0.00371161791473984 -0.17527705879762187
8 9 47 0.01021453489980802 -0.027814540788356542
8 9 48 0.019385015478549008 0.027923918053845715
8 9 49 -0.031646515287796086 0.03184289865939249
8 9 50 -0.21388435072560769 0.012353920567896767
8 9 51 -0.043602684730247775 0.04333377572389712
8 9 52 0.025976518233746256 0.018033114374171388
8 9 53 -0.020227237291795843 0.032685377132029375
8 9 54 0.29698367779411 -0.025461724465136303
8 9 55 0.061986074424900894 -0.039861276083804464
8 9 56 -0.04842352221531789 -0.016227490029388895
8 9 57 -0.0018821124919978008 -1.3360063788030682e-21
8 9 58 0.04842352221531789 -0.016227490029388895
8 9 59 0.061986074424900894 0.039861276083804464
8 9 60 -0.29698367779411 -0.025461724465136303
8 9 61 -0.020227237291795843 -0.032685377132029375
8 9 62 -0.025976518233746256 0.018033114374171388
8 9 63 -0.043602684730247775 -0.04333377572389712
8 9 64 0.21388435072560769 0.012353920567896767
8 9 65 -0.027332791834914206 -0.027565077984293945
8 9 66 0.012353920567898247 0.21388435072560702
8 9 67 0.02960260442305822 0.02978630424630001
8 9 68 0.009692507739273814 -0.013961959026921602
8 9 69 -0.0033219896080342428 -0.009045895516294639
8 9 70 0.0069972315303153 0.1762289937476233
8 9 71 0.05435628556882328 0.0474011157366869
8 9 72 0.029560374805328075 -0.03524812003628234
8 9 73 0.029251521233530954 -2.796684816853123e-20
8 9 74 -0.029560374805328075 -0.03524812003628234
8 9 75 0.05435628556882328 -0.0474011157366869
8 9 76 -0.0069972315303153 0.1762289937476233
8 9 77 -0.0033219896080342428 0.009045895516294639
8 9 78 -0.009692507739273814 -0.013961959026921602
8 9 79 0.02960260442305822 -0.02978630424630001
8 9 80 -0.012353920567898247 0.21388435072560702
8 9 81 -0.027332791834914206 0.027565077984293945
