1 -3.654283152315915 -1.0368126775212128
2 -2.4761580033490502 -0.49353881578373754
3 -8.877907799752691 -7.361368193557715e-18
4 2.4761580033490507 -0.4935388157837385
5 -3.654283152315915 1.0368126775212123
6 -1.6557792623856304 0.17123192034968304
7 -3.4266211481523943 1.7626888240224712
8 0.444524288990663 5.952814411444639
9 5.555079328776541 -9.85579019930749e-18
10 -0.444524288990663 5.952814411444638
11 -3.4266211481523947 -1.7626888240224712
12 1.6557792623856304 0.17123192034968307
13 0.6765345525767439 -0.5643492430490488
14 -1.5368681449999653 -0.8627445360621276
15 0.4209180886912292 1.5224661738072471
16 0.4251270215077685 0.7521502413452439
17 -0.9459842474266827 -4.708934230309079e-18
18 -0.42512702150776893 0.7521502413452442
19 0.42091808869122915 -1.5224661738072474
20 1.5368681449999653 -0.8627445360621281
21 0.6765345525767439 0.5643492430490489
22 1.1781800665448174 -3.180504688618903
23 2.1011354352630893 -4.888734058407349
24 -0.8368431668295091 6.653006292895391
25 4.750153324251113 -1.5693838216512817
26 -0.2459303095489872 2.287527926311401
27 -3.4442661638190932 2.4780207694552103e-19
28 0.2459303095489872 2.2875279263114012
29 4.750153324251113 1.5693838216512817
30 0.8368431668295099 6.653006292895391
31 2.1011354352630893 4.888734058407349
32 -1.1781800665448174 -3.180504688618903
33 -5.949648406193699 6.850660583558462
34 -2.0038312982196405 0.7712392660446247
35 4.102329121341493 -0.573073357342118
36 3.201238658554994 -1.1929556904676495
37 3.174311774538706 1.3047951316602269
38 -6.6439675441944175 0.7653497046096246
39 -3.3629667239543415 9.765800278124225e-18
40 6.6439675441944175 0.7653497046096246
41 3.174311774538705 -1.3047951316602269
42 -3.201238658554994 -1.19295569046765
43 4.102329121341493 0.573073357342118
44 2.0038312982196405 0.7712392660446247
45 -5.949648406193699 -6.850660583558462
46 0.7320509425026863 -3.813486419792257
47 1.505188493946471 -4.191686658150265
48 2.456609705331083 0.004255431083949305
49 -1.4491065625086514 0.45238157725416506
50 -1.1117385526918506 0.4641584288122849
51 -4.572835936607695 3.218264816380684
52 -1.082509510771616 2.7700947825349815
53 0.3959670883774508 1.0945212904997234e-17
54 1.0825095107716158 2.7700947825349815
55 -4.572835936607695 -3.218264816380684
56 1.1117385526918504 0.46415842881228436
57 -1.4491065625086514 -0.45238157725416506
58 -2.456609705331083 0.004255431083949553
59 1.505188493946471 4.191686658150265
60 -0.7320509425026863 -3.813486419792258
61 0.8159502626086426 0.5259297196332333
62 -1.66799424492048 -0.6508848857665255
63 0.11165469145911053 0.7710642017130117
64 0.233958635685471 1.3031946229355904
65 1.806488310492084 -1.700661157779028
66 1.9371658471714641 -1.667901993050282
67 1.4689555842072555 -0.8337747783264569
68 3.109698347595837 0.10768896775892961
69 -2.1163786854030247 7.354917972616242e-18
70 -3.109698347595837 0.10768896775892978
71 1.4689555842072555 0.8337747783264557
72 -1.9371658471714641 -1.6679019930502823
73 1.806488310492084 1.700661157779028
74 -0.233958635685471 1.3031946229355909
75 0.11165469145911054 -0.771064201713012
76 1.66799424492048 -0.6508848857665257
77 0.8159502626086425 -0.5259297196332335
78 -0.7109038497172593 0.14058609662922594
79 2.7769793588571736 -1.9498247796438042
80 -2.755593616460491 0.45685247348942115
81 -0.6347204877363113 1.406204292881744
82 -0.4864252919421623 0.3209318573382596
83 0.6928068995876125 -0.8357807426317146
84 1.8829423639865264 -2.504207806265167
85 -2.380588871995218 2.6958384956776666
86 -1.5835195186620998 1.2618151087463958
87 -3.954107300220385 -2.8650721400522388e-19
88 1.5835195186620998 1.2618151087463958
89 -2.380588871995218 -2.6958384956776666
90 -1.8829423639865266 -2.504207806265167
91 0.6928068995876129 0.8357807426317145
92 0.48642529194216216 0.3209318573382596
93 -0.6347204877363114 -1.406204292881744
94 2.755593616460491 0.45685247348942126
95 2.7769793588571736 1.9498247796438042
96 0.7109038497172591 0.14058609662922583
97 2.131579070120254 -1.2656083634283577
98 0.8546834582462344 2.1532641107213117
99 1.7602610951720912 -2.6073676167279443
100 0.4625182796548552 1.5332281022563339
101 2.3719995937018 1.2526563207757657
102 0.1737756311448048 -1.524686136696121
103 2.2898493434154883 -3.431349480062336
104 1.9572019411964363 0.5943274353834286
105 -1.619501527572521 0.8216329954338709
106 3.106002252217068 2.4434241469480127
107 -0.9363535397549245 -3.699197491993936e-18
108 -3.106002252217068 2.4434241469480127
109 -1.6195015275725213 -0.821632995433871
110 -1.9572019411964363 0.5943274353834285
111 2.289849343415488 3.431349480062336
112 -0.17377563114480485 -1.5246861366961209
113 2.3719995937018 -1.2526563207757653
114 -0.46251827965485526 1.5332281022563337
115 1.7602610951720912 2.6073676167279443
116 -0.8546834582462346 2.1532641107213117
117 2.131579070120254 1.2656083634283577
