1 2.2276263341702447 -3.1532588597462947
2 12.916351915127617 -7.1976447725646695
3 1.0080110606425647 9.110666620362131e-18
4 -12.916351915127617 -7.197644772564671
5 2.227626334170244 3.1532588597462947
6 4.805685068260148 -5.65930259718361
7 -3.442499863584654 3.5850376268967867
8 1.707105966415806 -9.908610521229939
9 -3.4522904832359074 -1.5961741852584169e-18
10 -1.7071059664158055 -9.908610521229939
11 -3.442499863584654 -3.5850376268967867
12 -4.805685068260148 -5.65930259718361
13 0.3305193472511959 0.3898609644309691
14 -2.3727995857942563 4.285809578560438
15 2.0373907169211694 2.820459999932541
16 4.383444001203796 -2.802816417072775
17 0.8585710951911657 -6.100334603556207e-18
18 -4.383444001203796 -2.802816417072774
19 2.0373907169211694 -2.820459999932541
20 2.3727995857942563 4.285809578560438
21 0.3305193472511959 -0.3898609644309691
22 -1.6264906320433705 0.6650900587058118
23 -1.1497410993418344 1.4892551627698332
24 3.4507685466240847 1.8718915793327922
25 -3.2681135089131677 -1.9364091212074324
26 1.5491856902286385 2.579847809197535
27 -9.668030417728934 1.3019344946766337e-17
28 -1.5491856902286385 2.5798478091975356
29 -3.2681135089131677 1.9364091212074324
30 -3.4507685466240847 1.8718915793327922
31 -1.149741099341834 -1.489255162769833
32 1.6264906320433705 0.6650900587058116
33 -5.986093948022981 -3.440915248437955
34 -1.2204685751442372 -4.069556651328912
35 6.151509185951608 -6.676448824688819
36 -4.9257661667020445 3.03671393077534
37 2.5101834755261954 5.9597073528988735
38 -1.3945611670125175 -0.6467636099080707
39 -10.990493958926097 3.130839194788388e-17
40 1.3945611670125175 -0.6467636099080709
41 2.510183475526195 -5.9597073528988735
42 4.925766166702045 3.0367139307753406
43 6.151509185951608 6.676448824688819
44 1.2204685751442372 -4.069556651328912
45 -5.986093948022981 3.440915248437955
46 5.600533190511299 -2.382178871376287
47 -2.917240527810647 4.947425219272996
48 0.8579184148820513 3.4547342346700733
49 -1.4936355404446024 3.1501455357206054
50 -1.6542436798163258 -2.0904926511735686
51 -1.0221640557990295 3.383498205561673
52 1.581635417019519 0.20749421932515497
53 -2.352206496532201 -1.444129044110421e-17
54 -1.581635417019519 0.20749421932515502
55 -1.0221640557990304 -3.383498205561673
56 1.6542436798163251 -2.090492651173568
57 -1.4936355404446024 -3.1501455357206054
58 -0.8579184148820513 3.4547342346700733
59 -2.9172405278106477 -4.947425219272996
60 -5.600533190511299 -2.382178871376287
61 -1.0648832589712143 -3.142158973314955
62 1.0287121353541786 -1.2682379081839708
63 0.7505042163802809 -0.6110862843241441
64 1.254065571099797 -0.545064265542843
65 -1.4882091418483583 2.2179766079468237
66 -0.26691733886282076 1.8110694134495533
67 -0.2757997715471644 -0.9464303858455119
68 1.3107740300291157 -1.6944513550928713
69 0.27652496679097405 -7.223853918857708e-19
70 -1.3107740300291157 -1.6944513550928713
71 -0.2757997715471643 0.9464303858455118
72 0.2669173388628205 1.8110694134495533
73 -1.4882091418483583 -2.2179766079468233
74 -1.254065571099797 -0.5450642655428437
75 0.7505042163802808 0.6110862843241436
76 -1.0287121353541782 -1.2682379081839705
77 -1.0648832589712145 3.142158973314955
78 1.984160439955787 -0.7579443284661586
79 2.1117468689809 2.082095031521122
80 1.2647819333891066 -0.47038903254901776
81 1.0892729090018127 3.398525407980979
82 -0.55347955393256 2.8762250826864815
83 1.3155625869493883 0.5414562171479415
84 -0.4571981363930999 1.4925734012924705
85 -0.20159605983702708 -0.9815418240750656
86 -2.6166805817392924 2.4973139510400246
87 0.23535070183965878 -1.3183226244903941e-17
88 2.6166805817392924 2.4973139510400246
89 -0.2015960598370266 0.9815418240750654
90 0.45719813639309975 1.4925734012924705
91 1.3155625869493877 -0.5414562171479416
92 0.5534795539325608 2.8762250826864815
93 1.0892729090018127 -3.398525407980979
94 -1.2647819333891066 -0.47038903254901776
95 2.1117468689808985 -2.082095031521122
96 -1.984160439955787 -0.7579443284661581
97 -0.651278062201739 -0.23714943039974806
98 -1.5088056064945914 1.7059578662772734
99 -1.1428733822058255 0.19477127351803622
100 2.2375333416781276 -1.7233818249467427
101 0.3124452891704773 1.4817207040990645
102 -0.6442899825303552 -1.7429534836912488
103 0.09485171325694215 -1.1235649311109
104 -0.042265332883920884 -2.304082742419089
105 -1.4379037281290736 0.8845604033663004
106 -1.5973305141538243 -1.7399804983013964
107 0.6360314438860911 -8.77729373763049e-19
108 1.5973305141538243 -1.7399804983013964
109 -1.4379037281290743 -0.8845604033663
110 0.042265332883920766 -2.304082742419089
111 0.09485171325694201 1.1235649311109
112 0.6442899825303559 -1.7429534836912495
113 0.31244528917047754 -1.4817207040990645
114 -2.2375333416781276 -1.7233818249467427
115 -1.142873382205825 -0.19477127351803616
116 1.5088056064945914 1.7059578662772732
117 -0.6512780622017389 0.2371494303997475
