1 2.4512702652247906 -3.9810547860392935
2 -1.8587444861215277 1.586254043638854
3 -7.533422688167547 3.9759818125673527e-17
4 1.8587444861215279 1.5862540436388537
5 2.451270265224791 3.9810547860392926
6 9.325201188312555 -1.0240489114439832
7 6.357800070220854 -5.789895164564556
8 -2.129880457187481 3.8738766920591017
9 1.6216014653645054 1.6864356585807915e-17
10 2.1298804571874808 3.8738766920591026
11 6.357800070220854 5.789895164564557
12 -9.325201188312558 -1.024048911443983
13 11.280734355901178 5.741438156531829
14 9.87282937924052 1.406996229127295
15 2.4430943835554757 5.231409965615042
16 0.11970217177605282 -4.511798044073399
17 -0.7764787475596491 -6.871888893223089e-18
18 -0.11970217177605338 -4.5117980440734
19 2.4430943835554757 -5.231409965615042
20 -9.87282937924052 1.4069962291272953
21 11.280734355901178 -5.741438156531829
22 2.344836477226873 1.2824895274501322
23 -2.8887625605086655 -1.7729860664303634
24 -0.7397476747477567 -0.10092886935174412
25 -3.9969833886828123 -6.791747075810709
26 2.6726193696804468 0.7602023163799024
27 -1.0823956188413344 -1.00127125832228e-17
28 -2.6726193696804477 0.7602023163799023
29 -3.9969833886828123 6.791747075810709
30 0.7397476747477565 -0.10092886935174397
31 -2.8887625605086655 1.7729860664303627
32 -2.344836477226873 1.282489527450132
33 1.6537694035784432 0.9221023259217607
34 -1.4098850737174626 -3.346450174021035
35 -0.11411967160216228 3.238909484932842
36 -0.9748482679212388 2.1551483794446087
37 -4.447491797779175 1.8144811926036875
38 -1.0931853523309925 -2.032162476898689
39 2.312311879817721 -1.8384530480784827e-18
40 1.0931853523309925 -2.032162476898689
41 -4.447491797779175 -1.8144811926036875
42 0.9748482679212388 2.1551483794446087
43 -0.11411967160216228 -3.238909484932842
44 1.4098850737174626 -3.346450174021035
45 1.6537694035784432 -0.9221023259217607
46 -1.6062897884346474 3.3345569181371584
47 4.444008479001804 -1.546678786560264
48 0.03998332162237425 -0.2776553345612762
49 -6.218853980527855 0.3926783610742883
50 -0.12445969293812058 1.8708953011331373
51 5.876971724308895 -0.10834955460119078
52 -2.7775823864108315 -3.459579664442877
53 1.4564671043852255 -2.6223163512100312e-17
54 2.7775823864108315 -3.4595796644428756
55 5.876971724308895 0.10834955460119099
56 0.12445969293812058 1.8708953011331353
57 -6.218853980527855 -0.3926783610742882
58 -0.03998332162237397 -0.277655334561276
59 4.444008479001804 1.546678786560264
60 1.6062897884346472 3.3345569181371584
61 -2.635992366533506 -1.8552989079547908
62 2.140012910111737 1.6351083726068654
63 0.7704973252652002 -0.8228080673792555
64 0.26530425554771253 -0.12178065761248855
65 1.1410617764537134 0.20558115859345508
66 -1.1286526626818258 4.132610407278235
67 1.787768452755862 3.7169924261439604
68 -1.2004784211808377 -0.13641744207819562
69 -0.957194338882508 -3.832440832444038e-17
70 1.2004784211808377 -0.13641744207819567
71 1.7877684527558617 -3.71699242614396
72 1.1286526626818258 4.132610407278235
73 1.1410617764537136 -0.20558115859345522
74 -0.26530425554771253 -0.121780657612488
75 0.7704973252652005 0.8228080673792567
76 -2.140012910111737 1.6351083726068654
77 -2.635992366533506 1.855298907954791
78 1.9150560665137357 2.497768699146631
79 -0.6469010834792271 -0.6298757636800378
80 2.9922364681484286 -1.4508905050664918
81 0.8671472667639022 -0.12032260522985501
82 1.2911189032247414 -0.6821376037079984
83 1.2378143012924996 -1.5155946037882435
84 3.1680370788066656 -3.8656686749663622
85 3.984197209296979 -0.030136952068879827
86 1.036713576026209 -1.3459894026456714
87 -2.1258055900078303 -3.218249192527161e-17
88 -1.036713576026209 -1.3459894026456711
89 3.984197209296978 0.030136952068879574
90 -3.1680370788066656 -3.865668674966362
91 1.2378143012924994 1.5155946037882435
92 -1.291118903224742 -0.6821376037079983
93 0.8671472667639022 0.12032260522985457
94 -2.9922364681484286 -1.450890505066492
95 -0.6469010834792271 0.6298757636800376
96 -1.9150560665137357 2.497768699146631
97 -0.7374536233252856 -3.151605347514716
98 -0.186304073827092 0.9373248091733964
99 0.6413322852915976 1.3793996315882104
100 0.7516783534763133 1.7629899426534221
101 -2.362669686521675 0.6054143279614258
102 0.984977931299106 2.9104464954725873
103 -1.0880046795906495 2.606031558976222
104 -0.33731006510993156 1.6001185027457505
105 1.5834640539588578 -0.1360029806775397
106 -1.4060674637568418 0.6126036254377685
107 1.912728708166174 -2.8041347562684825e-18
108 1.4060674637568418 0.6126036254377685
109 1.583464053958858 0.13600298067753996
110 0.33731006510993183 1.6001185027457507
111 -1.0880046795906493 -2.606031558976222
112 -0.9849779312991058 2.910446495472587
113 -2.3626696865216745 -0.6054143279614261
114 -0.7516783534763133 1.7629899426534221
115 0.6413322852915976 -1.3793996315882104
116 0.186304073827092 0.9373248091733957
117 -0.7374536233252856 3.151605347514716
