1 5.297037628789114 -1.074650755123895
2 1.3409297312509256 6.331833307093605
3 -11.036554703661992 2.595348945463351e-15
4 -1.3409297312508637 6.331833307093621
5 5.297037628789099 1.0746507551239537
6 -5.109350245014911 4.052797104853707
7 0.4273566335233192 -2.798590619024456
8 -4.6114630427790315 -1.4116778663273735
9 8.684377091431964 1.1959282090459826e-15
10 4.61146304277903 -1.4116778663273644
11 0.4273566335233187 2.798590619024458
12 5.109350245014901 4.052797104853706
13 -3.7120398889440356 2.4620850212811813
14 -0.5986759367757939 0.12211495180064204
15 4.425202492431981 -1.182021013033736
16 3.4457789160099965 0.49723672791171597
17 -15.024766997518274 4.4113621218977204e-15
18 -3.4457789160099965 0.49723672791175594
19 4.4252024924320015 1.182021013033688
20 0.598675936775807 0.12211495180067032
21 -3.71203988894401 -2.4620850212812133
22 2.771211097394742 2.6993759202759087
23 -9.811807062478017 6.180646313280682
24 2.19231771819889 0.9262277495723612
25 5.936655787250833 -3.6584002463513934
26 -0.01003227980957734 0.07948711603505813
27 -9.175285300183637 -3.9407618127167645e-16
28 0.010032279809533362 0.079487116035051
29 5.936655787250809 3.6584002463514302
30 -2.1923177181988613 0.9262277495723238
31 -9.811807062478001 -6.180646313280735
32 -2.7712110973947826 2.6993759202759073
33 -0.9213052791480466 -0.1612139979727196
34 3.018139258345623 -2.4162522260494024
35 -0.6600582275534644 0.33546101215955454
36 -0.5060849113403456 1.879959751552127
37 4.230719720053205 0.7572627846607186
38 -1.2486722449461793 -2.9348269588565135
39 -0.4655670190317291 4.0544610954202145e-16
40 1.2486722449461678 -2.934826958856518
41 4.2307197200532025 -0.7572627846606769
42 0.5060849113403278 1.8799597515521471
43 -0.6600582275534667 -0.33546101215955526
44 -3.018139258345582 -2.4162522260494264
45 -0.9213052791480392 0.16121399797273203
46 -1.4734895312896474 -0.05411825119695485
47 1.1833483274359122 -3.6064992302843555
48 1.5448597407761682 0.33378702888238737
49 2.955325333041091 -2.12285152835673
50 0.7400293169547477 -0.02792522670263581
51 0.5591882642600623 1.8257878189055627
52 0.4736576001235143 -0.6461782699074159
53 0.15866694702543777 -6.621163368528537e-16
54 -0.47365760012351205 -0.6461782699074042
55 0.5591882642600454 -1.8257878189055543
56 -0.7400293169547619 -0.027925226702625844
57 2.9553253330411016 2.1228515283567475
58 -1.544859740776144 0.33378702888237566
59 1.183348327435911 3.606499230284348
60 1.473489531289636 -0.054118251196933906
61 1.470972667150459 -0.12868717784742426
62 -1.425706268469673 0.9698018873274714
63 2.442620347625008 -0.3314934531377881
64 0.8400931062247633 2.597667651941953
65 -0.2919783848335317 -2.7176279751872214
66 1.1242908735211008 -2.0101700287317823
67 0.6003354282716539 2.777300572686104
68 3.269404503798007 2.8828506679486328
69 -3.9069181605428667 -6.566049485214094e-16
70 -3.2694045037980097 2.8828506679486323
71 0.6003354282716564 -2.7773005726861
72 -1.1242908735211083 -2.0101700287317805
73 -0.29197838483354477 2.717627975187224
74 -0.8400931062247587 2.597667651941954
75 2.442620347625008 0.3314934531377737
76 1.4257062684696689 0.9698018873274675
77 1.4709726671504633 0.1286871778474236
78 2.4540682129314746 -0.28376777466555114
79 1.8445680354713612 0.23991500333353857
80 2.033991606901503 0.05801268393582552
81 -1.8494564012047325 -2.3761240343423746
82 1.2849646307021356 0.3892208875666577
83 -1.6470259656957382 1.3423380182815463
84 0.9538221778185535 -1.2069660989033861
85 4.144603253860333 1.4540018153789127
86 1.0515410864580026 -0.40710010507755856
87 -0.5236086191039787 3.1636010021536485e-16
88 -1.0515410864580002 -0.40710010507755856
89 4.14460325386033 -1.4540018153789096
90 -0.9538221778185587 -1.206966098903389
91 -1.647025965695735 -1.3423380182815452
92 -1.284964630702131 0.3892208875666592
93 -1.849456401204745 2.376124034342381
94 -2.0339916069015005 0.0580126839358284
95 1.8445680354713678 -0.2399150033335482
96 -2.454068212931467 -0.28376777466555153
97 -2.3714660941517893 -0.33300156739282016
98 -0.6377485990783509 1.9669821229709499
99 2.609434696972455 -1.2815574913787984
100 -2.4615771042069015 -0.22251552508128233
101 -1.4228935996482808 0.46937755472354925
102 1.5038975246259318 0.8679556788879129
103 -1.0959920182593867 1.7208074497024637
104 -0.355379419161703 0.21133890137664785
105 1.3012336229306636 -0.39038505931704903
106 -2.504561651922395 -2.2755998210115873
107 1.018114603446115 -7.53669816398179e-17
108 2.504561651922394 -2.275599821011593
109 1.3012336229306662 0.39038505931705464
110 0.3553794191616954 0.21133890137664302
111 -1.0959920182593894 -1.7208074497024601
112 -1.5038975246259298 0.8679556788879189
113 -1.4228935996482786 -0.46937755472356396
114 2.461577104206913 -0.22251552508128364
115 2.6094346969724507 1.2815574913787948
116 0.637748599078345 1.9669821229709454
117 -2.3714660941517933 0.33300156739283204
