1 20.357444672786798 -4.257120658399549
2 -7.724302456513524 -17.234501109705555
3 9.27843736515112 1.049477780294996e-14
4 7.724302456513669 -17.234501109705516
5 20.35744467278676 4.25712065839969
6 14.768899506961093 -0.33900154584272024
7 -4.768127381023462 -5.302703587484628
8 10.535408405082972 -7.841874930674717
9 -7.004886996260912 6.360882921348769e-14
10 -10.535408405083047 -7.841874930674676
11 -4.76812738102339 5.302703587484662
12 -14.768899506961233 -0.33900154584290276
13 -7.747789797532093 -6.263276026393935
14 1.9828465385668828 0.2938758119660222
15 -4.390638470233429 4.451773900754686
16 -0.747432111270387 0.24882432295163143
17 -1.8920915837392869 -3.522141424580987e-16
18 0.7474321112703869 0.24882432295161194
19 -4.390638470233442 -4.451773900754659
20 -1.982846538566884 0.29387581196600465
21 -7.747789797532103 6.26327602639396
22 3.570774386316468 -1.206773299616455
23 0.0822106353801234 1.8809929394314455
24 -5.0412459501117945 -4.870339848530233
25 0.8583456945518416 6.948630754497683
26 2.086559981212657 4.1080034074483045
27 -1.2618115170191142 7.620535954189654e-15
28 -2.086559981212805 4.108003407448292
29 0.8583456945517545 -6.948630754497566
30 5.041245950111883 -4.870339848530351
31 0.08221063538018358 -1.8809929394316243
32 -3.570774386316596 -1.2067732996164588
33 -1.9629817178632403 -0.4081194381756495
34 -2.0421704520976913 -1.5964796562069727
35 1.0496866216917535 -0.6581492968664366
36 3.357658728115585 -1.5327941941517533
37 1.0092852841227424 -3.725698807690125
38 2.6278913179929204 -3.5922906554000087
39 -3.827120170459756 7.768886417339803e-15
40 -2.627891317992981 -3.592290655400007
41 1.009285284122747 3.725698807690372
42 -3.3576587281157058 -1.532794194151674
43 1.0496866216917753 0.6581492968664344
44 2.0421704520979365 -1.5964796562071304
45 -1.9629817178631779 0.40811943817570406
46 1.8983121330177737 -0.9494760630675174
47 0.15790146576598768 2.3260383012921664
48 -0.17978258836477876 2.174992403980161
49 -1.2499747972854758 -2.7864054234667295
50 2.06821082972986 -0.12612512896490133
51 -3.2604221441018852 -3.1981792097626793
52 3.0898408168070888 2.0678845686883855
53 -0.27857834660147973 -9.587443009712973e-15
54 -3.08984081680706 2.067884568688465
55 -3.2604221441019976 3.1981792097627757
56 -2.068210829729986 -0.12612512896483707
57 -1.2499747972853903 2.786405423466852
58 0.17978258836498887 2.1749924039800277
59 0.15790146576592304 -2.326038301292228
60 -1.8983121330179016 -0.9494760630673266
61 0.26001772962348774 -0.38820111068302354
62 -0.7178962105186619 1.5009574093733153
63 0.12149280570816437 0.80888532777356
64 3.951432734211585 2.027371334958753
65 2.4387525518115387 -0.5839310012866274
66 1.4008742119474977 2.1303041431573435
67 1.2278747180958391 2.902782065057571
68 -0.8916588372049592 -1.676351196334173
69 -4.9990731251806615 5.845635423737324e-15
70 0.891658837204959 -1.6763511963341775
71 1.2278747180958955 -2.9027820650575777
72 -1.4008742119476405 2.130304143157307
73 2.4387525518114503 0.5839310012866626
74 -3.951432734211555 2.0273713349587563
75 0.12149280570820024 -0.8088853277736368
76 0.7178962105186283 1.5009574093732407
77 0.26001772962352104 0.3882011106830132
78 -1.075768070571088 -0.28716575710092435
79 -3.2183852542200206 -0.15257359059928322
80 -1.4232361343329047 -0.00914765751039263
81 -1.4120681857614428 -3.4118762652305974
82 -4.511288690217295 -2.0298950722608224
83 0.7232644566400116 0.9263941413998763
84 -0.9776098872568467 0.39061340858640864
85 -0.5492355424271184 1.0020603357311515
86 1.2832764073005791 1.521803913543511
87 -0.07797060097235138 6.879092270833167e-16
88 -1.2832764073005736 1.5218039135434782
89 -0.549235542427154 -1.0020603357311553
90 0.9776098872568368 0.39061340858640287
91 0.7232644566400194 -0.9263941413998725
92 4.511288690217279 -2.029895072260803
93 -1.4120681857614366 3.4118762652305534
94 1.4232361343328823 -0.009147657510451363
95 -3.2183852542200126 0.15257359059925882
96 1.0757680705710742 -0.2871657571009253
97 1.4361107093308558 0.5873552786885049
98 -0.18147041102778338 -1.9669542829508182
99 0.42432242038930396 0.46548425517396763
100 2.8415452611521035 0.095007659570877
101 0.3151269027548429 -0.6514771896398129
102 -2.745325958286478 0.7245915747091045
103 -0.24968435126016958 -1.8887725495529193
104 0.5837377595171949 0.026105754273949254
105 0.44589692262457675 -0.5387661146732148
106 0.1013528632949939 0.3914633503470854
107 -0.43052464608389257 1.627188346119179e-15
108 -0.10135286329500329 0.391463350347087
109 0.4458969226245702 0.538766114673221
110 -0.5837377595171916 0.02610575427395293
111 -0.24968435126015906 1.8887725495529173
112 2.7453259582864877 0.724591574709109
113 0.31512690275481275 0.6514771896398169
114 -2.841545261152114 0.09500765957086574
115 0.42432242038929374 -0.46548425517397474
116 0.1814704110277805 -1.9669542829508082
117 1.4361107093308494 -0.5873552786884961
