1 3.8771928442678947 6.614832506267144
2 1.3094954736916817 -6.591347392898004
3 9.149854413601197 1.1756049679603406e-14
4 -1.3094954736915518 -6.591347392897971
5 3.87719284426787 -6.614832506267023
6 -4.721033548850845 -2.784859368020029
7 5.122526065634093 1.7334863066144073
8 -1.5602451698090423 8.40605570624011
9 -8.68901769400549 6.002894182558714e-14
10 1.5602451698089772 8.40605570624014
11 5.122526065634183 -1.7334863066143686
12 4.721033548850706 -2.784859368020199
13 -4.27544542439884 4.2063289794906735
14 2.9471834661342284 3.2364778009409263
15 5.721900518175233 3.440443470315087
16 2.806880741332118 2.629051902837619
17 1.0475648603243035 -6.474869255124637e-16
18 -2.8068807413321175 2.629051902837601
19 5.721900518175224 -3.4404434703150657
20 -2.9471834661342324 3.236477800940917
21 -4.275445424398853 -4.206328979490662
22 1.8918582782350344 0.5880000391142006
23 -0.43097382254400585 -1.4274230609982206
24 0.4156258827646875 -8.045292216706967
25 -5.895815258211161 5.96589575643051
26 2.890939472740498 2.5274457748006736
27 -1.7835136097422215 6.063874990018903e-15
28 -2.8909394727406306 2.527445774800657
29 -5.8958152582112415 -5.9658957564304025
30 -0.4156258827646072 -8.045292216707074
31 -0.43097382254395256 1.4274230609980585
32 -1.8918582782351445 0.588000039114199
33 -2.1483974689186445 4.131623038933299
34 4.490025084082511 1.5242989618541387
35 1.8349982320862788 1.2282661940776627
36 0.2436716881057603 3.6160659888022826
37 -3.5183048796136505 -0.01876931992810098
38 -1.699465553591697 -2.7559328924545
39 0.8767903874744942 5.4070485338153885e-15
40 1.6994655535916388 -2.755932892454504
41 -3.5183048796136496 0.018769319928316926
42 -0.24367168810586445 3.616065988802358
43 1.834998232086296 -1.228266194077667
44 -4.490025084082287 1.5242989618539908
45 -2.1483974689185876 -4.131623038933234
46 3.1050603245726873 0.2911941842004296
47 3.2846890908102275 2.0417579708639972
48 -2.3116608148512627 5.698096161176133
49 2.885412351455434 4.375804531729635
50 2.823541079941911 -1.0134702369359498
51 2.5398297698719055 -3.3026303483610664
52 -1.057556409993318 -0.26645358712667205
53 -0.8894067781231897 -1.1404981595090601e-14
54 1.057556409993346 -0.2664535871266022
55 2.539829769871805 3.3026303483611548
56 -2.8235410799420206 -1.0134702369358939
57 2.8854123514555092 -4.375804531729522
58 2.311660814851461 5.698096161176013
59 3.284689090810167 -2.041757970864053
60 -3.1050603245728055 0.29119418420060744
61 -4.65160019846277 0.3568286194756145
62 -0.8786157303810568 -0.6658604381384733
63 -0.11115796330534694 1.7979382358118925
64 -0.38293555202199886 0.25508152724145766
65 0.10102924649589169 -6.110609208722735
66 -1.0315077555953167 -0.23644809490506227
67 0.2763574054635434 2.245072463297515
68 0.6148260487468119 -1.9087586692820744
69 -2.0060263008228043 2.6348583249353094e-15
70 -0.6148260487468111 -1.9087586692820757
71 0.27635740546359555 -2.245072463297514
72 1.0315077555951844 -0.23644809490508858
73 0.10102924649580837 6.110609208722768
74 0.3829355520220345 0.25508152724146776
75 -0.11115796330531717 -1.7979382358119589
76 0.8786157303810284 -0.6658604381385339
77 -4.651600198462734 -0.3568286194756305
78 -0.06202113031346421 0.4555864352703661
79 0.048579440846947465 -3.581071039379035
80 -0.6501694487104628 -0.6789114516526258
81 -0.4621724741062846 -1.1278919869539619
82 0.6541786287278512 2.3259794322197016
83 1.8652779883817303 -1.7305871522472163
84 3.921000668419008 0.15833582683551656
85 1.5937968527414446 -1.9166059132981694
86 -1.3941194828553778 0.6301312622902318
87 -0.8355260617865434 -2.954171966645783e-15
88 1.3941194828553898 0.6301312622902033
89 1.5937968527414084 1.9166059132981708
90 -3.9210006684190084 0.15833582683551428
91 1.8652779883817339 1.7305871522472167
92 -0.6541786287278643 2.3259794322197096
93 -0.46217247410628026 1.1278919869539175
94 0.6501694487104401 -0.6789114516526784
95 0.04857944084696225 3.581071039379009
96 0.06202113031345346 0.4555864352703676
97 0.6826973923046216 -0.55287463702647
98 3.923778123972336 -1.1935001179417453
99 -1.8402677659710278 0.555592705874533
100 3.0472516330737425 2.4666521164980146
101 -2.5431302939750045 -0.5547334634005254
102 1.761759155712743 -0.020171689462993175
103 -0.7887316067880249 -1.0560487434699537
104 -0.7938008597793413 0.2671338190612527
105 -1.0239840212640432 2.0981310127820643
106 0.30272635372857415 2.2406784635118338
107 3.221779209990897 1.2389209174732855e-15
108 -0.3027263537285832 2.240678463511837
109 -1.0239840212640499 -2.098131012782059
110 0.7938008597793477 0.2671338190612515
111 -0.7887316067880175 1.0560487434699515
112 -1.761759155712732 -0.02017168946298744
113 -2.5431302939750284 0.5547334634005255
114 -3.0472516330737527 2.466652116498007
115 -1.8402677659710347 -0.5555927058745368
116 -3.923778123972339 -1.193500117941735
117 0.6826973923046166 0.5528746370264762
