1 -6.899213951576671 5.196678588424741
2 -4.721724439358518 -1.8599440472432438
3 31.190448530013168 7.671991403491943e-15
4 4.721724439358551 -1.8599440472432553
5 -6.899213951576678 -5.196678588424695
6 0.7492042508874361 -0.4541489340971678
7 -2.0671664135576653 -3.0785713415439693
8 -19.448428410555426 3.9852968526435717
9 -5.144502301877842 2.6775569006737683e-14
10 19.4484284105554 3.985296852643541
11 -2.067166413557605 3.078571341543992
12 -0.7492042508875135 -0.4541489340972207
13 -1.3340723362377593 -5.169327775026781
14 -8.639741361429731 1.9589721192241196
15 -5.288145226185139 6.346253733752306
16 7.024023101336463 3.3128095315296955
17 0.4110996804070277 -1.4013157365153026e-15
18 -7.0240231013364625 3.3128095315296937
19 -5.2881452261851285 -6.346253733752322
20 8.639741361429735 1.958972119224129
21 -1.3340723362377556 5.16932777502676
22 -5.0823528237527675 1.8564790507205906
23 -3.257622949678009 4.80825154601405
24 3.0812676760078577 0.7220072513443286
25 0.10507379691687259 2.2140386183641207
26 -3.9392067816381453 1.3376043257039012
27 1.3601057000558343 -2.1031521701211452e-15
28 3.939206781638105 1.3376043257038923
29 0.1050737969168617 -2.214038618364101
30 -3.081267676007839 0.7220072513443017
31 -3.25762294967799 -4.808251546014087
32 5.0823528237527515 1.85647905072059
33 1.3517404492711644 4.024121122504187
34 1.1703579445439065 0.1613818094329831
35 2.477605859433603 5.892345128620411
36 -1.9873076691008316 0.8833550475963795
37 8.646889609891952 -0.41023862343030015
38 -1.0880696053264953 -1.3832214333465385
39 6.653895452336231 9.143713252449108e-16
40 1.0880696053264833 -1.3832214333465351
41 8.646889609891959 0.41023862343034817
42 1.987307669100804 0.8833550475963928
43 2.47760585943361 -5.892345128620402
44 -1.1703579445438552 0.1613818094329453
45 1.3517404492711773 -4.024121122504185
46 -1.027371673071883 -2.319847325372507
47 0.570738880966978 2.951786390705609
48 -1.5888155818385645 -0.7601458618124897
49 -0.5161408136911555 -5.228921047326273
50 0.01714326710047729 1.994720408673346
51 0.1369166866856212 1.9043967963623463
52 0.16441614820322759 0.8450883267506031
53 0.8715915470266911 -4.283045086633707e-15
54 -0.16441614820322137 0.8450883267506104
55 0.13691668668558607 -1.904396796362305
56 -0.017143267100449583 1.9947204086733616
57 -0.5161408136911543 5.228921047326309
58 1.5888155818385983 -0.7601458618125052
59 0.5707388809669888 -2.951786390705637
60 1.0273716730718692 -2.319847325372466
61 -0.21098635947605168 0.737752769558401
62 -0.6519057781915619 3.9944520220826454
63 0.7396969777376209 0.18506190477727286
64 1.0458195978588052 -0.6480809385006253
65 -2.627257951393341 0.4363213943043571
66 1.4134991863870356 -1.820943050454257
67 -1.6695976891635624 3.3246419961577627
68 -1.7656382752900244 -1.5208416952461792
69 3.4794598333268167 -4.394414029114345e-15
70 1.7656382752900364 -1.5208416952461754
71 -1.66959768916355 -3.3246419961577605
72 -1.4134991863870567 -1.8209430504542474
73 -2.6272579513933576 -0.4363213943043482
74 -1.04581959785877 -0.6480809385006066
75 0.7396969777376349 -0.18506190477727377
76 0.651905778191555 3.994452022082659
77 -0.21098635947603733 -0.7377527695584168
78 0.7480324517223725 -0.7009059391721444
79 0.9339966738231101 1.8973818343138291
80 2.9690369058680637 0.6078422357741127
81 -2.2060485972878694 2.9278231420541703
82 1.0278146979724667 0.22663583257500963
83 2.2067528611613794 -2.8915927870859734
84 -1.049140304452113 3.444763617447069
85 0.2850497957079292 0.6531021470874223
86 0.37610801446195635 1.8338598436705353
87 2.8407300576899304 1.4515885949948973e-15
88 -0.3761080144619589 1.833859843670526
89 0.2850497957079257 -0.653102147087418
90 1.0491403044521108 3.4447636174470673
91 2.206752861161386 2.8915927870859752
92 -1.027814697972471 0.22663583257501324
93 -2.2060485972878694 -2.927823142054173
94 -2.969036905868052 0.6078422357740961
95 0.9339966738231096 -1.8973818343138293
96 -0.7480324517223725 -0.7009059391721456
97 -1.745186507087294 -0.01467240937464012
98 0.80826018237373 -0.8914606953945362
99 -0.21502677018019245 1.332928966734205
100 1.6040575307861729 -1.7383851220874693
101 0.22136901319222457 -1.224920398774406
102 1.8793390191173798 0.17026342812242126
103 -0.44477020588661015 -0.113307782757511
104 0.36994696118590825 -1.1094407349429174
105 -1.2260345005127646 2.0744810915225447
106 0.19376072431711244 1.4062249507511337
107 -0.7914832769833307 -1.4604925448916919e-15
108 -0.1937607243171226 1.4062249507511198
109 -1.2260345005127604 -2.0744810915225504
110 -0.3699469611859058 -1.1094407349429254
111 -0.4447702058866098 0.11330778275752464
112 -1.879339019117371 0.17026342812241876
113 0.2213690131922198 1.22492039877439
114 -1.6040575307861575 -1.7383851220874842
115 -0.21502677018018043 -1.332928966734213
116 -0.8082601823737356 -0.8914606953945375
117 -1.745186507087291 0.014672409374657601
