1 3.825079478273585 -2.178500859133628
2 6.292396944001708 -7.319980108839671
3 -9.531926256903452 -3.964707490841049e-15
4 -6.292396944001746 -7.319980108839687
5 3.8250794782735897 2.1785008591336
6 1.1725032120566905 11.653480675927229
7 -0.0747561828022741 0.7610105650321807
8 2.8066646599528178 8.52639799447118
9 0.5498868310682686 -8.838025270302101e-15
10 -2.8066646599528093 8.526397994471154
11 -0.0747561828022614 -0.7610105650321662
12 -1.172503212056693 11.653480675927263
13 -7.103761125662444 6.309556608256705
14 -0.9346391994022029 4.059430550191208
15 5.520579127754277 -3.934915303394865
16 4.118684423883343 10.915192551466726
17 -5.31246837370935 -6.1675784096078164e-15
18 -4.118684423883343 10.915192551466715
19 5.520579127754283 3.9349153033948463
20 0.9346391994021994 4.0594305501912284
21 -7.1037611256624364 -6.309556608256735
22 1.1580837602442413 3.0689928229008734
23 0.3289860615881569 -3.9698837193910097
24 0.5012439474936404 1.156959546978697
25 5.540632654504917 -0.05656425670654125
26 -5.702635686628993 4.429530657713981
27 -3.6712451936066146 1.118387632889751e-16
28 5.702635686629024 4.429530657713986
29 5.540632654504944 0.05656425670650943
30 -0.5012439474936627 1.1569595469787333
31 0.3289860615881376 3.9698837193910594
32 -1.1580837602442098 3.0689928229008805
33 -1.2391830745211792 1.2741916402342544
34 1.2115937422791785 -3.2046891771287593
35 -0.1543849269270108 -0.8150347963409469
36 1.1990956217198214 -0.5284143180163441
37 -0.8032979474121127 -2.538089914691724
38 -2.47969759134981 -0.3433850539039093
39 6.443781801489728 -3.0252131932346984e-15
40 2.479697591349822 -0.34338505390391966
41 -0.8032979474121366 2.5380899146916485
42 -1.1990956217197861 -0.5284143180163553
43 -0.1543849269270275 0.8150347963409422
44 -1.2115937422792513 -3.2046891771287145
45 -1.2391830745212 -1.2741916402342481
46 -1.837015653294972 -1.0407168854347444
47 4.325530215703464 -4.95530808511522
48 0.5135008128736372 2.0542640053139603
49 -2.9675635740507147 -3.735738650862523
50 4.9069587226545766 -0.18868900000971225
51 -0.0168259072365506 0.8502890698220061
52 -0.4842354799484321 -0.23693346843943988
53 -2.914232703195589 3.1254896727452362e-15
54 0.48423547994842747 -0.23693346843946522
55 -0.016825907236525415 -0.8502890698220311
56 -4.906958722654537 -0.18868900000972547
57 -2.9675635740507373 3.735738650862497
58 -0.5135008128736943 2.0542640053139936
59 4.325530215703484 4.955308085115232
60 1.8370156532950073 -1.0407168854347988
61 -2.3347214880834093 1.9099101512361847
62 1.626724053283216 -2.1211049977225054
63 2.7023719417454277 0.1763023940788731
64 -0.18016217725337633 2.4168227940140063
65 -0.9438536097308355 -0.384017925074014
66 -1.3595306100049316 0.3577849852333146
67 -1.958761076471363 1.433610111037208
68 -1.881963915274346 -4.629711637227168
69 1.0204618094738793 -3.9652309283693525e-15
70 1.8819639152743541 -4.629711637227164
71 -1.9587610764713717 -1.4336101110372057
72 1.3595306100049662 0.35778498523333535
73 -0.943853609730817 0.3840179250740099
74 0.18016217725339176 2.416822794014017
75 2.702371941745429 -0.1763023940788426
76 -1.6267240532832032 -2.1211049977224667
77 -2.3347214880834124 -1.9099101512361902
78 -0.967966750799391 -1.57535686519058
79 0.2020686964464666 1.1250317524030384
80 -2.075378876123654 -1.3979212414435451
81 -0.9759550182617657 -1.9155463687134044
82 0.20022253283088937 1.0511989595019866
83 -2.0660011427532687 1.5860428295495623
84 1.1402303272477963 -0.7552078408039652
85 -0.02092826585750689 1.6959815458806478
86 1.1698189841360376 -2.365452817761825
87 -1.6793946544403417 -1.6473266802800252e-15
88 -1.1698189841360387 -2.3654528177618186
89 -0.0209282658574965 -1.6959815458806469
90 -1.1402303272477976 -0.7552078408039634
91 -2.0660011427532794 -1.5860428295495628
92 -0.2002225328308823 1.05119895950198
93 -0.9759550182617702 1.9155463687134124
94 2.0753788761236467 -1.397921241443533
95 0.20206869644647016 -1.125031752403032
96 0.9679667507993922 -1.5753568651905785
97 -1.517757551200314 1.6792826627632296
98 1.5202081973217079 -0.25941477203535873
99 0.821884268726926 -0.03923452525409533
100 -0.30600314330063605 -0.9340542923042366
101 0.6971758922504553 -1.6989607294569593
102 -0.8159193656088041 -1.9673952201135925
103 -2.3778667893589227 -2.3552501914941177
104 -0.6863887254272416 -0.5407507815071549
105 0.14659642924173058 -0.8827464013714348
106 0.9480991221961379 1.8525153203081757
107 -0.0805222192435399 -1.2409043477317497e-15
108 -0.9480991221961341 1.8525153203081726
109 0.14659642924173083 0.8827464013714282
110 0.6863887254272423 -0.5407507815071617
111 -2.3778667893589245 2.3552501914941213
112 0.8159193656088005 -1.9673952201135974
113 0.6971758922504625 1.6989607294569513
114 0.3060031433006449 -0.9340542923042419
115 0.821884268726933 0.03923452525409493
116 -1.520208197321707 -0.2594147720353672
117 -1.5177575512003123 -1.6792826627632236
