1 -2.8138011084714853 -15.088564012775084
2 1.6861916709516636 -1.4548703254219815
3 1.4741849295443394 5.5851248371862225e-15
4 -1.6861916709516214 -1.45487032542197
5 -2.8138011084714747 15.088564012775073
6 -4.480336262709972 -3.8338447731297447
7 3.3603926566304154 1.1253089257393056
8 7.373236807623192 1.7975651868266123
9 1.085627934700548 -2.909710051875764e-15
10 -7.373236807623188 1.7975651868266185
11 3.3603926566304265 -1.1253089257393043
12 4.480336262709978 -3.8338447731297363
13 2.6100917405358897 3.709035135925637
14 2.539408916616011 -9.516705649495744
15 1.90595885087526 5.2088992824931495
16 1.6781272580676976 2.134715275103684
17 1.514451023460132 -6.162266294194864e-16
18 -1.6781272580676987 2.1347152751036953
19 1.9059588508752698 -5.208899282493165
20 -2.539408916616006 -9.516705649495735
21 2.6100917405358963 -3.709035135925653
22 -0.4892895553538011 5.741167286332722
23 -0.6835442126916275 2.646983581945507
24 -2.606198407368518 2.52368628978952
25 2.470798544429203 0.076350984638305
26 1.3092635759503684 2.3271250441407294
27 -9.271598878482433 -7.594493165289485e-16
28 -1.3092635759503828 2.327125044140726
29 2.4707985444291936 -0.07635098463829548
30 2.60619840736852 2.5236862897895147
31 -0.6835442126916151 -2.646983581945514
32 0.4892895553538049 5.741167286332711
33 5.733763729228923 -0.2677766345921614
34 -3.3534037526474645 4.248276033337537
35 5.560222815667724 -1.7877978954621814
36 -4.3355971999350675 -1.4640401794559648
37 3.8997090063798687 -5.578353097957827
38 -0.9312325508712219 2.5320420811746716
39 -1.909968986668029 -9.549046191932031e-16
40 0.9312325508712256 2.5320420811746702
41 3.89970900637986 5.578353097957837
42 4.3355971999350595 -1.464040179455961
43 5.5602228156677365 1.7877978954621865
44 3.3534037526474796 4.248276033337532
45 5.733763729228929 0.2677766345921605
46 0.7918059106808764 -0.2301318968524655
47 2.509198799122133 2.543422670003138
48 1.5162731531117204 -1.9512711096154651
49 0.5290996486414061 -0.23258528833134728
50 -3.990390120652264 -6.211953425297094
51 -5.067406720953507 -4.736975459123264
52 1.1000642545479133 0.24637183005726304
53 -2.845729306097433 2.578379170499476e-16
54 -1.100064254547906 0.24637183005725904
55 -5.067406720953508 4.736975459123263
56 3.990390120652264 -6.211953425297091
57 0.5290996486414036 0.23258528833134093
58 -1.5162731531117208 -1.9512711096154631
59 2.5091987991221334 -2.5434226700031326
60 -0.7918059106808847 -0.23013189685246602
61 -1.4164233202642307 5.25185462010562
62 0.45249025489449446 -2.1243030641948795
63 -0.3863027936551691 2.3545378680198064
64 0.956115707552381 -1.9937407181787967
65 -3.7010528219185 0.5889632931284279
66 1.1976565520033846 -0.17221817638844958
67 -0.8055958878498835 -0.6712772358830931
68 -1.9433532609861757 0.04092680513681266
69 -2.4943549780198393 -1.3844999204510485e-15
70 1.9433532609861826 0.0409268051368166
71 -0.8055958878498812 0.671277235883088
72 -1.1976565520033813 -0.17221817638845013
73 -3.7010528219184993 -0.5889632931284317
74 -0.956115707552381 -1.9937407181787938
75 -0.38630279365516645 -2.3545378680198157
76 -0.45249025489449807 -2.1243030641948732
77 -1.4164233202642333 -5.251854620105613
78 2.19422726588091 -0.6202677166557453
79 1.6615912630459502 -0.23319071979100942
80 -0.34811804856073364 1.2015761322136544
81 1.491424630297496 -3.1790889775824382
82 2.551102161289862 -1.664667301409044
83 -0.5107911300123013 2.2607077506773594
84 1.7502883588771396 -1.0063794766771046
85 -1.1625691264369098 -1.4488616943391164
86 2.544473034687543 -1.7418636899202606
87 1.200319918237825 9.628670922317263e-16
88 -2.5444730346875435 -1.741863689920259
89 -1.1625691264369116 1.4488616943391175
90 -1.7502883588771427 -1.0063794766771053
91 -0.5107911300123003 -2.2607077506773567
92 -2.5511021612898577 -1.6646673014090414
93 1.4914246302974996 3.179088977582437
94 0.3481180485607336 1.2015761322136527
95 1.6615912630459495 0.23319071979100736
96 -2.194227265880908 -0.6202677166557422
97 -1.2426856647372881 -0.009452953519777872
98 1.3123668535355912 -1.6885514161847042
99 -1.520488126862958 -1.3399868016526293
100 -0.7880689678797616 1.287161260581235
101 -0.7975701601609856 1.0607723490325056
102 -1.071732263135297 -0.2651777582004955
103 0.9904373831985414 -0.7015850581958719
104 0.8106310680205852 -0.5058763906940412
105 -0.9910619910518959 0.024134379962223514
106 -1.429732807922815 0.28301598136185013
107 -1.7882764760422054 -1.0673767553459519e-16
108 1.4297328079228127 0.28301598136184186
109 -0.9910619910518951 -0.024134379962225425
110 -0.8106310680205834 -0.5058763906940376
111 0.9904373831985454 0.701585058195879
112 1.071732263135296 -0.265177758200496
113 -0.7975701601609944 -1.0607723490325034
114 0.7880689678797582 1.287161260581223
115 -1.5204881268629553 1.3399868016526357
116 -1.3123668535355903 -1.6885514161847048
117 -1.242685664737281 0.009452953519779586
