1 -2.6956007865253153 1.4969778662657882
2 5.758905793032473 5.417411202776537
3 -12.040168281795294 9.739305333563662e-15
4 -5.7589057930324214 5.417411202776558
5 -2.6956007865253344 -1.4969778662657733
6 -8.405634344913917 -3.5063309842997916
7 -4.152874546594123 -1.8580020162597217
8 5.686817804644377 -0.176094199443862
9 -21.429331683169362 -2.922005577830623e-15
10 -5.686817804644381 -0.17609419944385596
11 -4.152874546594131 1.8580020162597346
12 8.40563434491393 -3.5063309842997743
13 3.9023789096737356 -6.4517045960023465
14 4.345865070591829 2.7582724550201987
15 -2.1101268095118826 -3.9059930264924554
16 -0.4638211071364397 4.128714414695575
17 5.945573529331362 5.366136836920166e-15
18 0.4638211071364395 4.128714414695617
19 -2.1101268095118644 3.9059930264924048
20 -4.345865070591817 2.758272455020221
21 3.902378909673757 6.4517045960023145
22 -0.7796889205388685 -4.411309702900597
23 -3.7345591705202126 4.296209729766519
24 3.8187908159343937 -1.510461816269043
25 4.610715301203782 0.5650330134828057
26 -0.7371023870121977 -3.5263788034227606
27 0.36184742088661176 -2.429847779196899e-16
28 0.7371023870121661 -3.5263788034227623
29 4.610715301203758 -0.5650330134827743
30 -3.81879081593437 -1.5104618162690722
31 -3.7345591705201926 -4.2962097297665665
32 0.7796889205388401 -4.411309702900602
33 -2.802344577701964 1.133924727615913
34 -0.3717281016565475 -8.88827565891405
35 2.192668834649688 2.854698805170828
36 -8.080635728221894 4.20107585431858
37 0.8784030917956568 4.257111938399522
38 1.830836641512731 -2.5824193878799915
39 -3.8458407569354187 9.309093013618188e-16
40 -1.8308366415127315 -2.582419387879992
41 0.8784030917956626 -4.257111938399499
42 8.080635728221885 4.2010758543185895
43 2.1926688346496896 -2.8546988051708344
44 0.3717281016565786 -8.88827565891407
45 -2.8023445777019558 -1.1339247276159041
46 -4.967073135984038 2.1625000446176226
47 2.235046133018767 -1.8508985384563863
48 -5.135654061467698 2.924436217264388
49 -1.2898861067252254 2.036204005678214
50 1.99679080596861 -0.22250307695463717
51 -1.1714286004988554 -0.5393795147032638
52 1.1949623838536956 -3.3947174676729186
53 -1.6099843145744546 -2.0567600830115596e-15
54 -1.1949623838536911 -3.3947174676729155
55 -1.1714286004988599 0.539379514703269
56 -1.9967908059686188 -0.22250307695462973
57 -1.2898861067252194 -2.036204005678205
58 5.135654061467715 2.9244362172643785
59 2.235046133018762 1.8508985384563867
60 4.967073135984025 2.162500044617637
61 0.001401243231580993 1.4567912354665769
62 -0.2740819601414834 1.6475990918901875
63 0.44620146721944565 0.9455113366012861
64 1.0211439836303822 0.857731226771642
65 0.6860776125391733 0.934746688250413
66 -2.654387424331353 3.4831552864277713
67 -2.954742362172773 1.828419963877546
68 0.8078640223277033 -1.6226222100687504
69 -1.4308121265470208 5.288944155493944e-16
70 -0.8078640223276988 -1.6226222100687446
71 -2.954742362172775 -1.8284199638775478
72 2.654387424331352 3.4831552864277726
73 0.6860776125391612 -0.9347466882504147
74 -1.021143983630389 0.8577312267716423
75 0.44620146721945364 -0.9455113366012927
76 0.2740819601414772 1.6475990918901846
77 0.0014012432315804338 -1.456791235466578
78 -2.3364180710349833 2.4008095007270063
79 0.08889397096232449 -0.6202057026493617
80 2.4295214090017154 1.379082593366794
81 -0.04040014361026289 2.0399094756301284
82 0.9511930368754367 0.0715800870036259
83 -0.9149885378002875 -1.4771754793917742
84 -0.3193365261828671 -0.5438769571083838
85 3.520453783050154 2.3377285690035037
86 -1.976264998854637 0.15131640104633565
87 -2.401483908542234 3.2623697928543353e-15
88 1.9762649988546392 0.15131640104633884
89 3.520453783050151 -2.3377285690035086
90 0.3193365261828584 -0.5438769571083877
91 -0.914988537800287 1.4771754793917775
92 -0.9511930368754404 0.07158008700362746
93 -0.04040014361026995 -2.039909475630124
94 -2.429521409001714 1.3790825933667985
95 0.08889397096232785 0.6202057026493648
96 2.336418071034983 2.400809500727007
97 -2.613347656794926 1.0467349891923512
98 -0.5436834703156322 0.7017397678303484
99 -1.5236137814051514 3.015492651475089
100 -0.2573110621318901 0.3247093631387399
101 -0.36380580235607146 -1.7926211886279297
102 0.3146177691270501 0.6654825917794117
103 -2.281642361870816 0.053574101824634214
104 -1.5979660788479595 -0.0762224562771466
105 -0.2901010871360162 -2.945186958481864
106 -0.3985300080495874 -2.308477835113298
107 -0.31193841116139165 -8.057522842877525e-16
108 0.39853000804958544 -2.3084778351133046
109 -0.2901010871360191 2.945186958481866
110 1.5979660788479606 -0.07622245627714852
111 -2.2816423618708135 -0.05357410182463402
112 -0.31461776912705575 0.6654825917794082
113 -0.3638058023560686 1.792621188627926
114 0.2573110621318883 0.3247093631387413
115 -1.5236137814051467 -3.0154926514750953
116 0.5436834703156281 0.7017397678303493
117 -2.6133476567949243 -1.046734989192351
