1 -15.705387400349577 -6.391678452167417
2 -3.2947349951860407 -11.100055638149373
3 -3.0804561744357155 5.50895108032589e-16
4 3.2947349951860256 -11.100055638149378
5 -15.705387400349583 6.391678452167417
6 6.6835298372628325 5.150160131721953
7 1.912857226314821 -1.2349234528538342
8 3.6731756558510393 -3.077452180982987
9 3.2766941068952864 -9.683195411747736e-15
10 -3.6731756558510176 -3.077452180982989
11 1.9128572263148045 1.2349234528538269
12 -6.683529837262803 5.15016013172199
13 -2.772310996549597 2.2444277618770028
14 -9.044558463179206 4.036583648766696
15 0.9786006627520335 -0.2200019128414755
16 2.4487020188816078 0.3804796743165851
17 1.9304368249290003 1.4049675991543063e-15
18 -2.448702018881611 0.3804796743166051
19 0.9786006627520376 0.22000191284145534
20 9.04455846317921 4.0365836487667135
21 -2.772310996549587 -2.2444277618770183
22 -0.5047847219821053 -3.4796903601834477
23 -1.552152187613156 -3.946250527666443
24 3.6720002807835046 -3.1865286417276923
25 1.0338426915667243 3.7475924640775466
26 -6.622045577403242 4.215060266553816
27 -1.229215728256203 -3.3309389880412877e-16
28 6.622045577403231 4.21506026655382
29 1.0338426915667163 -3.74759246407754
30 -3.6720002807834966 -3.186528641727711
31 -1.5521521876131477 3.9462505276664275
32 0.5047847219821031 -3.4796903601834477
33 -0.061867096075996636 1.4130064819072297
34 -1.0132642312219733 -1.3343152146949437
35 1.4487348586840125 0.03461514065437473
36 -2.8294508223504726 0.3136659353970613
37 1.4552756566982692 -2.6272142750694867
38 0.7879561609686209 -3.255374370206541
39 -2.322327821288493 -2.7333911453199137e-15
40 -0.7879561609686123 -3.255374370206544
41 1.4552756566982628 2.62721427506948
42 2.8294508223504864 0.3136659353970709
43 1.448734858684001 -0.034615140654390565
44 1.0132642312219684 -1.3343152146949548
45 -0.061867096075998 -1.413006481907221
46 -0.9608034131459663 -3.6022360642320206
47 1.1899401806516015 0.2735402633181144
48 -5.48726285782042 -1.7655905038417716
49 3.0608914514830374 -2.1474329801748966
50 -0.16060644675801328 1.3242027663845353
51 1.5569044899664388 -0.2729084963760634
52 -0.6050267452134355 5.071302625261568
53 -2.2661660382913595 2.424423950373905e-15
54 0.6050267452134241 5.07130262526157
55 1.556904489966438 0.27290849637605846
56 0.1606064467579965 1.3242027663845468
57 3.0608914514830388 2.1474329801748957
58 5.487262857820424 -1.7655905038417725
59 1.1899401806515986 -0.2735402633181035
60 0.9608034131459664 -3.6022360642320073
61 0.15013241827939344 3.23112139620468
62 -2.823583719403455 1.3376347373698318
63 -1.989649752575183 2.5398245654588463
64 1.7479427799051945 0.5833510744468022
65 -0.028557707165263912 -0.2642411046442969
66 1.2307063257413366 2.5747261677926936
67 -1.2254589793638955 0.9763085283104882
68 3.4517529137426477 1.3935497454447436
69 2.9849307034441614 1.5824429311768355e-15
70 -3.4517529137426477 1.393549745444738
71 -1.2254589793638966 -0.9763085283104946
72 -1.2307063257413349 2.574726167792687
73 -0.02855770716526382 0.2642411046442848
74 -1.7479427799051994 0.583351074446794
75 -1.9896497525751813 -2.5398245654588494
76 2.823583719403456 1.3376347373698276
77 0.1501324182793967 -3.23112139620468
78 -1.2262636410656396 2.450288680142682
79 0.1576113286678569 0.18148274713279652
80 0.34845123023621405 0.9016078775218846
81 -0.524372937558079 -0.33406978975016294
82 0.19729457633801462 0.19191399137800727
83 -0.7572551994462791 -3.4322964717327373
84 -0.3516059479460689 -0.5826706265661565
85 0.19339860134517953 3.842891513254902
86 1.3984249959167354 -0.5310423140920923
87 -0.049252718593568924 1.52106783127926e-15
88 -1.3984249959167323 -0.5310423140920889
89 0.19339860134517078 -3.8428915132549073
90 0.351605947946064 -0.5826706265661582
91 -0.757255199446282 3.4322964717327453
92 -0.19729457633801462 0.19191399137800408
93 -0.5243729375580886 0.33406978975016893
94 -0.34845123023621816 0.901607877521885
95 0.15761132866786268 -0.18148274713279877
96 1.2262636410656365 2.4502886801426835
97 0.9729074497702864 -0.03052634019056181
98 0.9369714005684441 0.10771045620307015
99 -0.2232038158348389 0.5990428663698657
100 -0.999315075464658 -2.1487135718567223
101 0.926451883724692 -0.33558402569287865
102 0.10335087427988685 0.012545175110023123
103 0.8243271733941518 3.1234967529823736
104 -0.6417276526347395 0.2385098048237839
105 -0.34600057000051787 -1.148223487842484
106 1.8855533419373178 0.752204535344419
107 -1.3047748607110805 -1.2701423354773655e-16
108 -1.8855533419373152 0.7522045353444199
109 -0.34600057000052103 1.1482234878424884
110 0.641727652634733 0.23850980482379666
111 0.8243271733941553 -3.12349675298239
112 -0.10335087427989074 0.01254517511002739
113 0.9264518837247027 0.3355840256928847
114 0.9993150754646546 -2.14871357185671
115 -0.2232038158348448 -0.599042866369863
116 -0.9369714005684479 0.10771045620306895
117 0.9729074497702783 0.03052634019055723
