1 4.56345949482123 -2.5493657759097097
2 -10.857192868345644 -0.8831320719114799
3 12.949313262342047 9.271318853914404e-15
4 10.857192868345734 -0.8831320719114517
5 4.563459494821227 2.54936577590981
6 -5.77266712247788 -2.3522807395668295
7 2.1717094168775954 -4.2833429870760025
8 2.331288226971588 -9.395132833890623
9 16.2375354160237 -8.150995191809538e-14
10 -2.331288226971503 -9.395132833890678
11 2.1717094168775 4.283342987075953
12 5.772667122478063 -2.352280739566601
13 -0.5368752690034978 2.241648273117255
14 -4.356191701301136 -6.274772084543835
15 2.5915505110180486 3.2907726259465626
16 -4.013939949290338 -2.5446435752146312
17 12.407952536319513 2.9890804697923677e-14
18 4.0139399492903385 -2.5446435752143204
19 2.5915505110181996 -3.2907726259469174
20 4.356191701301214 -6.274772084543648
21 -0.5368752690033678 -2.2416482731175016
22 1.8948953832273665 -2.841944468143224
23 1.656166512811176 1.5005238808119985
24 2.869476752258656 -4.588227706627226
25 3.468027867009212 -1.5518729092151444
26 2.767115282927748 0.3134701036975425
27 0.5105275813123902 1.102043415323313e-14
28 -2.76711528292797 0.3134701036975141
29 3.4680278670090723 1.5518729092153232
30 -2.869476752258524 -4.588227706627402
31 1.656166512811269 -1.5005238808122736
32 -1.8948953832275377 -2.841944468143232
33 1.5977603594882726 -3.637768675442386
34 -5.874179507244442 -1.9948522844345404
35 -3.024667587755259 1.7441887702475967
36 0.4551086379095164 1.3910951362180393
37 -0.2784254872935911 2.378494707471734
38 0.14297420351873527 -2.9106783204579183
39 -4.8940487091669205 3.2278237528248235e-15
40 -0.14297420351876827 -2.9106783204579245
41 -0.27842548729358585 -2.3784947074716025
42 -0.4551086379095749 1.3910951362180866
43 -3.0246675877552507 -1.7441887702476027
44 5.874179507244579 -1.9948522844346357
45 1.597760359488312 3.6377686754424223
46 -1.345689870200774 -0.9533648497788444
47 2.362291204511552 1.6611511075020218
48 -3.9372503946713735 -0.18463464603836852
49 1.3313392587747594 0.3268600401281361
50 2.9631820082767786 0.6583007752447945
51 -1.9023315819817768 1.005641215672729
52 0.3185614864838797 1.6610954512966638
53 3.381549414931119 -6.907578563949356e-16
54 -0.3185614864838754 1.6610954512966825
55 -1.9023315819818178 -1.0056412156727006
56 -2.9631820082768003 0.658300775244815
57 1.331339258774784 -0.32686004012810127
58 3.9372503946714428 -0.18463464603840718
59 2.362291204511542 -1.6611511075020435
60 1.3456898702007343 -0.9533648497787802
61 -1.1062090367781072 1.4206097017158132
62 0.5561958138237093 0.8234756282601214
63 2.542571088485107 -3.0376055203236385
64 -2.478862210422702 0.0907157272575804
65 -0.48993081713802045 1.3823495588121848
66 -1.449956784717862 2.0976765034862983
67 -0.7067822479465689 -0.009578155960244925
68 -3.1074625599618555 1.5708706065279734
69 3.240957409416669 -1.63804697176665e-16
70 3.1074625599618586 1.5708706065279765
71 -0.70678224794656 0.009578155960255042
72 1.4499567847178274 2.0976765034862943
73 -0.4899308171380356 -1.3823495588121775
74 2.478862210422719 0.09071572725759346
75 2.5425710884851154 3.0376055203236314
76 -0.5561958138237157 0.8234756282601182
77 -1.1062090367781041 -1.420609701715821
78 1.7394211177516374 0.7968439333268776
79 1.3160525327964343 1.4691022265940372
80 -0.15415719479820444 0.9478896193578651
81 2.2495809883603415 -0.6927588945259605
82 -0.9033206972196048 -0.9978317024841619
83 -0.6290662465162224 0.6655884556255999
84 1.8869059645366064 0.7140187748202691
85 1.0500125232248432 -0.6381175046583637
86 -1.434893451228167 2.5700465345353165
87 0.5853490282595135 -1.168230445469441e-15
88 1.4348934512281701 2.570046534535314
89 1.05001252322484 0.6381175046583716
90 -1.8869059645366022 0.714018774820276
91 -0.6290662465162246 -0.6655884556256016
92 0.9033206972196106 -0.9978317024841565
93 2.2495809883603446 0.6927588945259574
94 0.1541571947981978 0.9478896193578609
95 1.3160525327964445 -1.4691022265940379
96 -1.7394211177516425 0.796843933326879
97 -0.04681376004447179 1.2329536232704579
98 1.817362045562397 1.770808251266018
99 -0.5126818855812681 -0.669164081695001
100 1.1642695150492295 0.17888762585182982
101 -0.9442895088249528 1.8545353960352924
102 0.7293929714200589 1.5059861362357507
103 2.0998184325069733 1.9291134831751482
104 0.4206404611078353 -0.3563791590136938
105 -1.5145783928532028 0.974110668478594
106 2.354497229275491 1.2712219005042726
107 -1.245292907710513 1.151216343135662e-15
108 -2.354497229275489 1.2712219005042722
109 -1.5145783928531977 -0.9741106684785781
110 -0.4206404611078413 -0.3563791590136893
111 2.0998184325069724 -1.9291134831751433
112 -0.7293929714200582 1.5059861362357483
113 -0.9442895088249469 -1.8545353960353024
114 -1.1642695150492242 0.17888762585183332
115 -0.512681885581273 0.669164081695003
116 -1.8173620455624078 1.7708082512660117
117 -0.04681376004446854 -1.2329536232704537
