101   150     1
151   200     1
201   250     1
251   300     1
301   350     1
351   400     1
401   450     1
451   500     1
501   550     1
551   600     1
601   650     1
651   700     1
701   750     1
751   800     1
801   850     1
851   900     1
901   970     1
971   1030    1
1031   1090   1
1091   1150   1
1151   1210   1
1211   1270   1
1271   1330   1
1331   1390   1
1391   1450   1
1451   1510   1
1511   1570   1
1571   1650   1
1651   1750   1
1751   1850   1
1851   1950   1
164    244 2
245    325 2
326    406 2
407    487 2
488    568 2
569    649 2
650    730 2
731    811 2
812    892 2
893    973 2
974   1054 2
1055   1135 2
1136   1216 2
1217   1297 2
1298   1378 2
1379   1459 2
1460   1540 2
164    244 3
245    325 3
326    406 3
407    487 3
488    568 3
569    649 3
650    730 3
731    811 3
812    892 3
893    973 3
974   1054 3
1055   1135 3
1136   1216 3
1217   1297 3
1298   1378 3
1379   1459 3
1460   1540 3
