1 -0.8121350280478945 9.350504308883268
2 -4.07111409464897 -2.7595929378621307
3 0.7273794270071368 2.015437830920118e-15
4 4.071114094648961 -2.75959293786213
5 -0.8121350280478837 -9.350504308883263
6 0.02112848182893259 -1.7456723918750412
7 -2.0520201624483754 -0.7997742179322307
8 -2.566464260087823 -14.722251349940466
9 -7.687681732935551 7.585151576245935e-18
10 2.566464260087824 -14.72225134994047
11 -2.0520201624483745 0.7997742179322312
12 -0.02112848182893371 -1.74567239187504
13 4.485037862577121 -3.7867959533676387
14 -3.623755820204387 -0.5140632223044778
15 -0.12007891906801459 5.573275178504183
16 6.458594833969436 1.0883167113229477
17 10.138772427280626 -1.270969106711096e-16
18 -6.45859483396944 1.0883167113229486
19 -0.12007891906801321 -5.573275178504181
20 3.623755820204388 -0.5140632223044754
21 4.485037862577125 3.7867959533676347
22 -0.9501654681836533 -2.713561229792314
23 0.21494117097032103 -3.3412988262401027
24 0.4284216522758288 4.46008640054078
25 -0.6753621153878796 -1.4056455574384787
26 5.200560151718969 -3.326832467095042
27 6.340340584985257 -5.799747172220835e-16
28 -5.200560151718967 -3.326832467095049
29 -0.6753621153878795 1.4056455574384752
30 -0.4284216522758347 4.460086400540788
31 0.2149411709703084 3.3412988262400996
32 0.9501654681836478 -2.713561229792312
33 -0.24780348753226294 1.446559777182191
34 -3.409690239841259 1.0913124209079752
35 5.660201440410552 -0.13711053141571833
36 3.997761590650932 -2.97411844415604
37 2.1850416088987403 0.0617631930059023
38 3.6227583378308075 -0.16414040887314715
39 1.5313136917984214 -4.482542470745981e-16
40 -3.6227583378308053 -0.16414040887313922
41 2.185041608898741 -0.06176319300590043
42 -3.997761590650928 -2.974118444156038
43 5.660201440410555 0.13711053141571639
44 3.409690239841262 1.0913124209079754
45 -0.2478034875322623 -1.446559777182191
46 3.627711323823902 3.383799516674932
47 1.2840945674169217 1.9332465105105183
48 -2.143783238961766 3.6477393160684697
49 2.3544572148754845 0.8438268362328001
50 -1.7262618901617173 1.2896373506471739
51 1.164639511718574 -2.381468755010353
52 1.1914587551991802 -2.296077396521492
53 0.5089106955852937 6.343301361276952e-17
54 -1.1914587551991802 -2.2960773965214902
55 1.1646395117185724 2.38146875501035
56 1.726261890161723 1.2896373506471774
57 2.354457214875485 -0.843826836232802
58 2.143783238961766 3.6477393160684715
59 1.2840945674169217 -1.9332465105105188
60 -3.6277113238239016 3.3837995166749315
61 -0.2873466449250626 1.6004599165148088
62 -3.2539055817274227 1.6518519472597197
63 0.863717645248698 -1.7394256340214351
64 2.0097472114538584 1.1791884033082602
65 0.36985754069674726 -2.101918506229593
66 2.387789541449383 0.347422485137424
67 -0.950256417745277 -1.5077206626545376
68 -3.200094836108752 -1.1891609289864307
69 0.06364441457914506 -7.893366162453199e-16
70 3.20009483610875 -1.189160928986432
71 -0.9502564177452757 1.5077206626545336
72 -2.3877895414493815 0.3474224851374213
73 0.3698575406967491 2.1019185062295906
74 -2.0097472114538593 1.1791884033082585
75 0.8637176452486984 1.7394256340214334
76 3.253905581727421 1.6518519472597175
77 -0.28734664492506146 -1.6004599165148106
78 1.2092063704605607 1.7476480753517356
79 1.41246359153881 -0.9469892131449935
80 -2.1029831487881236 0.953489137377705
81 -1.5041959339259725 -1.2927779250069555
82 1.51652518563241 -0.14320200929586366
83 0.454862624363231 -0.6364694984851632
84 0.5946151926218031 4.131542384512781
85 -1.5796969944814931 -0.8083751427191097
86 -1.8135671534498552 -0.017523462507265428
87 -2.456323831348186 4.8491879010034834e-17
88 1.8135671534498552 -0.01752346250726616
89 -1.5796969944814943 0.8083751427191082
90 -0.5946151926218023 4.13154238451278
91 0.4548626243632319 0.6364694984851624
92 -1.516525185632409 -0.1432020092958636
93 -1.5041959339259732 1.2927779250069544
94 2.1029831487881228 0.9534891373777037
95 1.4124635915388106 0.946989213144993
96 -1.2092063704605625 1.7476480753517372
97 1.2130556266725294 -0.11925506910777958
98 0.3373515787909829 1.0962969478349638
99 -0.14708536831457752 -0.7890313746229318
100 -1.2451997629244984 -0.22344183310652407
101 0.5527852715682267 1.4303089737271448
102 -1.1579966281705272 2.92456756149672
103 1.2097862291861132 -1.1536662024552862
104 0.6542024825250662 1.6335777473694437
105 -1.650507637802467 0.7180708099858532
106 1.5827821134913558 -0.49275977033083923
107 -0.002676028027379206 -7.652760204696642e-16
108 -1.5827821134913571 -0.49275977033084134
109 -1.6505076378024641 -0.7180708099858518
110 -0.6542024825250572 1.633577747369443
111 1.2097862291861112 1.1536662024552837
112 1.1579966281705285 2.924567561496724
113 0.5527852715682332 -1.4303089737271437
114 1.2451997629245006 -0.2234418331065234
115 -0.14708536831458105 0.7890313746229358
116 -0.33735157879098965 1.0962969478349665
117 1.2130556266725268 0.11925506910777812
