1 2.3344992095009043 0.7388406585495272
2 2.8057703661159654 -6.024141608567891
3 -7.630479759974782 -4.730955454824943e-15
4 -2.8057703661159468 -6.024141608567895
5 2.334499209500883 -0.7388406585495311
6 1.1169829077388784 11.216324367668848
7 -4.909696746290448 0.14656098561831826
8 11.291183983837094 9.93629227257205
9 15.199101490382796 1.3871211334957926e-16
10 -11.291183983837092 9.936292272572045
11 -4.909696746290448 -0.14656098561831665
12 -1.116982907738877 11.216324367668848
13 -8.540779654534983 9.100036476371137
14 6.0050962899788365 4.838747036688086
15 2.0141326418069116 4.293228289273009
16 -3.858286355789907 0.03987956970823366
17 -10.995080859708901 4.529281706059119e-17
18 3.8582863557899034 0.0398795697082339
19 2.0141326418069116 -4.293228289273009
20 -6.005096289978835 4.83874703668809
21 -8.540779654534981 -9.10003647637114
22 3.3768153535430936 3.217457698847051
23 -7.48916035673869 -4.151792336567566
24 2.970384214385388 -0.9544484618900883
25 -0.7348374200555408 1.7615130547427602
26 -6.067544924640378 0.5896009730821037
27 -3.4846082371456575 2.4297341458578123e-16
28 6.067544924640377 0.5896009730821085
29 -0.7348374200555414 -1.7615130547427595
30 -2.970384214385387 -0.9544484618900889
31 -7.489160356738684 4.151792336567567
32 -3.376815353543091 3.2174576988470527
33 3.6070214585250655 -2.4407057821586156
34 2.7482820217333512 1.37066353638658
35 2.43013206861774 2.9593143183914905
36 0.27694619919584895 2.847916532702092
37 -5.440494704036734 1.0884636133537122
38 2.9846854337949003 0.00485583742560802
39 0.6442880919991902 9.269659441731234e-16
40 -2.984685433794904 0.004855837425591893
41 -5.440494704036735 -1.0884636133537156
42 -0.2769461991958588 2.84791653270209
43 2.430132068617735 -2.9593143183914896
44 -2.748282021733356 1.3706635363865776
45 3.6070214585250664 2.4407057821586187
46 -3.9018884577328414 -0.49480640404914455
47 2.762690025151602 3.401440999016262
48 1.6012948092472463 -1.6094390678401513
49 -0.8716586822320673 3.5263757969834426
50 -1.3952545383165786 -3.431445547713286
51 1.8281470578143808 -0.9153927410648697
52 1.880123631324364 1.5135857571108597
53 0.2609651894773396 1.614161259917011e-16
54 -1.8801236313243652 1.5135857571108602
55 1.82814705781438 0.915392741064866
56 1.3952545383165837 -3.4314455477132837
57 -0.8716586822320684 -3.526375796983445
58 -1.6012948092472485 -1.6094390678401491
59 2.762690025151601 -3.4014409990162613
60 3.901888457732845 -0.494806404049144
61 -1.0971613034818737 -1.5098674188474004
62 0.1701133108619465 -1.2288349032500694
63 1.3003650106873377 -1.762314768015569
64 -2.0188488015164903 -0.23593496262554503
65 -0.5437518116018513 2.7790232754168405
66 -1.3925701716855976 -0.48375381932199724
67 1.0504047020315534 -2.863466553650318
68 -0.8436641237560991 2.1208587449501892
69 1.0369187332297058 8.125382832029102e-16
70 0.8436641237561006 2.12085874495019
71 1.0504047020315521 2.8634665536503245
72 1.3925701716855947 -0.48375381932199546
73 -0.543751811601854 -2.779023275416839
74 2.018848801516492 -0.2359349626255434
75 1.3003650106873377 1.7623147680155713
76 -0.17011331086194537 -1.228834903250069
77 -1.0971613034818766 1.509867418847402
78 0.47672198116359543 1.5306847197830784
79 2.05029284131483 1.2701112101987146
80 0.7980282379222922 1.9101815769173602
81 1.0871700094763421 -1.2904882934789572
82 -0.4743852679767862 -1.1391718981124195
83 2.7674881332349184 -0.28015343215602245
84 -1.9140581178433316 -1.6772163272374803
85 3.456076983458426 -4.417135951379043
86 0.226226350282324 1.0446478990107904
87 -1.105383122618832 -7.076921179666693e-17
88 -0.2262263502823237 1.0446478990107904
89 3.456076983458423 4.417135951379038
90 1.9140581178433351 -1.6772163272374798
91 2.767488133234919 0.2801534321560211
92 0.47438526797678926 -1.1391718981124248
93 1.0871700094763412 1.2904882934789537
94 -0.7980282379222924 1.9101815769173587
95 2.0502928413148327 -1.2701112101987149
96 -0.47672198116360043 1.530684719783081
97 -0.45609468052303453 -2.5165757954626935
98 -0.2466221975318846 -1.1428605383156223
99 2.8346192478686296 -2.523503265055695
100 -0.5676870156571907 0.8934355698895432
101 -0.7757856701558197 -0.6916187752531272
102 -0.12303390045603427 -1.0969683930730563
103 1.9828384193376902 2.2596241289505765
104 -1.5112547070827358 1.375060884560939
105 -2.2230490658008866 -0.9298819940704521
106 -0.5588607433962943 -0.17372902362236953
107 -1.5802621697233648 3.3330558948785705e-16
108 0.5588607433962955 -0.17372902362236922
109 -2.223049065800887 0.9298819940704521
110 1.5112547070827338 1.3750608845609393
111 1.9828384193376911 -2.259624128950576
112 0.12303390045603575 -1.0969683930730574
113 -0.7757856701558198 0.6916187752531263
114 0.56768701565719 0.8934355698895438
115 2.8346192478686305 2.5235032650556937
116 0.2466221975318861 -1.1428605383156227
117 -0.4560946805230337 2.516575795462692
