1 -2.7899949073363057 -0.8231346054159916
2 -10.474299578765441 2.811199205198591
3 -2.6391854433027824 5.493684080120042e-16
4 10.47429957876544 2.811199205198591
5 -2.7899949073362995 0.8231346054159919
6 -6.5881102426686455 -2.028004193231468
7 -1.8211266289435364 0.8793595473720869
8 3.4751659356706437 -7.629456294603094
9 -0.9174701986907039 8.550954370959085e-17
10 -3.4751659356706446 -7.62945629460309
11 -1.821126628943538 -0.8793595473720908
12 6.588110242668645 -2.0280041932314683
13 -8.364214511000418 0.7385260705353512
14 -1.99947805108071 1.0496701291912331
15 7.266175000221239 -2.288971860620058
16 -0.04536650309696186 0.4552636050433209
17 -6.674126607820986 5.2554202776113784e-17
18 0.04536650309695992 0.4552636050433225
19 7.26617500022124 2.2889718606200575
20 1.9994780510807095 1.049670129191234
21 -8.364214511000416 -0.7385260705353526
22 5.876286119419145 -2.6532147464063494
23 -2.0358654853915987 13.491723615918557
24 2.6488069967373926 -3.1652059057860713
25 2.299923726095486 2.1694618309426654
26 0.342861909079308 -3.454481539197026
27 -2.314376592065758 -8.574593663703959e-18
28 -0.34286190907930786 -3.4544815391970274
29 2.299923726095487 -2.1694618309426668
30 -2.6488069967373926 -3.1652059057860713
31 -2.035865485391598 -13.491723615918557
32 -5.876286119419144 -2.6532147464063494
33 -1.629584647226438 -4.756198941183087
34 -0.4772686902589891 -0.7159746908437541
35 0.3039923275119156 0.8427686836233953
36 -2.070600522225029 0.3360971156569066
37 -1.3159214000955162 1.0762666686546363
38 -7.890428573339433 0.7692932368254757
39 7.063210232097323 1.6938361544334644e-17
40 7.890428573339432 0.7692932368254745
41 -1.3159214000955162 -1.0762666686546363
42 2.0706005222250297 0.336097115656907
43 0.30399232751191524 -0.8427686836233953
44 0.4772686902589893 -0.7159746908437541
45 -1.6295846472264366 4.756198941183087
46 -1.113765434016392 1.2903867069753854
47 -1.4139072623695346 2.575904123128106
48 -1.1285593761658845 2.276578120399032
49 -2.761891674712535 -2.9221240028855577
50 -0.17261508799682163 -2.1266198672630487
51 1.1983311627197968 -3.0638242331028964
52 -1.3448475521447154 1.9764010101080423
53 -5.00789778890879 1.1176989174375463e-16
54 1.344847552144716 1.9764010101080427
55 1.1983311627197977 3.063824233102897
56 0.17261508799682052 -2.126619867263051
57 -2.7618916747125364 2.9221240028855564
58 1.1285593761658848 2.2765781203990323
59 -1.4139072623695343 -2.575904123128106
60 1.113765434016392 1.2903867069753856
61 -1.3098161318143569 -4.121220633693563
62 5.053145330903877 -2.581975929189296
63 1.8214075452821978 3.340421355911018
64 0.3159285562010628 1.7508345401451988
65 2.0460980150040973 -0.42461033244095847
66 2.84754128579705 -0.7493281926013898
67 1.5908462456291652 -1.0093985561766534
68 -0.8608617045219474 -3.1683037899839
69 -1.683201581763187 1.6216772636115072e-16
70 0.860861704521948 -3.168303789983899
71 1.590846245629166 1.0093985561766545
72 -2.84754128579705 -0.7493281926013892
73 2.046098015004097 0.4246103324409588
74 -0.3159285562010626 1.7508345401451972
75 1.8214075452821983 -3.3404213559110176
76 -5.053145330903877 -2.5819759291892974
77 -1.309816131814357 4.121220633693564
78 2.0040539112112494 3.2653712358944116
79 -1.1616227931030576 -2.2164846626337855
80 -1.32967717131501 1.7620765281105903
81 1.826263627865763 1.1784177305979224
82 -1.6137835942728358 2.13034261888883
83 -2.21340558138868 -0.9435619384312286
84 1.6255769272316682 2.9897472660777322
85 2.1963628492463614 0.8197796681038743
86 -1.2878310375511735 1.2654459959201851
87 0.5539580970162927 -5.828563458982865e-17
88 1.287831037551174 1.2654459959201854
89 2.1963628492463614 -0.8197796681038739
90 -1.6255769272316676 2.9897472660777322
91 -2.21340558138868 0.9435619384312283
92 1.6137835942728358 2.1303426188888293
93 1.826263627865763 -1.1784177305979215
94 1.32967717131501 1.7620765281105903
95 -1.1616227931030572 2.2164846626337855
96 -2.0040539112112503 3.2653712358944116
97 -1.8301708433864259 -3.8739604909543366
98 -0.6536716839316231 1.2960852063325727
99 -0.662389655789756 -1.6673950190485611
100 -0.42057493969173565 -0.07940088175589859
101 -1.4534174992154483 1.7788446306654184
102 -0.548064784209525 0.1552414896478025
103 0.20698309644272928 1.1753370509541867
104 0.7842469089584952 0.46934517954173677
105 2.7081737668795376 0.5341464536031081
106 -0.4288388004925747 1.2543689364242216
107 -2.7075441337679944 -5.78000374675798e-17
108 0.4288388004925754 1.2543689364242232
109 2.708173766879537 -0.5341464536031069
110 -0.7842469089584955 0.4693451795417369
111 0.20698309644272947 -1.1753370509541876
112 0.548064784209525 0.15524148964780224
113 -1.4534174992154485 -1.7788446306654193
114 0.4205749396917355 -0.07940088175589886
115 -0.6623896557897555 1.6673950190485616
116 0.6536716839316237 1.2960852063325716
117 -1.8301708433864259 3.8739604909543375
