1 3.931342522634849 -6.7857726148477875
2 2.798139333581383 -6.988637732034603
3 -21.031603157822406 2.7785220937387945e-15
4 -2.798139333581393 -6.988637732034605
5 3.9313425226348624 6.785772614847792
6 4.47392892373938 -0.8223474523449059
7 4.001595971259285 2.022619711374633
8 -8.62668271019473 3.739531526830133
9 2.057924567512091 -1.7047196721160969e-16
10 8.626682710194725 3.7395315268301386
11 4.001595971259281 -2.0226197113746394
12 -4.473928923739377 -0.8223474523449068
13 3.405356799543788 9.99078208546439
14 4.573791646755574 3.901170599408478
15 2.0320517045034836 2.525397952091617
16 0.3929082820259645 -0.5045487105192761
17 4.214925243998858 -1.5230290621974614e-17
18 -0.39290828202596273 -0.5045487105192755
19 2.032051704503483 -2.525397952091617
20 -4.573791646755574 3.9011705994084758
21 3.4053567995437892 -9.990782085464392
22 -2.328195586534761 -0.14057500446073462
23 -4.293088727698083 -0.39849462723839807
24 2.9234869516520945 2.8611577830575654
25 -3.4452563502226896 -1.0256085914438058
26 -1.2047894566214952 7.513701572888487
27 9.718281821460701 1.6409113414021815e-16
28 1.2047894566214965 7.513701572888486
29 -3.4452563502226883 1.0256085914438036
30 -2.9234869516520976 2.8611577830575654
31 -4.293088727698086 0.3984946272383964
32 2.32819558653476 -0.1405750044607342
33 -3.548320453309248 0.21902733345601108
34 0.5564607836741761 -1.1178422345603496
35 -2.876646691613326 -0.5638884332523847
36 0.10952138054918922 0.158896469756712
37 1.1978855465351848 3.128584712824666
38 0.7187643428095523 -3.188923745679109
39 0.789283238867969 -3.855933726641835e-16
40 -0.7187643428095524 -3.188923745679103
41 1.1978855465351856 -3.1285847128246647
42 -0.10952138054918643 0.15889646975671268
43 -2.8766466916133253 0.5638884332523815
44 -0.5564607836741743 -1.1178422345603496
45 -3.5483204533092487 -0.2190273334560145
46 2.153199395973218 -2.6490023229479114
47 -1.4506094482761178 3.1779686706962513
48 -1.3800222008497884 1.1783396370107393
49 -3.0922997130044036 1.0391732722003115
50 0.6949377337673708 -0.4358410937802141
51 0.11278392401837452 3.627223324040414
52 1.1218881376891419 -0.259699087739681
53 -1.899068420129611 -1.4659233263918749e-16
54 -1.1218881376891416 -0.25969908773968226
55 0.11278392401837391 -3.6272233240404117
56 -0.6949377337673756 -0.43584109378021674
57 -3.0922997130044054 -1.039173272200313
58 1.3800222008497876 1.1783396370107355
59 -1.4506094482761143 -3.177968670696252
60 -2.153199395973219 -2.6490023229479136
61 -1.464040754281072 0.7499097299504212
62 2.4003229126836843 3.4028766177038285
63 0.3029183172171441 -1.2580171619202032
64 -0.47275660248917983 0.5515945702465337
65 2.0484397988902163 0.12991869855420174
66 1.53765562033237 -3.3701125174140536
67 4.235652086107142 0.5857966107580291
68 0.22279428180334412 -0.9068447892996407
69 2.046921386398082 2.888676127939672e-16
70 -0.22279428180334465 -0.9068447892996405
71 4.235652086107138 -0.5857966107580268
72 -1.537655620332369 -3.370112517414053
73 2.048439798890215 -0.1299186985542012
74 0.4727566024891805 0.5515945702465356
75 0.30291831721714263 1.2580171619202032
76 -2.400322912683683 3.402876617703831
77 -1.4640407542810723 -0.74990972995042
78 -1.279225385395222 1.7738829562894127
79 -0.7598933934941849 0.7242081037926819
80 -4.9296359523679545 2.1921486681922957
81 1.0672381257097066 -0.11641400157447324
82 0.29422413231472044 -1.5600082587266366
83 -0.7968750035521307 0.6899237825942304
84 0.5248897357562994 1.6189844841300451
85 -0.6857395375382724 -0.3965739016239627
86 -3.100928897146106 -2.1582283770196664
87 1.7159917591637284 -5.855876679083815e-16
88 3.1009288971461046 -2.158228377019663
89 -0.6857395375382676 0.39657390162396156
90 -0.5248897357563003 1.6189844841300474
91 -0.7968750035521295 -0.689923782594229
92 -0.29422413231472005 -1.5600082587266373
93 1.0672381257097077 0.11641400157447351
94 4.929635952367956 2.192148668192295
95 -0.7598933934941855 -0.7242081037926813
96 1.2792253853952222 1.773882956289414
97 3.1970224097942714 -0.8497096108396622
98 0.1184962581546055 2.186365812673122
99 -2.3808327525437303 3.0863023797779707
100 0.26844622619862807 0.1403084539952348
101 2.504523967685508 -0.14186341887771461
102 -0.4061435205109102 -1.0106789301589167
103 3.5712706972870896 0.8126437471653277
104 -0.5602556585598587 -1.2137442967123384
105 -1.416846726783261 0.6041579833412664
106 -1.5742363093413922 -1.007323355576491
107 -0.367443109985341 6.729313270575264e-16
108 1.5742363093413931 -1.0073233555764887
109 -1.4168467267832627 -0.604157983341265
110 0.5602556585598527 -1.2137442967123364
111 3.5712706972870887 -0.8126437471653253
112 0.4061435205109144 -1.0106789301589152
113 2.5045239676855062 0.14186341887771423
114 -0.268446226198633 0.1403084539952354
115 -2.380832752543727 -3.0863023797779743
116 -0.11849625815460146 2.186365812673122
117 3.1970224097942768 0.8497096108396625
