1 -4.237885419040817 0.8861846291564403
2 2.466700230134089 8.935781914058657
3 8.726146342837847 -7.619068947962962e-16
4 -2.466700230134085 8.935781914058657
5 -4.237885419040817 -0.8861846291564379
6 2.862025763527706 8.107733363823213
7 -8.909607790311659 2.162985122286968
8 9.077483455403355 -0.24561409455250754
9 -7.35868827888385 -3.3702116229560495e-16
10 -9.077483455403355 -0.24561409455251187
11 -8.909607790311656 -2.1629851222869654
12 -2.862025763527709 8.107733363823211
13 -1.3346493254927898 3.0381912750888147
14 5.669780368992831 -0.4501443547063495
15 -2.670050150134144 2.769827857618441
16 -0.29051637599674535 2.28026710268355
17 -7.559400114373181 1.6861267036496093e-17
18 0.290516375996748 2.280267102683547
19 -2.6700501501341454 -2.7698278576184423
20 -5.669780368992828 -0.45014435470635233
21 -1.334649325492792 -3.0381912750888125
22 -4.493704363098402 2.349961556133384
23 -2.4532315410362084 3.8044704795734585
24 -3.662167534899615 0.5368257307701885
25 2.590780713470369 3.128053789682899
26 1.8892926476534202 -0.05930435820144778
27 3.2483475423946393 6.660355713281972e-16
28 -1.8892926476534193 -0.0593043582014469
29 2.590780713470369 -3.1280537896829
30 3.6621675348996163 0.5368257307701871
31 -2.4532315410362044 -3.804470479573457
32 4.493704363098403 2.349961556133384
33 0.5158203009202383 2.4383822112063522
34 5.222911088105834 -2.8812891920934667
35 -0.49095833986466797 1.3535033177420526
36 0.49063209811072483 -4.5399677148035975
37 0.48610094374531165 -6.469721892996767
38 -2.3209769054764657 0.03695260692242138
39 4.970896000175428 -1.962671473682291e-16
40 2.3209769054764635 0.036952606922423345
41 0.486100943745309 6.469721892996765
42 -0.49063209811072633 -4.539967714803599
43 -0.49095833986466453 -1.3535033177420517
44 -5.222911088105836 -2.881289192093466
45 0.515820300920239 -2.438382211206352
46 -1.835159633835336 1.3484375536105129
47 1.6132253448192058 3.0894979885700553
48 -0.5792986941992989 1.911341783734797
49 -0.21061868832851227 -0.04683226420254334
50 0.9264141755449702 0.1983304389893754
51 -4.072125614426302 0.3967272069777136
52 -2.1739233392482893 -1.4686864899855723
53 4.577763297151467 -6.249241670876308e-16
54 2.173923339248289 -1.4686864899855774
55 -4.0721256144263025 -0.396727206977715
56 -0.9264141755449707 0.19833043898937328
57 -0.21061868832851338 0.04683226420254259
58 0.5792986941992994 1.9113417837347975
59 1.613225344819204 -3.089497988570055
60 1.8351596338353355 1.3484375536105124
61 0.5628153713418119 -1.125593130354697
62 3.316222767007749 1.5793070201899897
63 -0.6192091025409555 -1.577546442989164
64 1.1720363297375482 -2.8050099375916453
65 4.431134332483605 1.4196360287405732
66 -1.1729106980769999 0.9814353305993725
67 2.196603944123733 -1.4826077907589998
68 -0.009613677919434188 -1.5007124561217808
69 4.449269027575732 2.683394392060283e-16
70 0.009613677919435093 -1.5007124561217788
71 2.196603944123734 1.4826077907590034
72 1.1729106980769985 0.981435330599372
73 4.431134332483604 -1.4196360287405732
74 -1.1720363297375471 -2.8050099375916444
75 -0.6192091025409572 1.5775464429891626
76 -3.3162227670077487 1.5793070201899873
77 0.5628153713418106 1.1255931303546978
78 -1.761033271366437 -0.8781121453654464
79 0.856541789388468 1.1819952560622446
80 2.190544403618018 1.0154653415707267
81 0.5644714800421484 -0.3864753606010427
82 1.8062106974291834 1.4360604877013157
83 1.2875210612598713 0.04768976891818972
84 1.0795855384823625 -0.8849053817166312
85 0.10441871035369704 1.7432553890005398
86 -0.5653094568754908 0.8414078001170296
87 0.44725113147636913 2.438435019003016e-16
88 0.5653094568754913 0.8414078001170304
89 0.1044187103536965 -1.7432553890005393
90 -1.079585538482362 -0.8849053817166312
91 1.287521061259871 -0.04768976891819159
92 -1.806210697429183 1.4360604877013126
93 0.5644714800421484 0.3864753606010435
94 -2.1905444036180217 1.0154653415707255
95 0.8565417893884691 -1.1819952560622453
96 1.7610332713664354 -0.8781121453654437
97 1.6171100511977838 -0.9511046593103697
98 0.4598277032015563 1.358208919267775
99 0.822338621805238 -0.27150759587713624
100 -0.14617208273339335 3.346447777349998
101 0.11449611149264055 1.7507418557239476
102 -0.11696595335678833 -1.1590204354108467
103 -0.2312426973136973 0.5219844174338695
104 -0.3248977659023699 0.516671139988296
105 -0.7199946770971486 1.0973937822261635
106 0.7016643643162128 -0.24656539930478677
107 -0.5695550856171983 -1.0643569958418349e-16
108 -0.7016643643162132 -0.24656539930478716
109 -0.7199946770971485 -1.0973937822261624
110 0.3248977659023718 0.5166711399882963
111 -0.23124269731369737 -0.5219844174338698
112 0.11696595335678941 -1.1590204354108455
113 0.11449611149264328 -1.7507418557239467
114 0.14617208273339385 3.346447777349999
115 0.8223386218052389 0.2715075958771376
116 -0.459827703201556 1.358208919267775
117 1.617110051197785 0.9511046593103691
