0 0.0 0.0 0.0
1 0.0 0.0 0.0
2 0.00539064932948 0.0 0.0
3 0.00539064932948 0.0 0.0
4 -0.000769424987382 0.0 0.0
5 -0.000769424987382 0.0 0.0
6 0.00358408687161 0.0 0.0
7 0.00358408687161 0.0 0.0
8 0.00358408687161 0.0 0.0
9 0.00358408687161 0.0 0.0
10 0.00358408687161 0.0 0.0
11 0.00358408687161 0.0 0.0
12 0.0588235294118 0.0 0.0
13 0.0588235294118 0.0 0.0
14 0.0588235294118 0.0 0.0
15 0.0588235294118 0.0 0.0
16 0.0588235294118 0.0 0.0
17 0.0588235294118 0.0 0.0
18 0.0588235294118 0.0 0.0
19 0.0588235294118 0.0 0.0
20 0.0588235294118 0.0 0.0
21 0.0588235294118 0.0 0.0
22 0.0588235294118 0.0 0.0
23 0.0588235294118 0.0 0.0
24 0.0588235294118 0.0 0.0
25 0.0588235294118 0.0 0.0
26 0.0588235294118 0.0 0.0
27 0.0588235294118 0.0 0.0
28 0.0588235294118 0.0 0.0
29 0.0588235294118 0.0 0.0
30 0.000148922077621 0.0 0.0
31 0.000148922077621 0.0 0.0
32 0.000148922077621 0.0 0.0
33 0.000148922077621 0.0 0.0
34 0.000148922077621 0.0 0.0
35 0.000148922077621 0.0 0.0
36 0.000148922077621 0.0 0.0
37 0.000148922077621 0.0 0.0
38 0.000148922077621 0.0 0.0
39 0.000148922077621 0.0 0.0
40 0.000148922077621 0.0 0.0
41 0.000148922077621 0.0 0.0
42 0.000148922077621 0.0 0.0
43 0.000148922077621 0.0 0.0
44 0.000148922077621 0.0 0.0
45 0.000148922077621 0.0 0.0
46 0.000177817713264 0.0 0.0
47 0.000177817713264 0.0 0.0
48 0.000177817713264 0.0 0.0
49 0.000177817713264 0.0 0.0
50 0.000177817713264 0.0 0.0
51 0.000177817713264 0.0 0.0
52 0.000177817713264 0.0 0.0
53 0.000177817713264 0.0 0.0
54 0.000177817713264 0.0 0.0
55 0.000177817713264 0.0 0.0
56 0.000177817713264 0.0 0.0
57 0.000177817713264 0.0 0.0
58 0.000177817713264 0.0 0.0
59 0.000177817713264 0.0 0.0
60 0.000177817713264 0.0 0.0
61 0.000177817713264 0.0 0.0
62 0.000177817713264 0.0 0.0
63 0.000177817713264 0.0 0.0
64 0.000177817713264 0.0 0.0
65 0.000177817713264 0.0 0.0
66 0.000177817713264 0.0 0.0
67 0.000177817713264 0.0 0.0
68 0.000177817713264 0.0 0.0
69 0.000177817713264 0.0 0.0
70 0.000177817713264 0.0 0.0
71 0.000177817713264 0.0 0.0
72 0.000177817713264 0.0 0.0
73 0.000177817713264 0.0 0.0
74 0.000177817713264 0.0 0.0
75 0.000177817713264 0.0 0.0
76 9.64960320748e-05 0.0 0.0
77 9.64960320748e-05 0.0 0.0
78 9.64960320748e-05 0.0 0.0
79 9.64960320748e-05 0.0 0.0
80 9.64960320748e-05 0.0 0.0
81 9.64960320748e-05 0.0 0.0
82 9.64960320748e-05 0.0 0.0
83 9.64960320748e-05 0.0 0.0
84 9.64960320748e-05 0.0 0.0
85 9.64960320748e-05 0.0 0.0
86 9.64960320748e-05 0.0 0.0
87 9.64960320748e-05 0.0 0.0
88 9.64960320748e-05 0.0 0.0
89 9.64960320748e-05 0.0 0.0
90 9.64960320748e-05 0.0 0.0
91 -2.43942929018e-05 0.0 0.0
92 -2.43942929018e-05 0.0 0.0
93 -2.43942929018e-05 0.0 0.0
94 -2.43942929018e-05 0.0 0.0
95 -2.43942929018e-05 0.0 0.0
96 -2.43942929018e-05 0.0 0.0
97 -2.43942929018e-05 0.0 0.0
98 -2.43942929018e-05 0.0 0.0
99 -2.43942929018e-05 0.0 0.0
100 -2.43942929018e-05 0.0 0.0
101 -2.43942929018e-05 0.0 0.0
102 -2.43942929018e-05 0.0 0.0
103 -2.43942929018e-05 0.0 0.0
104 -2.43942929018e-05 0.0 0.0
105 -2.43942929018e-05 0.0 0.0
106 -2.43942929018e-05 0.0 0.0
107 -2.43942929018e-05 0.0 0.0
108 -2.43942929018e-05 0.0 0.0
109 -2.43942929018e-05 0.0 0.0
110 -2.43942929018e-05 0.0 0.0
111 -2.43942929018e-05 0.0 0.0
112 -2.43942929018e-05 0.0 0.0
113 -2.43942929018e-05 0.0 0.0
114 -2.43942929018e-05 0.0 0.0
115 -2.43942929018e-05 0.0 0.0
116 -2.43942929018e-05 0.0 0.0
117 -2.43942929018e-05 0.0 0.0
118 -2.43942929018e-05 0.0 0.0
119 -2.43942929018e-05 0.0 0.0
120 -2.43942929018e-05 0.0 0.0
121 2.29679406428e-05 0.0 0.0
122 2.29679406428e-05 0.0 0.0
123 2.29679406428e-05 0.0 0.0
124 2.29679406428e-05 0.0 0.0
125 2.29679406428e-05 0.0 0.0
126 2.29679406428e-05 0.0 0.0
127 2.29679406428e-05 0.0 0.0
128 2.29679406428e-05 0.0 0.0
129 2.29679406428e-05 0.0 0.0
130 2.29679406428e-05 0.0 0.0
131 2.29679406428e-05 0.0 0.0
132 2.29679406428e-05 0.0 0.0
133 2.29679406428e-05 0.0 0.0
134 2.29679406428e-05 0.0 0.0
135 2.29679406428e-05 0.0 0.0
136 -1.59131545855e-05 0.0 0.0
137 -1.59131545855e-05 0.0 0.0
138 -1.59131545855e-05 0.0 0.0
139 -1.59131545855e-05 0.0 0.0
140 -1.59131545855e-05 0.0 0.0
141 -1.59131545855e-05 0.0 0.0
142 -1.59131545855e-05 0.0 0.0
143 -1.59131545855e-05 0.0 0.0
144 -1.59131545855e-05 0.0 0.0
145 -1.59131545855e-05 0.0 0.0
146 -1.59131545855e-05 0.0 0.0
147 -1.59131545855e-05 0.0 0.0
148 -1.59131545855e-05 0.0 0.0
149 -1.59131545855e-05 0.0 0.0
150 -1.59131545855e-05 0.0 0.0
151 -1.59131545855e-05 0.0 0.0
152 -1.59131545855e-05 0.0 0.0
153 -1.59131545855e-05 0.0 0.0
154 -1.59131545855e-05 0.0 0.0
155 -1.59131545855e-05 0.0 0.0
156 -1.59131545855e-05 0.0 0.0
157 -1.59131545855e-05 0.0 0.0
158 -1.59131545855e-05 0.0 0.0
159 -1.59131545855e-05 0.0 0.0
160 -1.59131545855e-05 0.0 0.0
161 -2.44954506416e-05 0.0 0.0
162 -2.44954506416e-05 0.0 0.0
163 -2.44954506416e-05 0.0 0.0
164 -2.44954506416e-05 0.0 0.0
165 -2.44954506416e-05 0.0 0.0
166 -2.44954506416e-05 0.0 0.0
167 -2.44954506416e-05 0.0 0.0
168 -2.44954506416e-05 0.0 0.0
169 -2.44954506416e-05 0.0 0.0
170 -2.44954506416e-05 0.0 0.0
171 -2.44954506416e-05 0.0 0.0
172 -2.44954506416e-05 0.0 0.0
173 -2.44954506416e-05 0.0 0.0
174 -2.44954506416e-05 0.0 0.0
175 -2.44954506416e-05 0.0 0.0
176 -2.44954506416e-05 0.0 0.0
177 -2.44954506416e-05 0.0 0.0
178 -2.44954506416e-05 0.0 0.0
179 -2.44954506416e-05 0.0 0.0
180 -2.44954506416e-05 0.0 0.0
181 -2.44954506416e-05 0.0 0.0
182 -2.44954506416e-05 0.0 0.0
183 -2.44954506416e-05 0.0 0.0
184 -2.44954506416e-05 0.0 0.0
185 -2.44954506416e-05 0.0 0.0
186 -2.44954506416e-05 0.0 0.0
187 -2.44954506416e-05 0.0 0.0
188 -2.44954506416e-05 0.0 0.0
189 -2.44954506416e-05 0.0 0.0
190 -2.44954506416e-05 0.0 0.0
191 -2.44954506416e-05 0.0 0.0
192 -2.44954506416e-05 0.0 0.0
193 -2.44954506416e-05 0.0 0.0
194 -2.44954506416e-05 0.0 0.0
195 -2.44954506416e-05 0.0 0.0
196 -2.44954506416e-05 0.0 0.0
197 -2.44954506416e-05 0.0 0.0
198 -2.44954506416e-05 0.0 0.0
199 -2.44954506416e-05 0.0 0.0
200 -2.44954506416e-05 0.0 0.0
201 3.3344227808e-05 0.0 0.0
202 3.3344227808e-05 0.0 0.0
203 3.3344227808e-05 0.0 0.0
204 3.3344227808e-05 0.0 0.0
205 3.3344227808e-05 0.0 0.0
206 3.3344227808e-05 0.0 0.0
207 3.3344227808e-05 0.0 0.0
208 3.3344227808e-05 0.0 0.0
209 3.3344227808e-05 0.0 0.0
210 3.3344227808e-05 0.0 0.0
211 3.3344227808e-05 0.0 0.0
212 3.3344227808e-05 0.0 0.0
213 3.3344227808e-05 0.0 0.0
214 3.3344227808e-05 0.0 0.0
215 3.3344227808e-05 0.0 0.0
216 3.3344227808e-05 0.0 0.0
217 3.3344227808e-05 0.0 0.0
218 3.3344227808e-05 0.0 0.0
219 3.3344227808e-05 0.0 0.0
220 3.3344227808e-05 0.0 0.0
221 3.3344227808e-05 0.0 0.0
222 3.3344227808e-05 0.0 0.0
223 3.3344227808e-05 0.0 0.0
224 3.3344227808e-05 0.0 0.0
225 3.3344227808e-05 0.0 0.0
226 3.3344227808e-05 0.0 0.0
227 3.3344227808e-05 0.0 0.0
228 3.3344227808e-05 0.0 0.0
229 3.3344227808e-05 0.0 0.0
230 3.3344227808e-05 0.0 0.0
231 3.3344227808e-05 0.0 0.0
232 3.3344227808e-05 0.0 0.0
233 3.3344227808e-05 0.0 0.0
234 3.3344227808e-05 0.0 0.0
235 3.3344227808e-05 0.0 0.0
236 3.3344227808e-05 0.0 0.0
237 3.3344227808e-05 0.0 0.0
238 3.3344227808e-05 0.0 0.0
239 3.3344227808e-05 0.0 0.0
240 3.3344227808e-05 0.0 0.0
241 3.3344227808e-05 0.0 0.0
242 3.3344227808e-05 0.0 0.0
243 3.3344227808e-05 0.0 0.0
244 3.3344227808e-05 0.0 0.0
245 3.3344227808e-05 0.0 0.0
246 3.3344227808e-05 0.0 0.0
247 3.3344227808e-05 0.0 0.0
248 3.3344227808e-05 0.0 0.0
249 3.3344227808e-05 0.0 0.0
250 3.3344227808e-05 0.0 0.0
251 3.3344227808e-05 0.0 0.0
252 3.3344227808e-05 0.0 0.0
253 3.3344227808e-05 0.0 0.0
254 3.3344227808e-05 0.0 0.0
255 3.3344227808e-05 0.0 0.0
256 3.3344227808e-05 0.0 0.0
257 3.3344227808e-05 0.0 0.0
258 3.3344227808e-05 0.0 0.0
259 3.3344227808e-05 0.0 0.0
260 3.3344227808e-05 0.0 0.0
261 3.3344227808e-05 0.0 0.0
262 3.3344227808e-05 0.0 0.0
263 3.3344227808e-05 0.0 0.0
264 3.3344227808e-05 0.0 0.0
265 3.3344227808e-05 0.0 0.0
266 3.3344227808e-05 0.0 0.0
267 3.3344227808e-05 0.0 0.0
268 3.3344227808e-05 0.0 0.0
269 3.3344227808e-05 0.0 0.0
270 3.3344227808e-05 0.0 0.0
271 0.000140814811637 0.0 0.0
272 0.000140814811637 0.0 0.0
273 0.000140814811637 0.0 0.0
274 0.000140814811637 0.0 0.0
275 0.000140814811637 0.0 0.0
276 0.000140814811637 0.0 0.0
277 0.000140814811637 0.0 0.0
278 0.000140814811637 0.0 0.0
279 0.000140814811637 0.0 0.0
280 0.000140814811637 0.0 0.0
281 0.000140814811637 0.0 0.0
282 0.000140814811637 0.0 0.0
283 0.000140814811637 0.0 0.0
284 0.000140814811637 0.0 0.0
285 0.000140814811637 0.0 0.0
286 0.000140814811637 0.0 0.0
287 0.000140814811637 0.0 0.0
288 0.000140814811637 0.0 0.0
289 0.000140814811637 0.0 0.0
290 0.000140814811637 0.0 0.0
291 0.000140814811637 0.0 0.0
292 0.000140814811637 0.0 0.0
293 0.000140814811637 0.0 0.0
294 0.000140814811637 0.0 0.0
295 0.000140814811637 0.0 0.0
296 0.000140814811637 0.0 0.0
297 0.000140814811637 0.0 0.0
298 0.000140814811637 0.0 0.0
299 0.000140814811637 0.0 0.0
300 0.000140814811637 0.0 0.0
301 0.000140814811637 0.0 0.0
302 0.000140814811637 0.0 0.0
303 0.000140814811637 0.0 0.0
304 0.000140814811637 0.0 0.0
305 0.000140814811637 0.0 0.0
306 0.000140814811637 0.0 0.0
307 0.000140814811637 0.0 0.0
308 0.000140814811637 0.0 0.0
309 0.000140814811637 0.0 0.0
310 0.000140814811637 0.0 0.0
311 0.000140814811637 0.0 0.0
312 0.000140814811637 0.0 0.0
313 0.000140814811637 0.0 0.0
314 0.000140814811637 0.0 0.0
315 0.000140814811637 0.0 0.0
316 0.000140814811637 0.0 0.0
317 0.000140814811637 0.0 0.0
318 0.000140814811637 0.0 0.0
319 0.000140814811637 0.0 0.0
320 0.000140814811637 0.0 0.0
321 0.000140814811637 0.0 0.0
322 0.000140814811637 0.0 0.0
323 0.000140814811637 0.0 0.0
324 0.000140814811637 0.0 0.0
325 0.000140814811637 0.0 0.0
326 -6.19808194148e-05 0.0 0.0
327 -6.19808194148e-05 0.0 0.0
328 -6.19808194148e-05 0.0 0.0
329 -6.19808194148e-05 0.0 0.0
330 -6.19808194148e-05 0.0 0.0
331 -6.19808194148e-05 0.0 0.0
332 -6.19808194148e-05 0.0 0.0
333 -6.19808194148e-05 0.0 0.0
334 -6.19808194148e-05 0.0 0.0
335 -6.19808194148e-05 0.0 0.0
336 -6.19808194148e-05 0.0 0.0
337 -6.19808194148e-05 0.0 0.0
338 -6.19808194148e-05 0.0 0.0
339 -6.19808194148e-05 0.0 0.0
340 -6.19808194148e-05 0.0 0.0
341 -6.19808194148e-05 0.0 0.0
342 -6.19808194148e-05 0.0 0.0
343 -6.19808194148e-05 0.0 0.0
344 -6.19808194148e-05 0.0 0.0
345 -6.19808194148e-05 0.0 0.0
346 -6.19808194148e-05 0.0 0.0
347 -6.19808194148e-05 0.0 0.0
348 -6.19808194148e-05 0.0 0.0
349 -6.19808194148e-05 0.0 0.0
350 -6.19808194148e-05 0.0 0.0
351 -6.19808194148e-05 0.0 0.0
352 -6.19808194148e-05 0.0 0.0
353 -6.19808194148e-05 0.0 0.0
354 -6.19808194148e-05 0.0 0.0
355 -6.19808194148e-05 0.0 0.0
356 -6.19808194148e-05 0.0 0.0
357 -6.19808194148e-05 0.0 0.0
358 -6.19808194148e-05 0.0 0.0
359 -6.19808194148e-05 0.0 0.0
360 -6.19808194148e-05 0.0 0.0
361 -6.19808194148e-05 0.0 0.0
362 -6.19808194148e-05 0.0 0.0
363 -6.19808194148e-05 0.0 0.0
364 -6.19808194148e-05 0.0 0.0
365 -6.19808194148e-05 0.0 0.0
366 -6.19808194148e-05 0.0 0.0
367 -6.19808194148e-05 0.0 0.0
368 -6.19808194148e-05 0.0 0.0
369 -6.19808194148e-05 0.0 0.0
370 -6.19808194148e-05 0.0 0.0
371 -6.19808194148e-05 0.0 0.0
372 -6.19808194148e-05 0.0 0.0
373 -6.19808194148e-05 0.0 0.0
374 -6.19808194148e-05 0.0 0.0
375 -6.19808194148e-05 0.0 0.0
376 -0.000255197170822 0.0 0.0
377 -0.000255197170822 0.0 0.0
378 -0.000255197170822 0.0 0.0
379 -0.000255197170822 0.0 0.0
380 -0.000255197170822 0.0 0.0
381 -0.000255197170822 0.0 0.0
382 -0.000255197170822 0.0 0.0
383 -0.000255197170822 0.0 0.0
384 -0.000255197170822 0.0 0.0
385 -0.000255197170822 0.0 0.0
386 -0.000255197170822 0.0 0.0
387 -0.000255197170822 0.0 0.0
388 -0.000255197170822 0.0 0.0
389 -0.000255197170822 0.0 0.0
390 -0.000255197170822 0.0 0.0
391 -0.000255197170822 0.0 0.0
392 -0.000255197170822 0.0 0.0
393 -0.000255197170822 0.0 0.0
394 -0.000255197170822 0.0 0.0
395 -0.000255197170822 0.0 0.0
396 -0.000255197170822 0.0 0.0
397 -0.000255197170822 0.0 0.0
398 -0.000255197170822 0.0 0.0
399 -0.000255197170822 0.0 0.0
400 -0.000255197170822 0.0 0.0
401 -0.000255197170822 0.0 0.0
402 -0.000255197170822 0.0 0.0
403 -0.000255197170822 0.0 0.0
404 -0.000255197170822 0.0 0.0
405 -0.000255197170822 0.0 0.0
406 -0.000255197170822 0.0 0.0
407 -0.000255197170822 0.0 0.0
408 -0.000255197170822 0.0 0.0
409 -0.000255197170822 0.0 0.0
410 -0.000255197170822 0.0 0.0
411 -0.000255197170822 0.0 0.0
412 -0.000255197170822 0.0 0.0
413 -0.000255197170822 0.0 0.0
414 -0.000255197170822 0.0 0.0
415 -0.000255197170822 0.0 0.0
416 -0.000255197170822 0.0 0.0
417 -0.000255197170822 0.0 0.0
418 -0.000255197170822 0.0 0.0
419 -0.000255197170822 0.0 0.0
420 -0.000255197170822 0.0 0.0
421 -0.000255197170822 0.0 0.0
422 -0.000255197170822 0.0 0.0
423 -0.000255197170822 0.0 0.0
424 -0.000255197170822 0.0 0.0
425 -0.000255197170822 0.0 0.0
426 -0.000218297679742 0.0 0.0
427 -0.000218297679742 0.0 0.0
428 -0.000218297679742 0.0 0.0
429 -0.000218297679742 0.0 0.0
430 -0.000218297679742 0.0 0.0
431 -0.000218297679742 0.0 0.0
432 -0.000218297679742 0.0 0.0
433 -0.000218297679742 0.0 0.0
434 -0.000218297679742 0.0 0.0
435 -0.000218297679742 0.0 0.0
436 -0.000218297679742 0.0 0.0
437 -0.000218297679742 0.0 0.0
438 -0.000218297679742 0.0 0.0
439 -0.000218297679742 0.0 0.0
440 -0.000218297679742 0.0 0.0
441 -0.000218297679742 0.0 0.0
442 -0.000218297679742 0.0 0.0
443 -0.000218297679742 0.0 0.0
444 -0.000218297679742 0.0 0.0
445 -0.000218297679742 0.0 0.0
446 -0.000218297679742 0.0 0.0
447 -0.000218297679742 0.0 0.0
448 -0.000218297679742 0.0 0.0
449 -0.000218297679742 0.0 0.0
450 -0.000218297679742 0.0 0.0
451 -0.000218297679742 0.0 0.0
452 -0.000218297679742 0.0 0.0
453 -0.000218297679742 0.0 0.0
454 -0.000218297679742 0.0 0.0
455 -0.000218297679742 0.0 0.0
456 -0.000218297679742 0.0 0.0
457 -0.000218297679742 0.0 0.0
458 -0.000218297679742 0.0 0.0
459 -0.000218297679742 0.0 0.0
460 -0.000218297679742 0.0 0.0
461 -0.000218297679742 0.0 0.0
462 -0.000218297679742 0.0 0.0
463 -0.000218297679742 0.0 0.0
464 -0.000218297679742 0.0 0.0
465 -0.000218297679742 0.0 0.0
466 -0.000218297679742 0.0 0.0
467 -0.000218297679742 0.0 0.0
468 -0.000218297679742 0.0 0.0
469 -0.000218297679742 0.0 0.0
470 -0.000218297679742 0.0 0.0
471 -0.000218297679742 0.0 0.0
472 -0.000218297679742 0.0 0.0
473 -0.000218297679742 0.0 0.0
474 -0.000218297679742 0.0 0.0
475 -0.000218297679742 0.0 0.0
476 -0.000321919275454 0.0 0.0
477 -0.000321919275454 0.0 0.0
478 -0.000321919275454 0.0 0.0
479 -0.000321919275454 0.0 0.0
480 -0.000321919275454 0.0 0.0
481 -0.000321919275454 0.0 0.0
482 -0.000321919275454 0.0 0.0
483 -0.000321919275454 0.0 0.0
484 -0.000321919275454 0.0 0.0
485 -0.000321919275454 0.0 0.0
486 -0.000321919275454 0.0 0.0
487 -0.000321919275454 0.0 0.0
488 -0.000321919275454 0.0 0.0
489 -0.000321919275454 0.0 0.0
490 -0.000321919275454 0.0 0.0
491 -0.000321919275454 0.0 0.0
492 -0.000321919275454 0.0 0.0
493 -0.000321919275454 0.0 0.0
494 -0.000321919275454 0.0 0.0
495 -0.000321919275454 0.0 0.0
496 -0.000321919275454 0.0 0.0
497 -0.000321919275454 0.0 0.0
498 -0.000321919275454 0.0 0.0
499 -0.000321919275454 0.0 0.0
500 -0.000321919275454 0.0 0.0
501 -0.000321919275454 0.0 0.0
502 -0.000321919275454 0.0 0.0
503 -0.000321919275454 0.0 0.0
504 -0.000321919275454 0.0 0.0
505 -0.000321919275454 0.0 0.0
506 -0.000321919275454 0.0 0.0
507 -0.000321919275454 0.0 0.0
508 -0.000321919275454 0.0 0.0
509 -0.000321919275454 0.0 0.0
510 -0.000321919275454 0.0 0.0
511 -0.000321919275454 0.0 0.0
512 -0.000321919275454 0.0 0.0
513 -0.000321919275454 0.0 0.0
514 -0.000321919275454 0.0 0.0
515 -0.000321919275454 0.0 0.0
516 -0.000321919275454 0.0 0.0
517 -0.000321919275454 0.0 0.0
518 -0.000321919275454 0.0 0.0
519 -0.000321919275454 0.0 0.0
520 -0.000321919275454 0.0 0.0
521 -0.000321919275454 0.0 0.0
522 -0.000321919275454 0.0 0.0
523 -0.000321919275454 0.0 0.0
524 -0.000321919275454 0.0 0.0
525 -0.000321919275454 0.0 0.0
526 -3.8950500773e-06 0.0 0.0
527 -3.8950500773e-06 0.0 0.0
528 -3.8950500773e-06 0.0 0.0
529 -3.8950500773e-06 0.0 0.0
530 -3.8950500773e-06 0.0 0.0
531 -3.8950500773e-06 0.0 0.0
532 -3.8950500773e-06 0.0 0.0
533 -3.8950500773e-06 0.0 0.0
534 -3.8950500773e-06 0.0 0.0
535 -3.8950500773e-06 0.0 0.0
536 -3.8950500773e-06 0.0 0.0
537 -3.8950500773e-06 0.0 0.0
538 -3.8950500773e-06 0.0 0.0
539 -3.8950500773e-06 0.0 0.0
540 -3.8950500773e-06 0.0 0.0
541 -3.8950500773e-06 0.0 0.0
542 -3.8950500773e-06 0.0 0.0
543 -3.8950500773e-06 0.0 0.0
544 -3.8950500773e-06 0.0 0.0
545 -3.8950500773e-06 0.0 0.0
546 -3.8950500773e-06 0.0 0.0
547 -3.8950500773e-06 0.0 0.0
548 -3.8950500773e-06 0.0 0.0
549 -3.8950500773e-06 0.0 0.0
550 -3.8950500773e-06 0.0 0.0
551 -3.8950500773e-06 0.0 0.0
552 -3.8950500773e-06 0.0 0.0
553 -3.8950500773e-06 0.0 0.0
554 -3.8950500773e-06 0.0 0.0
555 -3.8950500773e-06 0.0 0.0
556 -3.8950500773e-06 0.0 0.0
557 -3.8950500773e-06 0.0 0.0
558 -3.8950500773e-06 0.0 0.0
559 -3.8950500773e-06 0.0 0.0
560 -3.8950500773e-06 0.0 0.0
561 -3.8950500773e-06 0.0 0.0
562 -3.8950500773e-06 0.0 0.0
563 -3.8950500773e-06 0.0 0.0
564 -3.8950500773e-06 0.0 0.0
565 -3.8950500773e-06 0.0 0.0
566 -3.8950500773e-06 0.0 0.0
567 -3.8950500773e-06 0.0 0.0
568 -3.8950500773e-06 0.0 0.0
569 -3.8950500773e-06 0.0 0.0
570 -3.8950500773e-06 0.0 0.0
571 -3.8950500773e-06 0.0 0.0
572 -3.8950500773e-06 0.0 0.0
573 -3.8950500773e-06 0.0 0.0
574 -3.8950500773e-06 0.0 0.0
575 -3.8950500773e-06 0.0 0.0
576 -0.000148258710294 0.0 0.0
577 -0.000148258710294 0.0 0.0
578 -0.000148258710294 0.0 0.0
579 -0.000148258710294 0.0 0.0
580 -0.000148258710294 0.0 0.0
581 -0.000148258710294 0.0 0.0
582 -0.000148258710294 0.0 0.0
583 -0.000148258710294 0.0 0.0
584 -0.000148258710294 0.0 0.0
585 -0.000148258710294 0.0 0.0
586 -0.000148258710294 0.0 0.0
587 -0.000148258710294 0.0 0.0
588 -0.000148258710294 0.0 0.0
589 -0.000148258710294 0.0 0.0
590 -0.000148258710294 0.0 0.0
591 -0.000148258710294 0.0 0.0
592 -0.000148258710294 0.0 0.0
593 -0.000148258710294 0.0 0.0
594 -0.000148258710294 0.0 0.0
595 -0.000148258710294 0.0 0.0
596 -0.000148258710294 0.0 0.0
597 -0.000148258710294 0.0 0.0
598 -0.000148258710294 0.0 0.0
599 -0.000148258710294 0.0 0.0
600 -0.000148258710294 0.0 0.0
601 -0.000148258710294 0.0 0.0
602 -0.000148258710294 0.0 0.0
603 -0.000148258710294 0.0 0.0
604 -0.000148258710294 0.0 0.0
605 -0.000148258710294 0.0 0.0
606 -0.000148258710294 0.0 0.0
607 -0.000148258710294 0.0 0.0
608 -0.000148258710294 0.0 0.0
609 -0.000148258710294 0.0 0.0
610 -0.000148258710294 0.0 0.0
611 -0.000148258710294 0.0 0.0
612 -0.000148258710294 0.0 0.0
613 -0.000148258710294 0.0 0.0
614 -0.000148258710294 0.0 0.0
615 -0.000148258710294 0.0 0.0
616 -0.000148258710294 0.0 0.0
617 -0.000148258710294 0.0 0.0
618 -0.000148258710294 0.0 0.0
619 -0.000148258710294 0.0 0.0
620 -0.000148258710294 0.0 0.0
621 -0.000148258710294 0.0 0.0
622 -0.000148258710294 0.0 0.0
623 -0.000148258710294 0.0 0.0
624 -0.000148258710294 0.0 0.0
625 -0.000148258710294 0.0 0.0
626 -0.000377094367346 0.0 0.0
627 -0.000377094367346 0.0 0.0
628 -0.000377094367346 0.0 0.0
629 -0.000377094367346 0.0 0.0
630 -0.000377094367346 0.0 0.0
631 -0.000377094367346 0.0 0.0
632 -0.000377094367346 0.0 0.0
633 -0.000377094367346 0.0 0.0
634 -0.000377094367346 0.0 0.0
635 -0.000377094367346 0.0 0.0
636 -0.000377094367346 0.0 0.0
637 -0.000377094367346 0.0 0.0
638 -0.000377094367346 0.0 0.0
639 -0.000377094367346 0.0 0.0
640 -0.000377094367346 0.0 0.0
641 -0.000377094367346 0.0 0.0
642 -0.000377094367346 0.0 0.0
643 -0.000377094367346 0.0 0.0
644 -0.000377094367346 0.0 0.0
645 -0.000377094367346 0.0 0.0
646 -0.000377094367346 0.0 0.0
647 -0.000377094367346 0.0 0.0
648 -0.000377094367346 0.0 0.0
649 -0.000377094367346 0.0 0.0
650 -0.000377094367346 0.0 0.0
651 -0.000377094367346 0.0 0.0
652 -0.000377094367346 0.0 0.0
653 -0.000377094367346 0.0 0.0
654 -0.000377094367346 0.0 0.0
655 -0.000377094367346 0.0 0.0
656 -0.000377094367346 0.0 0.0
657 -0.000377094367346 0.0 0.0
658 -0.000377094367346 0.0 0.0
659 -0.000377094367346 0.0 0.0
660 -0.000377094367346 0.0 0.0
661 -0.000377094367346 0.0 0.0
662 -0.000377094367346 0.0 0.0
663 -0.000377094367346 0.0 0.0
664 -0.000377094367346 0.0 0.0
665 -0.000377094367346 0.0 0.0
666 -0.000377094367346 0.0 0.0
667 -0.000377094367346 0.0 0.0
668 -0.000377094367346 0.0 0.0
669 -0.000377094367346 0.0 0.0
670 -0.000377094367346 0.0 0.0
671 -0.000377094367346 0.0 0.0
672 -0.000377094367346 0.0 0.0
673 -0.000377094367346 0.0 0.0
674 -0.000377094367346 0.0 0.0
675 -0.000377094367346 0.0 0.0
676 0.00029059807856 0.0 0.0
677 0.00029059807856 0.0 0.0
678 0.00029059807856 0.0 0.0
679 0.00029059807856 0.0 0.0
680 0.00029059807856 0.0 0.0
681 0.00029059807856 0.0 0.0
682 0.00029059807856 0.0 0.0
683 0.00029059807856 0.0 0.0
684 0.00029059807856 0.0 0.0
685 0.00029059807856 0.0 0.0
686 0.00029059807856 0.0 0.0
687 0.00029059807856 0.0 0.0
688 0.00029059807856 0.0 0.0
689 0.00029059807856 0.0 0.0
690 0.00029059807856 0.0 0.0
691 0.00029059807856 0.0 0.0
692 0.00029059807856 0.0 0.0
693 0.00029059807856 0.0 0.0
694 0.00029059807856 0.0 0.0
695 0.00029059807856 0.0 0.0
696 0.00029059807856 0.0 0.0
697 0.00029059807856 0.0 0.0
698 0.00029059807856 0.0 0.0
699 0.00029059807856 0.0 0.0
700 0.00029059807856 0.0 0.0
701 0.00029059807856 0.0 0.0
702 0.00029059807856 0.0 0.0
703 0.00029059807856 0.0 0.0
704 0.00029059807856 0.0 0.0
705 0.00029059807856 0.0 0.0
706 0.00029059807856 0.0 0.0
707 0.00029059807856 0.0 0.0
708 0.00029059807856 0.0 0.0
709 0.00029059807856 0.0 0.0
710 0.00029059807856 0.0 0.0
711 0.00029059807856 0.0 0.0
712 0.00029059807856 0.0 0.0
713 0.00029059807856 0.0 0.0
714 0.00029059807856 0.0 0.0
715 0.00029059807856 0.0 0.0
716 0.00029059807856 0.0 0.0
717 0.00029059807856 0.0 0.0
718 0.00029059807856 0.0 0.0
719 0.00029059807856 0.0 0.0
720 0.00029059807856 0.0 0.0
721 0.00029059807856 0.0 0.0
722 0.00029059807856 0.0 0.0
723 0.00029059807856 0.0 0.0
724 0.00029059807856 0.0 0.0
725 0.00029059807856 0.0 0.0
726 0.000222501280468 0.0 0.0
727 0.000222501280468 0.0 0.0
728 0.000222501280468 0.0 0.0
729 0.000222501280468 0.0 0.0
730 0.000222501280468 0.0 0.0
731 0.000222501280468 0.0 0.0
732 0.000222501280468 0.0 0.0
733 0.000222501280468 0.0 0.0
734 0.000222501280468 0.0 0.0
735 0.000222501280468 0.0 0.0
736 0.000222501280468 0.0 0.0
737 0.000222501280468 0.0 0.0
738 0.000222501280468 0.0 0.0
739 0.000222501280468 0.0 0.0
740 0.000222501280468 0.0 0.0
741 0.000222501280468 0.0 0.0
742 0.000222501280468 0.0 0.0
743 0.000222501280468 0.0 0.0
744 0.000222501280468 0.0 0.0
745 0.000222501280468 0.0 0.0
746 0.000222501280468 0.0 0.0
747 0.000222501280468 0.0 0.0
748 0.000222501280468 0.0 0.0
749 0.000222501280468 0.0 0.0
750 0.000222501280468 0.0 0.0
751 0.000222501280468 0.0 0.0
752 0.000222501280468 0.0 0.0
753 0.000222501280468 0.0 0.0
754 0.000222501280468 0.0 0.0
755 0.000222501280468 0.0 0.0
756 0.000222501280468 0.0 0.0
757 0.000222501280468 0.0 0.0
758 0.000222501280468 0.0 0.0
759 0.000222501280468 0.0 0.0
760 0.000222501280468 0.0 0.0
761 0.000222501280468 0.0 0.0
762 0.000222501280468 0.0 0.0
763 0.000222501280468 0.0 0.0
764 0.000222501280468 0.0 0.0
765 0.000222501280468 0.0 0.0
766 0.000222501280468 0.0 0.0
767 0.000222501280468 0.0 0.0
768 0.000222501280468 0.0 0.0
769 0.000222501280468 0.0 0.0
770 0.000222501280468 0.0 0.0
771 0.000222501280468 0.0 0.0
772 0.000222501280468 0.0 0.0
773 0.000222501280468 0.0 0.0
774 0.000222501280468 0.0 0.0
775 0.000222501280468 0.0 0.0
776 6.7305140851e-05 0.0 0.0
777 6.7305140851e-05 0.0 0.0
778 6.7305140851e-05 0.0 0.0
779 6.7305140851e-05 0.0 0.0
780 6.7305140851e-05 0.0 0.0
781 6.7305140851e-05 0.0 0.0
782 6.7305140851e-05 0.0 0.0
783 6.7305140851e-05 0.0 0.0
784 6.7305140851e-05 0.0 0.0
785 6.7305140851e-05 0.0 0.0
786 6.7305140851e-05 0.0 0.0
787 6.7305140851e-05 0.0 0.0
788 6.7305140851e-05 0.0 0.0
789 6.7305140851e-05 0.0 0.0
790 6.7305140851e-05 0.0 0.0
791 6.7305140851e-05 0.0 0.0
792 6.7305140851e-05 0.0 0.0
793 6.7305140851e-05 0.0 0.0
794 6.7305140851e-05 0.0 0.0
795 6.7305140851e-05 0.0 0.0
796 6.7305140851e-05 0.0 0.0
797 6.7305140851e-05 0.0 0.0
798 6.7305140851e-05 0.0 0.0
799 6.7305140851e-05 0.0 0.0
800 6.7305140851e-05 0.0 0.0
801 6.7305140851e-05 0.0 0.0
802 6.7305140851e-05 0.0 0.0
803 6.7305140851e-05 0.0 0.0
804 6.7305140851e-05 0.0 0.0
805 6.7305140851e-05 0.0 0.0
806 6.7305140851e-05 0.0 0.0
807 6.7305140851e-05 0.0 0.0
808 6.7305140851e-05 0.0 0.0
809 6.7305140851e-05 0.0 0.0
810 6.7305140851e-05 0.0 0.0
811 6.7305140851e-05 0.0 0.0
812 6.7305140851e-05 0.0 0.0
813 6.7305140851e-05 0.0 0.0
814 6.7305140851e-05 0.0 0.0
815 6.7305140851e-05 0.0 0.0
816 6.7305140851e-05 0.0 0.0
817 6.7305140851e-05 0.0 0.0
818 6.7305140851e-05 0.0 0.0
819 6.7305140851e-05 0.0 0.0
820 6.7305140851e-05 0.0 0.0
821 6.7305140851e-05 0.0 0.0
822 6.7305140851e-05 0.0 0.0
823 6.7305140851e-05 0.0 0.0
824 6.7305140851e-05 0.0 0.0
825 6.7305140851e-05 0.0 0.0
826 -2.7067459707e-05 0.0 0.0
827 -2.7067459707e-05 0.0 0.0
828 -2.7067459707e-05 0.0 0.0
829 -2.7067459707e-05 0.0 0.0
830 -2.7067459707e-05 0.0 0.0
831 -2.7067459707e-05 0.0 0.0
832 -2.7067459707e-05 0.0 0.0
833 -2.7067459707e-05 0.0 0.0
834 -2.7067459707e-05 0.0 0.0
835 -2.7067459707e-05 0.0 0.0
836 -2.7067459707e-05 0.0 0.0
837 -2.7067459707e-05 0.0 0.0
838 -2.7067459707e-05 0.0 0.0
839 -2.7067459707e-05 0.0 0.0
840 -2.7067459707e-05 0.0 0.0
841 -2.7067459707e-05 0.0 0.0
842 -2.7067459707e-05 0.0 0.0
843 -2.7067459707e-05 0.0 0.0
844 -2.7067459707e-05 0.0 0.0
845 -2.7067459707e-05 0.0 0.0
846 -2.7067459707e-05 0.0 0.0
847 -2.7067459707e-05 0.0 0.0
848 -2.7067459707e-05 0.0 0.0
849 -2.7067459707e-05 0.0 0.0
850 -2.7067459707e-05 0.0 0.0
851 -2.7067459707e-05 0.0 0.0
852 -2.7067459707e-05 0.0 0.0
853 -2.7067459707e-05 0.0 0.0
854 -2.7067459707e-05 0.0 0.0
855 -2.7067459707e-05 0.0 0.0
856 -2.7067459707e-05 0.0 0.0
857 -2.7067459707e-05 0.0 0.0
858 -2.7067459707e-05 0.0 0.0
859 -2.7067459707e-05 0.0 0.0
860 -2.7067459707e-05 0.0 0.0
861 -2.7067459707e-05 0.0 0.0
862 -2.7067459707e-05 0.0 0.0
863 -2.7067459707e-05 0.0 0.0
864 -2.7067459707e-05 0.0 0.0
865 -2.7067459707e-05 0.0 0.0
866 -2.7067459707e-05 0.0 0.0
867 -2.7067459707e-05 0.0 0.0
868 -2.7067459707e-05 0.0 0.0
869 -2.7067459707e-05 0.0 0.0
870 -2.7067459707e-05 0.0 0.0
871 -2.7067459707e-05 0.0 0.0
872 -2.7067459707e-05 0.0 0.0
873 -2.7067459707e-05 0.0 0.0
874 -2.7067459707e-05 0.0 0.0
875 -2.7067459707e-05 0.0 0.0
876 -2.7067459707e-05 0.0 0.0
877 -2.7067459707e-05 0.0 0.0
878 -2.7067459707e-05 0.0 0.0
879 -2.7067459707e-05 0.0 0.0
880 -2.7067459707e-05 0.0 0.0
881 -2.7067459707e-05 0.0 0.0
882 -2.7067459707e-05 0.0 0.0
883 -2.7067459707e-05 0.0 0.0
884 -2.7067459707e-05 0.0 0.0
885 -2.7067459707e-05 0.0 0.0
886 -2.7067459707e-05 0.0 0.0
887 -2.7067459707e-05 0.0 0.0
888 -2.7067459707e-05 0.0 0.0
889 -2.7067459707e-05 0.0 0.0
890 -2.7067459707e-05 0.0 0.0
891 -2.7067459707e-05 0.0 0.0
892 -2.7067459707e-05 0.0 0.0
893 -2.7067459707e-05 0.0 0.0
894 -2.7067459707e-05 0.0 0.0
895 -2.7067459707e-05 0.0 0.0
896 -2.7067459707e-05 0.0 0.0
897 -2.7067459707e-05 0.0 0.0
898 -2.7067459707e-05 0.0 0.0
899 -2.7067459707e-05 0.0 0.0
900 -2.7067459707e-05 0.0 0.0
901 -2.7067459707e-05 0.0 0.0
902 -2.7067459707e-05 0.0 0.0
903 -2.7067459707e-05 0.0 0.0
904 -2.7067459707e-05 0.0 0.0
905 -2.7067459707e-05 0.0 0.0
906 -2.7067459707e-05 0.0 0.0
907 -2.7067459707e-05 0.0 0.0
908 -2.7067459707e-05 0.0 0.0
909 -2.7067459707e-05 0.0 0.0
910 -2.7067459707e-05 0.0 0.0
911 -2.7067459707e-05 0.0 0.0
912 -2.7067459707e-05 0.0 0.0
913 -2.7067459707e-05 0.0 0.0
914 -2.7067459707e-05 0.0 0.0
915 -2.7067459707e-05 0.0 0.0
916 -2.7067459707e-05 0.0 0.0
917 -2.7067459707e-05 0.0 0.0
918 -2.7067459707e-05 0.0 0.0
919 -2.7067459707e-05 0.0 0.0
920 -2.7067459707e-05 0.0 0.0
921 -2.7067459707e-05 0.0 0.0
922 -2.7067459707e-05 0.0 0.0
923 -2.7067459707e-05 0.0 0.0
924 -2.7067459707e-05 0.0 0.0
925 -2.7067459707e-05 0.0 0.0
926 -2.7067459707e-05 0.0 0.0
927 -2.7067459707e-05 0.0 0.0
928 -2.7067459707e-05 0.0 0.0
929 -2.7067459707e-05 0.0 0.0
930 -2.7067459707e-05 0.0 0.0
931 -2.7067459707e-05 0.0 0.0
932 -2.7067459707e-05 0.0 0.0
933 -2.7067459707e-05 0.0 0.0
934 -2.7067459707e-05 0.0 0.0
935 -2.7067459707e-05 0.0 0.0
936 -2.7067459707e-05 0.0 0.0
937 -2.7067459707e-05 0.0 0.0
938 -2.7067459707e-05 0.0 0.0
939 -2.7067459707e-05 0.0 0.0
940 -2.7067459707e-05 0.0 0.0
941 -2.7067459707e-05 0.0 0.0
942 -2.7067459707e-05 0.0 0.0
943 -2.7067459707e-05 0.0 0.0
944 -2.7067459707e-05 0.0 0.0
945 -2.7067459707e-05 0.0 0.0
946 -2.7067459707e-05 0.0 0.0
947 -2.7067459707e-05 0.0 0.0
948 -2.7067459707e-05 0.0 0.0
949 -2.7067459707e-05 0.0 0.0
950 -2.7067459707e-05 0.0 0.0
951 -2.7067459707e-05 0.0 0.0
952 -2.7067459707e-05 0.0 0.0
953 -2.7067459707e-05 0.0 0.0
954 -2.7067459707e-05 0.0 0.0
955 -2.7067459707e-05 0.0 0.0
956 -2.7067459707e-05 0.0 0.0
957 -2.7067459707e-05 0.0 0.0
958 -2.7067459707e-05 0.0 0.0
959 -2.7067459707e-05 0.0 0.0
960 -2.7067459707e-05 0.0 0.0
961 -2.7067459707e-05 0.0 0.0
962 -2.7067459707e-05 0.0 0.0
963 -2.7067459707e-05 0.0 0.0
964 -2.7067459707e-05 0.0 0.0
965 -2.7067459707e-05 0.0 0.0
966 -2.7067459707e-05 0.0 0.0
967 -2.7067459707e-05 0.0 0.0
968 -2.7067459707e-05 0.0 0.0
969 -2.7067459707e-05 0.0 0.0
970 -2.7067459707e-05 0.0 0.0
971 -2.7067459707e-05 0.0 0.0
972 -2.7067459707e-05 0.0 0.0
973 -2.7067459707e-05 0.0 0.0
974 -2.7067459707e-05 0.0 0.0
975 -2.7067459707e-05 0.0 0.0
976 -2.7067459707e-05 0.0 0.0
977 -2.7067459707e-05 0.0 0.0
978 -2.7067459707e-05 0.0 0.0
979 -2.7067459707e-05 0.0 0.0
980 -2.7067459707e-05 0.0 0.0
981 -2.7067459707e-05 0.0 0.0
982 -2.7067459707e-05 0.0 0.0
983 -2.7067459707e-05 0.0 0.0
984 -2.7067459707e-05 0.0 0.0
985 -2.7067459707e-05 0.0 0.0
986 -2.7067459707e-05 0.0 0.0
987 -2.7067459707e-05 0.0 0.0
988 -2.7067459707e-05 0.0 0.0
989 -2.7067459707e-05 0.0 0.0
990 -2.7067459707e-05 0.0 0.0
991 -2.7067459707e-05 0.0 0.0
992 -2.7067459707e-05 0.0 0.0
993 -2.7067459707e-05 0.0 0.0
994 -2.7067459707e-05 0.0 0.0
995 -2.7067459707e-05 0.0 0.0
996 -2.7067459707e-05 0.0 0.0
997 -2.7067459707e-05 0.0 0.0
998 -2.7067459707e-05 0.0 0.0
999 -2.7067459707e-05 0.0 0.0
1000 -2.7067459707e-05 0.0 0.0
1001 -2.7067459707e-05 0.0 0.0
1002 -2.7067459707e-05 0.0 0.0
1003 -2.7067459707e-05 0.0 0.0
1004 -2.7067459707e-05 0.0 0.0
1005 -2.7067459707e-05 0.0 0.0
1006 -2.7067459707e-05 0.0 0.0
1007 -2.7067459707e-05 0.0 0.0
1008 -2.7067459707e-05 0.0 0.0
1009 -2.7067459707e-05 0.0 0.0
1010 -2.7067459707e-05 0.0 0.0
1011 -2.7067459707e-05 0.0 0.0
1012 -2.7067459707e-05 0.0 0.0
1013 -2.7067459707e-05 0.0 0.0
1014 -2.7067459707e-05 0.0 0.0
1015 -2.7067459707e-05 0.0 0.0
1016 -2.7067459707e-05 0.0 0.0
1017 -2.7067459707e-05 0.0 0.0
1018 -2.7067459707e-05 0.0 0.0
1019 -2.7067459707e-05 0.0 0.0
1020 -2.7067459707e-05 0.0 0.0
1021 -2.7067459707e-05 0.0 0.0
1022 -2.7067459707e-05 0.0 0.0
1023 -2.7067459707e-05 0.0 0.0
1024 -2.7067459707e-05 0.0 0.0
1025 -2.7067459707e-05 0.0 0.0
1026 -2.7067459707e-05 0.0 0.0
1027 -2.7067459707e-05 0.0 0.0
1028 -2.7067459707e-05 0.0 0.0
1029 -2.7067459707e-05 0.0 0.0
1030 -2.7067459707e-05 0.0 0.0
1031 -2.7067459707e-05 0.0 0.0
1032 -2.7067459707e-05 0.0 0.0
1033 -2.7067459707e-05 0.0 0.0
1034 -2.7067459707e-05 0.0 0.0
1035 -2.7067459707e-05 0.0 0.0
1036 -2.7067459707e-05 0.0 0.0
1037 -2.7067459707e-05 0.0 0.0
1038 -2.7067459707e-05 0.0 0.0
1039 -2.7067459707e-05 0.0 0.0
1040 -2.7067459707e-05 0.0 0.0
1041 -2.7067459707e-05 0.0 0.0
1042 -2.7067459707e-05 0.0 0.0
1043 -2.7067459707e-05 0.0 0.0
1044 -2.7067459707e-05 0.0 0.0
1045 -2.7067459707e-05 0.0 0.0
1046 -2.7067459707e-05 0.0 0.0
1047 -2.7067459707e-05 0.0 0.0
1048 -2.7067459707e-05 0.0 0.0
1049 -2.7067459707e-05 0.0 0.0
1050 -2.7067459707e-05 0.0 0.0
1051 -9.75295105889e-05 0.0 0.0
1052 -9.75295105889e-05 0.0 0.0
1053 -9.75295105889e-05 0.0 0.0
1054 -9.75295105889e-05 0.0 0.0
1055 -9.75295105889e-05 0.0 0.0
1056 -9.75295105889e-05 0.0 0.0
1057 -9.75295105889e-05 0.0 0.0
1058 -9.75295105889e-05 0.0 0.0
1059 -9.75295105889e-05 0.0 0.0
1060 -9.75295105889e-05 0.0 0.0
1061 -9.75295105889e-05 0.0 0.0
1062 -9.75295105889e-05 0.0 0.0
1063 -9.75295105889e-05 0.0 0.0
1064 -9.75295105889e-05 0.0 0.0
1065 -9.75295105889e-05 0.0 0.0
1066 -9.75295105889e-05 0.0 0.0
1067 -9.75295105889e-05 0.0 0.0
1068 -9.75295105889e-05 0.0 0.0
1069 -9.75295105889e-05 0.0 0.0
1070 -9.75295105889e-05 0.0 0.0
1071 -9.75295105889e-05 0.0 0.0
1072 -9.75295105889e-05 0.0 0.0
1073 -9.75295105889e-05 0.0 0.0
1074 -9.75295105889e-05 0.0 0.0
1075 -9.75295105889e-05 0.0 0.0
1076 -9.75295105889e-05 0.0 0.0
1077 -9.75295105889e-05 0.0 0.0
1078 -9.75295105889e-05 0.0 0.0
1079 -9.75295105889e-05 0.0 0.0
1080 -9.75295105889e-05 0.0 0.0
1081 -9.75295105889e-05 0.0 0.0
1082 -9.75295105889e-05 0.0 0.0
1083 -9.75295105889e-05 0.0 0.0
1084 -9.75295105889e-05 0.0 0.0
1085 -9.75295105889e-05 0.0 0.0
1086 -9.75295105889e-05 0.0 0.0
1087 -9.75295105889e-05 0.0 0.0
1088 -9.75295105889e-05 0.0 0.0
1089 -9.75295105889e-05 0.0 0.0
1090 -9.75295105889e-05 0.0 0.0
1091 -9.75295105889e-05 0.0 0.0
1092 -9.75295105889e-05 0.0 0.0
1093 -9.75295105889e-05 0.0 0.0
1094 -9.75295105889e-05 0.0 0.0
1095 -9.75295105889e-05 0.0 0.0
1096 -9.75295105889e-05 0.0 0.0
1097 -9.75295105889e-05 0.0 0.0
1098 -9.75295105889e-05 0.0 0.0
1099 -9.75295105889e-05 0.0 0.0
1100 -9.75295105889e-05 0.0 0.0
1101 -9.75295105889e-05 0.0 0.0
1102 -9.75295105889e-05 0.0 0.0
1103 -9.75295105889e-05 0.0 0.0
1104 -9.75295105889e-05 0.0 0.0
1105 -9.75295105889e-05 0.0 0.0
1106 -9.75295105889e-05 0.0 0.0
1107 -9.75295105889e-05 0.0 0.0
1108 -9.75295105889e-05 0.0 0.0
1109 -9.75295105889e-05 0.0 0.0
1110 -9.75295105889e-05 0.0 0.0
1111 -9.75295105889e-05 0.0 0.0
1112 -9.75295105889e-05 0.0 0.0
1113 -9.75295105889e-05 0.0 0.0
1114 -9.75295105889e-05 0.0 0.0
1115 -9.75295105889e-05 0.0 0.0
1116 -9.75295105889e-05 0.0 0.0
1117 -9.75295105889e-05 0.0 0.0
1118 -9.75295105889e-05 0.0 0.0
1119 -9.75295105889e-05 0.0 0.0
1120 -9.75295105889e-05 0.0 0.0
1121 -9.75295105889e-05 0.0 0.0
1122 -9.75295105889e-05 0.0 0.0
1123 -9.75295105889e-05 0.0 0.0
1124 -9.75295105889e-05 0.0 0.0
1125 -9.75295105889e-05 0.0 0.0
1126 -9.75295105889e-05 0.0 0.0
1127 -9.75295105889e-05 0.0 0.0
1128 -9.75295105889e-05 0.0 0.0
1129 -9.75295105889e-05 0.0 0.0
1130 -9.75295105889e-05 0.0 0.0
1131 -9.75295105889e-05 0.0 0.0
1132 -9.75295105889e-05 0.0 0.0
1133 -9.75295105889e-05 0.0 0.0
1134 -9.75295105889e-05 0.0 0.0
1135 -9.75295105889e-05 0.0 0.0
1136 -9.75295105889e-05 0.0 0.0
1137 -9.75295105889e-05 0.0 0.0
1138 -9.75295105889e-05 0.0 0.0
1139 -9.75295105889e-05 0.0 0.0
1140 -9.75295105889e-05 0.0 0.0
1141 -9.75295105889e-05 0.0 0.0
1142 -9.75295105889e-05 0.0 0.0
1143 -9.75295105889e-05 0.0 0.0
1144 -9.75295105889e-05 0.0 0.0
1145 -9.75295105889e-05 0.0 0.0
1146 -9.75295105889e-05 0.0 0.0
1147 -9.75295105889e-05 0.0 0.0
1148 -9.75295105889e-05 0.0 0.0
1149 -9.75295105889e-05 0.0 0.0
1150 -9.75295105889e-05 0.0 0.0
1151 3.84839858343e-06 0.0 0.0
1152 3.84839858343e-06 0.0 0.0
1153 3.84839858343e-06 0.0 0.0
1154 3.84839858343e-06 0.0 0.0
1155 3.84839858343e-06 0.0 0.0
1156 3.84839858343e-06 0.0 0.0
1157 3.84839858343e-06 0.0 0.0
1158 3.84839858343e-06 0.0 0.0
1159 3.84839858343e-06 0.0 0.0
1160 3.84839858343e-06 0.0 0.0
1161 3.84839858343e-06 0.0 0.0
1162 3.84839858343e-06 0.0 0.0
1163 3.84839858343e-06 0.0 0.0
1164 3.84839858343e-06 0.0 0.0
1165 3.84839858343e-06 0.0 0.0
1166 3.84839858343e-06 0.0 0.0
1167 3.84839858343e-06 0.0 0.0
1168 3.84839858343e-06 0.0 0.0
1169 3.84839858343e-06 0.0 0.0
1170 3.84839858343e-06 0.0 0.0
1171 3.84839858343e-06 0.0 0.0
1172 3.84839858343e-06 0.0 0.0
1173 3.84839858343e-06 0.0 0.0
1174 3.84839858343e-06 0.0 0.0
1175 3.84839858343e-06 0.0 0.0
1176 3.84839858343e-06 0.0 0.0
1177 3.84839858343e-06 0.0 0.0
1178 3.84839858343e-06 0.0 0.0
1179 3.84839858343e-06 0.0 0.0
1180 3.84839858343e-06 0.0 0.0
1181 3.84839858343e-06 0.0 0.0
1182 3.84839858343e-06 0.0 0.0
1183 3.84839858343e-06 0.0 0.0
1184 3.84839858343e-06 0.0 0.0
1185 3.84839858343e-06 0.0 0.0
1186 3.84839858343e-06 0.0 0.0
1187 3.84839858343e-06 0.0 0.0
1188 3.84839858343e-06 0.0 0.0
1189 3.84839858343e-06 0.0 0.0
1190 3.84839858343e-06 0.0 0.0
1191 3.84839858343e-06 0.0 0.0
1192 3.84839858343e-06 0.0 0.0
1193 3.84839858343e-06 0.0 0.0
1194 3.84839858343e-06 0.0 0.0
1195 3.84839858343e-06 0.0 0.0
1196 3.84839858343e-06 0.0 0.0
1197 3.84839858343e-06 0.0 0.0
1198 3.84839858343e-06 0.0 0.0
1199 3.84839858343e-06 0.0 0.0
1200 3.84839858343e-06 0.0 0.0
1201 3.84839858343e-06 0.0 0.0
1202 3.84839858343e-06 0.0 0.0
1203 3.84839858343e-06 0.0 0.0
1204 3.84839858343e-06 0.0 0.0
1205 3.84839858343e-06 0.0 0.0
1206 3.84839858343e-06 0.0 0.0
1207 3.84839858343e-06 0.0 0.0
1208 3.84839858343e-06 0.0 0.0
1209 3.84839858343e-06 0.0 0.0
1210 3.84839858343e-06 0.0 0.0
1211 3.84839858343e-06 0.0 0.0
1212 3.84839858343e-06 0.0 0.0
1213 3.84839858343e-06 0.0 0.0
1214 3.84839858343e-06 0.0 0.0
1215 3.84839858343e-06 0.0 0.0
1216 3.84839858343e-06 0.0 0.0
1217 3.84839858343e-06 0.0 0.0
1218 3.84839858343e-06 0.0 0.0
1219 3.84839858343e-06 0.0 0.0
1220 3.84839858343e-06 0.0 0.0
1221 3.84839858343e-06 0.0 0.0
1222 3.84839858343e-06 0.0 0.0
1223 3.84839858343e-06 0.0 0.0
1224 3.84839858343e-06 0.0 0.0
1225 3.84839858343e-06 0.0 0.0
1226 3.84839858343e-06 0.0 0.0
1227 3.84839858343e-06 0.0 0.0
1228 3.84839858343e-06 0.0 0.0
1229 3.84839858343e-06 0.0 0.0
1230 3.84839858343e-06 0.0 0.0
1231 3.84839858343e-06 0.0 0.0
1232 3.84839858343e-06 0.0 0.0
1233 3.84839858343e-06 0.0 0.0
1234 3.84839858343e-06 0.0 0.0
1235 3.84839858343e-06 0.0 0.0
1236 3.84839858343e-06 0.0 0.0
1237 3.84839858343e-06 0.0 0.0
1238 3.84839858343e-06 0.0 0.0
1239 3.84839858343e-06 0.0 0.0
1240 3.84839858343e-06 0.0 0.0
1241 3.84839858343e-06 0.0 0.0
1242 3.84839858343e-06 0.0 0.0
1243 3.84839858343e-06 0.0 0.0
1244 3.84839858343e-06 0.0 0.0
1245 3.84839858343e-06 0.0 0.0
1246 3.84839858343e-06 0.0 0.0
1247 3.84839858343e-06 0.0 0.0
1248 3.84839858343e-06 0.0 0.0
1249 3.84839858343e-06 0.0 0.0
1250 3.84839858343e-06 0.0 0.0
1251 3.84839858343e-06 0.0 0.0
1252 3.84839858343e-06 0.0 0.0
1253 3.84839858343e-06 0.0 0.0
1254 3.84839858343e-06 0.0 0.0
1255 3.84839858343e-06 0.0 0.0
1256 3.84839858343e-06 0.0 0.0
1257 3.84839858343e-06 0.0 0.0
1258 3.84839858343e-06 0.0 0.0
1259 3.84839858343e-06 0.0 0.0
1260 3.84839858343e-06 0.0 0.0
1261 3.84839858343e-06 0.0 0.0
1262 3.84839858343e-06 0.0 0.0
1263 3.84839858343e-06 0.0 0.0
1264 3.84839858343e-06 0.0 0.0
1265 3.84839858343e-06 0.0 0.0
1266 3.84839858343e-06 0.0 0.0
1267 3.84839858343e-06 0.0 0.0
1268 3.84839858343e-06 0.0 0.0
1269 3.84839858343e-06 0.0 0.0
1270 3.84839858343e-06 0.0 0.0
1271 3.84839858343e-06 0.0 0.0
1272 3.84839858343e-06 0.0 0.0
1273 3.84839858343e-06 0.0 0.0
1274 3.84839858343e-06 0.0 0.0
1275 3.84839858343e-06 0.0 0.0
1276 3.84839858343e-06 0.0 0.0
1277 3.84839858343e-06 0.0 0.0
1278 3.84839858343e-06 0.0 0.0
1279 3.84839858343e-06 0.0 0.0
1280 3.84839858343e-06 0.0 0.0
1281 3.84839858343e-06 0.0 0.0
1282 3.84839858343e-06 0.0 0.0
1283 3.84839858343e-06 0.0 0.0
1284 3.84839858343e-06 0.0 0.0
1285 3.84839858343e-06 0.0 0.0
1286 3.84839858343e-06 0.0 0.0
1287 3.84839858343e-06 0.0 0.0
1288 3.84839858343e-06 0.0 0.0
1289 3.84839858343e-06 0.0 0.0
1290 3.84839858343e-06 0.0 0.0
1291 3.84839858343e-06 0.0 0.0
1292 3.84839858343e-06 0.0 0.0
1293 3.84839858343e-06 0.0 0.0
1294 3.84839858343e-06 0.0 0.0
1295 3.84839858343e-06 0.0 0.0
1296 3.84839858343e-06 0.0 0.0
1297 3.84839858343e-06 0.0 0.0
1298 3.84839858343e-06 0.0 0.0
1299 3.84839858343e-06 0.0 0.0
1300 3.84839858343e-06 0.0 0.0
1301 3.84839858343e-06 0.0 0.0
1302 3.84839858343e-06 0.0 0.0
1303 3.84839858343e-06 0.0 0.0
1304 3.84839858343e-06 0.0 0.0
1305 3.84839858343e-06 0.0 0.0
1306 3.84839858343e-06 0.0 0.0
1307 3.84839858343e-06 0.0 0.0
1308 3.84839858343e-06 0.0 0.0
1309 3.84839858343e-06 0.0 0.0
1310 3.84839858343e-06 0.0 0.0
1311 3.84839858343e-06 0.0 0.0
1312 3.84839858343e-06 0.0 0.0
1313 3.84839858343e-06 0.0 0.0
1314 3.84839858343e-06 0.0 0.0
1315 3.84839858343e-06 0.0 0.0
1316 3.84839858343e-06 0.0 0.0
1317 3.84839858343e-06 0.0 0.0
1318 3.84839858343e-06 0.0 0.0
1319 3.84839858343e-06 0.0 0.0
1320 3.84839858343e-06 0.0 0.0
1321 3.84839858343e-06 0.0 0.0
1322 3.84839858343e-06 0.0 0.0
1323 3.84839858343e-06 0.0 0.0
1324 3.84839858343e-06 0.0 0.0
1325 3.84839858343e-06 0.0 0.0
1326 3.84839858343e-06 0.0 0.0
1327 3.84839858343e-06 0.0 0.0
1328 3.84839858343e-06 0.0 0.0
1329 3.84839858343e-06 0.0 0.0
1330 3.84839858343e-06 0.0 0.0
1331 3.84839858343e-06 0.0 0.0
1332 3.84839858343e-06 0.0 0.0
1333 3.84839858343e-06 0.0 0.0
1334 3.84839858343e-06 0.0 0.0
1335 3.84839858343e-06 0.0 0.0
1336 3.84839858343e-06 0.0 0.0
1337 3.84839858343e-06 0.0 0.0
1338 3.84839858343e-06 0.0 0.0
1339 3.84839858343e-06 0.0 0.0
1340 3.84839858343e-06 0.0 0.0
1341 3.84839858343e-06 0.0 0.0
1342 3.84839858343e-06 0.0 0.0
1343 3.84839858343e-06 0.0 0.0
1344 3.84839858343e-06 0.0 0.0
1345 3.84839858343e-06 0.0 0.0
1346 3.84839858343e-06 0.0 0.0
1347 3.84839858343e-06 0.0 0.0
1348 3.84839858343e-06 0.0 0.0
1349 3.84839858343e-06 0.0 0.0
1350 3.84839858343e-06 0.0 0.0
1351 3.84839858343e-06 0.0 0.0
1352 3.84839858343e-06 0.0 0.0
1353 3.84839858343e-06 0.0 0.0
1354 3.84839858343e-06 0.0 0.0
1355 3.84839858343e-06 0.0 0.0
1356 3.84839858343e-06 0.0 0.0
1357 3.84839858343e-06 0.0 0.0
1358 3.84839858343e-06 0.0 0.0
1359 3.84839858343e-06 0.0 0.0
1360 3.84839858343e-06 0.0 0.0
1361 3.84839858343e-06 0.0 0.0
1362 3.84839858343e-06 0.0 0.0
1363 3.84839858343e-06 0.0 0.0
1364 3.84839858343e-06 0.0 0.0
1365 3.84839858343e-06 0.0 0.0
1366 3.84839858343e-06 0.0 0.0
1367 3.84839858343e-06 0.0 0.0
1368 3.84839858343e-06 0.0 0.0
1369 3.84839858343e-06 0.0 0.0
1370 3.84839858343e-06 0.0 0.0
1371 3.84839858343e-06 0.0 0.0
1372 3.84839858343e-06 0.0 0.0
1373 3.84839858343e-06 0.0 0.0
1374 3.84839858343e-06 0.0 0.0
1375 3.84839858343e-06 0.0 0.0
1376 3.84839858343e-06 0.0 0.0
1377 3.84839858343e-06 0.0 0.0
1378 3.84839858343e-06 0.0 0.0
1379 3.84839858343e-06 0.0 0.0
1380 3.84839858343e-06 0.0 0.0
1381 3.84839858343e-06 0.0 0.0
1382 3.84839858343e-06 0.0 0.0
1383 3.84839858343e-06 0.0 0.0
1384 3.84839858343e-06 0.0 0.0
1385 3.84839858343e-06 0.0 0.0
1386 3.84839858343e-06 0.0 0.0
1387 3.84839858343e-06 0.0 0.0
1388 3.84839858343e-06 0.0 0.0
1389 3.84839858343e-06 0.0 0.0
1390 3.84839858343e-06 0.0 0.0
1391 3.84839858343e-06 0.0 0.0
1392 3.84839858343e-06 0.0 0.0
1393 3.84839858343e-06 0.0 0.0
1394 3.84839858343e-06 0.0 0.0
1395 3.84839858343e-06 0.0 0.0
1396 3.84839858343e-06 0.0 0.0
1397 3.84839858343e-06 0.0 0.0
1398 3.84839858343e-06 0.0 0.0
1399 3.84839858343e-06 0.0 0.0
1400 3.84839858343e-06 0.0 0.0
1401 3.84839858343e-06 0.0 0.0
1402 3.84839858343e-06 0.0 0.0
1403 3.84839858343e-06 0.0 0.0
1404 3.84839858343e-06 0.0 0.0
1405 3.84839858343e-06 0.0 0.0
1406 3.84839858343e-06 0.0 0.0
1407 3.84839858343e-06 0.0 0.0
1408 3.84839858343e-06 0.0 0.0
1409 3.84839858343e-06 0.0 0.0
1410 3.84839858343e-06 0.0 0.0
1411 3.84839858343e-06 0.0 0.0
1412 3.84839858343e-06 0.0 0.0
1413 3.84839858343e-06 0.0 0.0
1414 3.84839858343e-06 0.0 0.0
1415 3.84839858343e-06 0.0 0.0
1416 3.84839858343e-06 0.0 0.0
1417 3.84839858343e-06 0.0 0.0
1418 3.84839858343e-06 0.0 0.0
1419 3.84839858343e-06 0.0 0.0
1420 3.84839858343e-06 0.0 0.0
1421 3.84839858343e-06 0.0 0.0
1422 3.84839858343e-06 0.0 0.0
1423 3.84839858343e-06 0.0 0.0
1424 3.84839858343e-06 0.0 0.0
1425 3.84839858343e-06 0.0 0.0
1426 3.84839858343e-06 0.0 0.0
1427 3.84839858343e-06 0.0 0.0
1428 3.84839858343e-06 0.0 0.0
1429 3.84839858343e-06 0.0 0.0
1430 3.84839858343e-06 0.0 0.0
1431 3.84839858343e-06 0.0 0.0
1432 3.84839858343e-06 0.0 0.0
1433 3.84839858343e-06 0.0 0.0
1434 3.84839858343e-06 0.0 0.0
1435 3.84839858343e-06 0.0 0.0
1436 3.84839858343e-06 0.0 0.0
1437 3.84839858343e-06 0.0 0.0
1438 3.84839858343e-06 0.0 0.0
1439 3.84839858343e-06 0.0 0.0
1440 3.84839858343e-06 0.0 0.0
1441 3.84839858343e-06 0.0 0.0
1442 3.84839858343e-06 0.0 0.0
1443 3.84839858343e-06 0.0 0.0
1444 3.84839858343e-06 0.0 0.0
1445 3.84839858343e-06 0.0 0.0
1446 3.84839858343e-06 0.0 0.0
1447 3.84839858343e-06 0.0 0.0
1448 3.84839858343e-06 0.0 0.0
1449 3.84839858343e-06 0.0 0.0
1450 3.84839858343e-06 0.0 0.0
1451 -4.77554689945e-05 0.0 0.0
1452 -4.77554689945e-05 0.0 0.0
1453 -4.77554689945e-05 0.0 0.0
1454 -4.77554689945e-05 0.0 0.0
1455 -4.77554689945e-05 0.0 0.0
1456 -4.77554689945e-05 0.0 0.0
1457 -4.77554689945e-05 0.0 0.0
1458 -4.77554689945e-05 0.0 0.0
1459 -4.77554689945e-05 0.0 0.0
1460 -4.77554689945e-05 0.0 0.0
1461 -4.77554689945e-05 0.0 0.0
1462 -4.77554689945e-05 0.0 0.0
1463 -4.77554689945e-05 0.0 0.0
1464 -4.77554689945e-05 0.0 0.0
1465 -4.77554689945e-05 0.0 0.0
1466 -4.77554689945e-05 0.0 0.0
1467 -4.77554689945e-05 0.0 0.0
1468 -4.77554689945e-05 0.0 0.0
1469 -4.77554689945e-05 0.0 0.0
1470 -4.77554689945e-05 0.0 0.0
1471 -4.77554689945e-05 0.0 0.0
1472 -4.77554689945e-05 0.0 0.0
1473 -4.77554689945e-05 0.0 0.0
1474 -4.77554689945e-05 0.0 0.0
1475 -4.77554689945e-05 0.0 0.0
1476 -4.77554689945e-05 0.0 0.0
1477 -4.77554689945e-05 0.0 0.0
1478 -4.77554689945e-05 0.0 0.0
1479 -4.77554689945e-05 0.0 0.0
1480 -4.77554689945e-05 0.0 0.0
1481 -4.77554689945e-05 0.0 0.0
1482 -4.77554689945e-05 0.0 0.0
1483 -4.77554689945e-05 0.0 0.0
1484 -4.77554689945e-05 0.0 0.0
1485 -4.77554689945e-05 0.0 0.0
1486 -4.77554689945e-05 0.0 0.0
1487 -4.77554689945e-05 0.0 0.0
1488 -4.77554689945e-05 0.0 0.0
1489 -4.77554689945e-05 0.0 0.0
1490 -4.77554689945e-05 0.0 0.0
1491 -4.77554689945e-05 0.0 0.0
1492 -4.77554689945e-05 0.0 0.0
1493 -4.77554689945e-05 0.0 0.0
1494 -4.77554689945e-05 0.0 0.0
1495 -4.77554689945e-05 0.0 0.0
1496 -4.77554689945e-05 0.0 0.0
1497 -4.77554689945e-05 0.0 0.0
1498 -4.77554689945e-05 0.0 0.0
1499 -4.77554689945e-05 0.0 0.0
1500 -4.77554689945e-05 0.0 0.0
1501 -4.77554689945e-05 0.0 0.0
1502 -4.77554689945e-05 0.0 0.0
1503 -4.77554689945e-05 0.0 0.0
1504 -4.77554689945e-05 0.0 0.0
1505 -4.77554689945e-05 0.0 0.0
1506 -4.77554689945e-05 0.0 0.0
1507 -4.77554689945e-05 0.0 0.0
1508 -4.77554689945e-05 0.0 0.0
1509 -4.77554689945e-05 0.0 0.0
1510 -4.77554689945e-05 0.0 0.0
1511 -4.77554689945e-05 0.0 0.0
1512 -4.77554689945e-05 0.0 0.0
1513 -4.77554689945e-05 0.0 0.0
1514 -4.77554689945e-05 0.0 0.0
1515 -4.77554689945e-05 0.0 0.0
1516 -4.77554689945e-05 0.0 0.0
1517 -4.77554689945e-05 0.0 0.0
1518 -4.77554689945e-05 0.0 0.0
1519 -4.77554689945e-05 0.0 0.0
1520 -4.77554689945e-05 0.0 0.0
1521 -4.77554689945e-05 0.0 0.0
1522 -4.77554689945e-05 0.0 0.0
1523 -4.77554689945e-05 0.0 0.0
1524 -4.77554689945e-05 0.0 0.0
1525 -4.77554689945e-05 0.0 0.0
1526 -4.77554689945e-05 0.0 0.0
1527 -4.77554689945e-05 0.0 0.0
1528 -4.77554689945e-05 0.0 0.0
1529 -4.77554689945e-05 0.0 0.0
1530 -4.77554689945e-05 0.0 0.0
1531 -4.77554689945e-05 0.0 0.0
1532 -4.77554689945e-05 0.0 0.0
1533 -4.77554689945e-05 0.0 0.0
1534 -4.77554689945e-05 0.0 0.0
1535 -4.77554689945e-05 0.0 0.0
1536 -4.77554689945e-05 0.0 0.0
1537 -4.77554689945e-05 0.0 0.0
1538 -4.77554689945e-05 0.0 0.0
1539 -4.77554689945e-05 0.0 0.0
1540 -4.77554689945e-05 0.0 0.0
1541 -4.77554689945e-05 0.0 0.0
1542 -4.77554689945e-05 0.0 0.0
1543 -4.77554689945e-05 0.0 0.0
1544 -4.77554689945e-05 0.0 0.0
1545 -4.77554689945e-05 0.0 0.0
1546 -4.77554689945e-05 0.0 0.0
1547 -4.77554689945e-05 0.0 0.0
1548 -4.77554689945e-05 0.0 0.0
1549 -4.77554689945e-05 0.0 0.0
1550 -4.77554689945e-05 0.0 0.0
1551 8.16968562417e-05 0.0 0.0
1552 8.16968562417e-05 0.0 0.0
1553 8.16968562417e-05 0.0 0.0
1554 8.16968562417e-05 0.0 0.0
1555 8.16968562417e-05 0.0 0.0
1556 8.16968562417e-05 0.0 0.0
1557 8.16968562417e-05 0.0 0.0
1558 8.16968562417e-05 0.0 0.0
1559 8.16968562417e-05 0.0 0.0
1560 8.16968562417e-05 0.0 0.0
1561 8.16968562417e-05 0.0 0.0
1562 8.16968562417e-05 0.0 0.0
1563 8.16968562417e-05 0.0 0.0
1564 8.16968562417e-05 0.0 0.0
1565 8.16968562417e-05 0.0 0.0
1566 8.16968562417e-05 0.0 0.0
1567 8.16968562417e-05 0.0 0.0
1568 8.16968562417e-05 0.0 0.0
1569 8.16968562417e-05 0.0 0.0
1570 8.16968562417e-05 0.0 0.0
1571 8.16968562417e-05 0.0 0.0
1572 8.16968562417e-05 0.0 0.0
1573 8.16968562417e-05 0.0 0.0
1574 8.16968562417e-05 0.0 0.0
1575 8.16968562417e-05 0.0 0.0
1576 8.16968562417e-05 0.0 0.0
1577 8.16968562417e-05 0.0 0.0
1578 8.16968562417e-05 0.0 0.0
1579 8.16968562417e-05 0.0 0.0
1580 8.16968562417e-05 0.0 0.0
1581 8.16968562417e-05 0.0 0.0
1582 8.16968562417e-05 0.0 0.0
1583 8.16968562417e-05 0.0 0.0
1584 8.16968562417e-05 0.0 0.0
1585 8.16968562417e-05 0.0 0.0
1586 8.16968562417e-05 0.0 0.0
1587 8.16968562417e-05 0.0 0.0
1588 8.16968562417e-05 0.0 0.0
1589 8.16968562417e-05 0.0 0.0
1590 8.16968562417e-05 0.0 0.0
1591 8.16968562417e-05 0.0 0.0
1592 8.16968562417e-05 0.0 0.0
1593 8.16968562417e-05 0.0 0.0
1594 8.16968562417e-05 0.0 0.0
1595 8.16968562417e-05 0.0 0.0
1596 8.16968562417e-05 0.0 0.0
1597 8.16968562417e-05 0.0 0.0
1598 8.16968562417e-05 0.0 0.0
1599 8.16968562417e-05 0.0 0.0
1600 8.16968562417e-05 0.0 0.0
1601 8.16968562417e-05 0.0 0.0
1602 8.16968562417e-05 0.0 0.0
1603 8.16968562417e-05 0.0 0.0
1604 8.16968562417e-05 0.0 0.0
1605 8.16968562417e-05 0.0 0.0
1606 8.16968562417e-05 0.0 0.0
1607 8.16968562417e-05 0.0 0.0
1608 8.16968562417e-05 0.0 0.0
1609 8.16968562417e-05 0.0 0.0
1610 8.16968562417e-05 0.0 0.0
1611 8.16968562417e-05 0.0 0.0
1612 8.16968562417e-05 0.0 0.0
1613 8.16968562417e-05 0.0 0.0
1614 8.16968562417e-05 0.0 0.0
1615 8.16968562417e-05 0.0 0.0
1616 8.16968562417e-05 0.0 0.0
1617 8.16968562417e-05 0.0 0.0
1618 8.16968562417e-05 0.0 0.0
1619 8.16968562417e-05 0.0 0.0
1620 8.16968562417e-05 0.0 0.0
1621 8.16968562417e-05 0.0 0.0
1622 8.16968562417e-05 0.0 0.0
1623 8.16968562417e-05 0.0 0.0
1624 8.16968562417e-05 0.0 0.0
1625 8.16968562417e-05 0.0 0.0
1626 8.16968562417e-05 0.0 0.0
1627 8.16968562417e-05 0.0 0.0
1628 8.16968562417e-05 0.0 0.0
1629 8.16968562417e-05 0.0 0.0
1630 8.16968562417e-05 0.0 0.0
1631 8.16968562417e-05 0.0 0.0
1632 8.16968562417e-05 0.0 0.0
1633 8.16968562417e-05 0.0 0.0
1634 8.16968562417e-05 0.0 0.0
1635 8.16968562417e-05 0.0 0.0
1636 8.16968562417e-05 0.0 0.0
1637 8.16968562417e-05 0.0 0.0
1638 8.16968562417e-05 0.0 0.0
1639 8.16968562417e-05 0.0 0.0
1640 8.16968562417e-05 0.0 0.0
1641 8.16968562417e-05 0.0 0.0
1642 8.16968562417e-05 0.0 0.0
1643 8.16968562417e-05 0.0 0.0
1644 8.16968562417e-05 0.0 0.0
1645 8.16968562417e-05 0.0 0.0
1646 8.16968562417e-05 0.0 0.0
1647 8.16968562417e-05 0.0 0.0
1648 8.16968562417e-05 0.0 0.0
1649 8.16968562417e-05 0.0 0.0
1650 8.16968562417e-05 0.0 0.0
1651 8.16968562417e-05 0.0 0.0
1652 8.16968562417e-05 0.0 0.0
1653 8.16968562417e-05 0.0 0.0
1654 8.16968562417e-05 0.0 0.0
1655 8.16968562417e-05 0.0 0.0
1656 8.16968562417e-05 0.0 0.0
1657 8.16968562417e-05 0.0 0.0
1658 8.16968562417e-05 0.0 0.0
1659 8.16968562417e-05 0.0 0.0
1660 8.16968562417e-05 0.0 0.0
1661 8.16968562417e-05 0.0 0.0
1662 8.16968562417e-05 0.0 0.0
1663 8.16968562417e-05 0.0 0.0
1664 8.16968562417e-05 0.0 0.0
1665 8.16968562417e-05 0.0 0.0
1666 8.16968562417e-05 0.0 0.0
1667 8.16968562417e-05 0.0 0.0
1668 8.16968562417e-05 0.0 0.0
1669 8.16968562417e-05 0.0 0.0
1670 8.16968562417e-05 0.0 0.0
1671 8.16968562417e-05 0.0 0.0
1672 8.16968562417e-05 0.0 0.0
1673 8.16968562417e-05 0.0 0.0
1674 8.16968562417e-05 0.0 0.0
1675 8.16968562417e-05 0.0 0.0
1676 8.16968562417e-05 0.0 0.0
1677 8.16968562417e-05 0.0 0.0
1678 8.16968562417e-05 0.0 0.0
1679 8.16968562417e-05 0.0 0.0
1680 8.16968562417e-05 0.0 0.0
1681 8.16968562417e-05 0.0 0.0
1682 8.16968562417e-05 0.0 0.0
1683 8.16968562417e-05 0.0 0.0
1684 8.16968562417e-05 0.0 0.0
1685 8.16968562417e-05 0.0 0.0
1686 8.16968562417e-05 0.0 0.0
1687 8.16968562417e-05 0.0 0.0
1688 8.16968562417e-05 0.0 0.0
1689 8.16968562417e-05 0.0 0.0
1690 8.16968562417e-05 0.0 0.0
1691 8.16968562417e-05 0.0 0.0
1692 8.16968562417e-05 0.0 0.0
1693 8.16968562417e-05 0.0 0.0
1694 8.16968562417e-05 0.0 0.0
1695 8.16968562417e-05 0.0 0.0
1696 8.16968562417e-05 0.0 0.0
1697 8.16968562417e-05 0.0 0.0
1698 8.16968562417e-05 0.0 0.0
1699 8.16968562417e-05 0.0 0.0
1700 8.16968562417e-05 0.0 0.0
1701 8.16968562417e-05 0.0 0.0
1702 8.16968562417e-05 0.0 0.0
1703 8.16968562417e-05 0.0 0.0
1704 8.16968562417e-05 0.0 0.0
1705 8.16968562417e-05 0.0 0.0
1706 8.16968562417e-05 0.0 0.0
1707 8.16968562417e-05 0.0 0.0
1708 8.16968562417e-05 0.0 0.0
1709 8.16968562417e-05 0.0 0.0
1710 8.16968562417e-05 0.0 0.0
1711 8.16968562417e-05 0.0 0.0
1712 8.16968562417e-05 0.0 0.0
1713 8.16968562417e-05 0.0 0.0
1714 8.16968562417e-05 0.0 0.0
1715 8.16968562417e-05 0.0 0.0
1716 8.16968562417e-05 0.0 0.0
1717 8.16968562417e-05 0.0 0.0
1718 8.16968562417e-05 0.0 0.0
1719 8.16968562417e-05 0.0 0.0
1720 8.16968562417e-05 0.0 0.0
1721 8.16968562417e-05 0.0 0.0
1722 8.16968562417e-05 0.0 0.0
1723 8.16968562417e-05 0.0 0.0
1724 8.16968562417e-05 0.0 0.0
1725 8.16968562417e-05 0.0 0.0
1726 8.16968562417e-05 0.0 0.0
1727 8.16968562417e-05 0.0 0.0
1728 8.16968562417e-05 0.0 0.0
1729 8.16968562417e-05 0.0 0.0
1730 8.16968562417e-05 0.0 0.0
1731 8.16968562417e-05 0.0 0.0
1732 8.16968562417e-05 0.0 0.0
1733 8.16968562417e-05 0.0 0.0
1734 8.16968562417e-05 0.0 0.0
1735 8.16968562417e-05 0.0 0.0
1736 8.16968562417e-05 0.0 0.0
1737 8.16968562417e-05 0.0 0.0
1738 8.16968562417e-05 0.0 0.0
1739 8.16968562417e-05 0.0 0.0
1740 8.16968562417e-05 0.0 0.0
1741 8.16968562417e-05 0.0 0.0
1742 8.16968562417e-05 0.0 0.0
1743 8.16968562417e-05 0.0 0.0
1744 8.16968562417e-05 0.0 0.0
1745 8.16968562417e-05 0.0 0.0
1746 8.16968562417e-05 0.0 0.0
1747 8.16968562417e-05 0.0 0.0
1748 8.16968562417e-05 0.0 0.0
1749 8.16968562417e-05 0.0 0.0
1750 8.16968562417e-05 0.0 0.0
