0 0.0 0.0 0.0
1 0.0 0.0 0.0
2 -0.00828100065599 0.0 0.0
3 -0.00828100065599 0.0 0.0
4 -0.0227993137709 0.0 0.0
5 -0.0227993137709 0.0 0.0
6 -0.00489117095642 0.0 0.0
7 -0.00489117095642 0.0 0.0
8 -0.00489117095642 0.0 0.0
9 -0.00489117095642 0.0 0.0
10 -0.00489117095642 0.0 0.0
11 -0.00489117095642 0.0 0.0
12 0.0588235294118 0.0 0.0
13 0.0588235294118 0.0 0.0
14 0.0588235294118 0.0 0.0
15 0.0588235294118 0.0 0.0
16 0.0588235294118 0.0 0.0
17 0.0588235294118 0.0 0.0
18 0.0588235294118 0.0 0.0
19 0.0588235294118 0.0 0.0
20 0.0588235294118 0.0 0.0
21 0.0588235294118 0.0 0.0
22 0.0588235294118 0.0 0.0
23 0.0588235294118 0.0 0.0
24 0.0588235294118 0.0 0.0
25 0.0588235294118 0.0 0.0
26 0.0588235294118 0.0 0.0
27 0.0588235294118 0.0 0.0
28 0.0588235294118 0.0 0.0
29 0.0588235294118 0.0 0.0
30 -0.000462043499831 0.0 0.0
31 -0.000462043499831 0.0 0.0
32 -0.000462043499831 0.0 0.0
33 -0.000462043499831 0.0 0.0
34 -0.000462043499831 0.0 0.0
35 -0.000462043499831 0.0 0.0
36 -0.000462043499831 0.0 0.0
37 -0.000462043499831 0.0 0.0
38 -0.000462043499831 0.0 0.0
39 -0.000462043499831 0.0 0.0
40 -0.000462043499831 0.0 0.0
41 -0.000462043499831 0.0 0.0
42 -0.000462043499831 0.0 0.0
43 -0.000462043499831 0.0 0.0
44 -0.000462043499831 0.0 0.0
45 -0.000462043499831 0.0 0.0
46 0.000175975928582 0.0 0.0
47 0.000175975928582 0.0 0.0
48 0.000175975928582 0.0 0.0
49 0.000175975928582 0.0 0.0
50 0.000175975928582 0.0 0.0
51 0.000175975928582 0.0 0.0
52 0.000175975928582 0.0 0.0
53 0.000175975928582 0.0 0.0
54 0.000175975928582 0.0 0.0
55 0.000175975928582 0.0 0.0
56 0.000175975928582 0.0 0.0
57 0.000175975928582 0.0 0.0
58 0.000175975928582 0.0 0.0
59 0.000175975928582 0.0 0.0
60 0.000175975928582 0.0 0.0
61 0.000175975928582 0.0 0.0
62 0.000175975928582 0.0 0.0
63 0.000175975928582 0.0 0.0
64 0.000175975928582 0.0 0.0
65 0.000175975928582 0.0 0.0
66 0.000175975928582 0.0 0.0
67 0.000175975928582 0.0 0.0
68 0.000175975928582 0.0 0.0
69 0.000175975928582 0.0 0.0
70 0.000175975928582 0.0 0.0
71 0.000175975928582 0.0 0.0
72 0.000175975928582 0.0 0.0
73 0.000175975928582 0.0 0.0
74 0.000175975928582 0.0 0.0
75 0.000175975928582 0.0 0.0
76 0.00028023566826 0.0 0.0
77 0.00028023566826 0.0 0.0
78 0.00028023566826 0.0 0.0
79 0.00028023566826 0.0 0.0
80 0.00028023566826 0.0 0.0
81 0.00028023566826 0.0 0.0
82 0.00028023566826 0.0 0.0
83 0.00028023566826 0.0 0.0
84 0.00028023566826 0.0 0.0
85 0.00028023566826 0.0 0.0
86 0.00028023566826 0.0 0.0
87 0.00028023566826 0.0 0.0
88 0.00028023566826 0.0 0.0
89 0.00028023566826 0.0 0.0
90 0.00028023566826 0.0 0.0
91 3.21952240576e-05 0.0 0.0
92 3.21952240576e-05 0.0 0.0
93 3.21952240576e-05 0.0 0.0
94 3.21952240576e-05 0.0 0.0
95 3.21952240576e-05 0.0 0.0
96 3.21952240576e-05 0.0 0.0
97 3.21952240576e-05 0.0 0.0
98 3.21952240576e-05 0.0 0.0
99 3.21952240576e-05 0.0 0.0
100 3.21952240576e-05 0.0 0.0
101 3.21952240576e-05 0.0 0.0
102 3.21952240576e-05 0.0 0.0
103 3.21952240576e-05 0.0 0.0
104 3.21952240576e-05 0.0 0.0
105 3.21952240576e-05 0.0 0.0
106 3.21952240576e-05 0.0 0.0
107 3.21952240576e-05 0.0 0.0
108 3.21952240576e-05 0.0 0.0
109 3.21952240576e-05 0.0 0.0
110 3.21952240576e-05 0.0 0.0
111 3.21952240576e-05 0.0 0.0
112 3.21952240576e-05 0.0 0.0
113 3.21952240576e-05 0.0 0.0
114 3.21952240576e-05 0.0 0.0
115 3.21952240576e-05 0.0 0.0
116 3.21952240576e-05 0.0 0.0
117 3.21952240576e-05 0.0 0.0
118 3.21952240576e-05 0.0 0.0
119 3.21952240576e-05 0.0 0.0
120 3.21952240576e-05 0.0 0.0
121 -8.10264375845e-05 0.0 0.0
122 -8.10264375845e-05 0.0 0.0
123 -8.10264375845e-05 0.0 0.0
124 -8.10264375845e-05 0.0 0.0
125 -8.10264375845e-05 0.0 0.0
126 -8.10264375845e-05 0.0 0.0
127 -8.10264375845e-05 0.0 0.0
128 -8.10264375845e-05 0.0 0.0
129 -8.10264375845e-05 0.0 0.0
130 -8.10264375845e-05 0.0 0.0
131 -8.10264375845e-05 0.0 0.0
132 -8.10264375845e-05 0.0 0.0
133 -8.10264375845e-05 0.0 0.0
134 -8.10264375845e-05 0.0 0.0
135 -8.10264375845e-05 0.0 0.0
136 -0.000122691385574 0.0 0.0
137 -0.000122691385574 0.0 0.0
138 -0.000122691385574 0.0 0.0
139 -0.000122691385574 0.0 0.0
140 -0.000122691385574 0.0 0.0
141 -0.000122691385574 0.0 0.0
142 -0.000122691385574 0.0 0.0
143 -0.000122691385574 0.0 0.0
144 -0.000122691385574 0.0 0.0
145 -0.000122691385574 0.0 0.0
146 -0.000122691385574 0.0 0.0
147 -0.000122691385574 0.0 0.0
148 -0.000122691385574 0.0 0.0
149 -0.000122691385574 0.0 0.0
150 -0.000122691385574 0.0 0.0
151 -0.000122691385574 0.0 0.0
152 -0.000122691385574 0.0 0.0
153 -0.000122691385574 0.0 0.0
154 -0.000122691385574 0.0 0.0
155 -0.000122691385574 0.0 0.0
156 -0.000122691385574 0.0 0.0
157 -0.000122691385574 0.0 0.0
158 -0.000122691385574 0.0 0.0
159 -0.000122691385574 0.0 0.0
160 -0.000122691385574 0.0 0.0
161 0.000182171726999 0.0 0.0
162 0.000182171726999 0.0 0.0
163 0.000182171726999 0.0 0.0
164 0.000182171726999 0.0 0.0
165 0.000182171726999 0.0 0.0
166 0.000182171726999 0.0 0.0
167 0.000182171726999 0.0 0.0
168 0.000182171726999 0.0 0.0
169 0.000182171726999 0.0 0.0
170 0.000182171726999 0.0 0.0
171 0.000182171726999 0.0 0.0
172 0.000182171726999 0.0 0.0
173 0.000182171726999 0.0 0.0
174 0.000182171726999 0.0 0.0
175 0.000182171726999 0.0 0.0
176 0.000182171726999 0.0 0.0
177 0.000182171726999 0.0 0.0
178 0.000182171726999 0.0 0.0
179 0.000182171726999 0.0 0.0
180 0.000182171726999 0.0 0.0
181 0.000182171726999 0.0 0.0
182 0.000182171726999 0.0 0.0
183 0.000182171726999 0.0 0.0
184 0.000182171726999 0.0 0.0
185 0.000182171726999 0.0 0.0
186 0.000182171726999 0.0 0.0
187 0.000182171726999 0.0 0.0
188 0.000182171726999 0.0 0.0
189 0.000182171726999 0.0 0.0
190 0.000182171726999 0.0 0.0
191 0.000182171726999 0.0 0.0
192 0.000182171726999 0.0 0.0
193 0.000182171726999 0.0 0.0
194 0.000182171726999 0.0 0.0
195 0.000182171726999 0.0 0.0
196 0.000182171726999 0.0 0.0
197 0.000182171726999 0.0 0.0
198 0.000182171726999 0.0 0.0
199 0.000182171726999 0.0 0.0
200 0.000182171726999 0.0 0.0
201 0.000350065552088 0.0 0.0
202 0.000350065552088 0.0 0.0
203 0.000350065552088 0.0 0.0
204 0.000350065552088 0.0 0.0
205 0.000350065552088 0.0 0.0
206 0.000350065552088 0.0 0.0
207 0.000350065552088 0.0 0.0
208 0.000350065552088 0.0 0.0
209 0.000350065552088 0.0 0.0
210 0.000350065552088 0.0 0.0
211 0.000350065552088 0.0 0.0
212 0.000350065552088 0.0 0.0
213 0.000350065552088 0.0 0.0
214 0.000350065552088 0.0 0.0
215 0.000350065552088 0.0 0.0
216 0.000350065552088 0.0 0.0
217 0.000350065552088 0.0 0.0
218 0.000350065552088 0.0 0.0
219 0.000350065552088 0.0 0.0
220 0.000350065552088 0.0 0.0
221 0.000350065552088 0.0 0.0
222 0.000350065552088 0.0 0.0
223 0.000350065552088 0.0 0.0
224 0.000350065552088 0.0 0.0
225 0.000350065552088 0.0 0.0
226 0.000350065552088 0.0 0.0
227 0.000350065552088 0.0 0.0
228 0.000350065552088 0.0 0.0
229 0.000350065552088 0.0 0.0
230 0.000350065552088 0.0 0.0
231 0.000350065552088 0.0 0.0
232 0.000350065552088 0.0 0.0
233 0.000350065552088 0.0 0.0
234 0.000350065552088 0.0 0.0
235 0.000350065552088 0.0 0.0
236 0.000350065552088 0.0 0.0
237 0.000350065552088 0.0 0.0
238 0.000350065552088 0.0 0.0
239 0.000350065552088 0.0 0.0
240 0.000350065552088 0.0 0.0
241 0.000350065552088 0.0 0.0
242 0.000350065552088 0.0 0.0
243 0.000350065552088 0.0 0.0
244 0.000350065552088 0.0 0.0
245 0.000350065552088 0.0 0.0
246 0.000350065552088 0.0 0.0
247 0.000350065552088 0.0 0.0
248 0.000350065552088 0.0 0.0
249 0.000350065552088 0.0 0.0
250 0.000350065552088 0.0 0.0
251 0.000350065552088 0.0 0.0
252 0.000350065552088 0.0 0.0
253 0.000350065552088 0.0 0.0
254 0.000350065552088 0.0 0.0
255 0.000350065552088 0.0 0.0
256 0.000350065552088 0.0 0.0
257 0.000350065552088 0.0 0.0
258 0.000350065552088 0.0 0.0
259 0.000350065552088 0.0 0.0
260 0.000350065552088 0.0 0.0
261 0.000350065552088 0.0 0.0
262 0.000350065552088 0.0 0.0
263 0.000350065552088 0.0 0.0
264 0.000350065552088 0.0 0.0
265 0.000350065552088 0.0 0.0
266 0.000350065552088 0.0 0.0
267 0.000350065552088 0.0 0.0
268 0.000350065552088 0.0 0.0
269 0.000350065552088 0.0 0.0
270 0.000350065552088 0.0 0.0
271 0.000247057530742 0.0 0.0
272 0.000247057530742 0.0 0.0
273 0.000247057530742 0.0 0.0
274 0.000247057530742 0.0 0.0
275 0.000247057530742 0.0 0.0
276 0.000247057530742 0.0 0.0
277 0.000247057530742 0.0 0.0
278 0.000247057530742 0.0 0.0
279 0.000247057530742 0.0 0.0
280 0.000247057530742 0.0 0.0
281 0.000247057530742 0.0 0.0
282 0.000247057530742 0.0 0.0
283 0.000247057530742 0.0 0.0
284 0.000247057530742 0.0 0.0
285 0.000247057530742 0.0 0.0
286 0.000247057530742 0.0 0.0
287 0.000247057530742 0.0 0.0
288 0.000247057530742 0.0 0.0
289 0.000247057530742 0.0 0.0
290 0.000247057530742 0.0 0.0
291 0.000247057530742 0.0 0.0
292 0.000247057530742 0.0 0.0
293 0.000247057530742 0.0 0.0
294 0.000247057530742 0.0 0.0
295 0.000247057530742 0.0 0.0
296 0.000247057530742 0.0 0.0
297 0.000247057530742 0.0 0.0
298 0.000247057530742 0.0 0.0
299 0.000247057530742 0.0 0.0
300 0.000247057530742 0.0 0.0
301 0.000247057530742 0.0 0.0
302 0.000247057530742 0.0 0.0
303 0.000247057530742 0.0 0.0
304 0.000247057530742 0.0 0.0
305 0.000247057530742 0.0 0.0
306 0.000247057530742 0.0 0.0
307 0.000247057530742 0.0 0.0
308 0.000247057530742 0.0 0.0
309 0.000247057530742 0.0 0.0
310 0.000247057530742 0.0 0.0
311 0.000247057530742 0.0 0.0
312 0.000247057530742 0.0 0.0
313 0.000247057530742 0.0 0.0
314 0.000247057530742 0.0 0.0
315 0.000247057530742 0.0 0.0
316 0.000247057530742 0.0 0.0
317 0.000247057530742 0.0 0.0
318 0.000247057530742 0.0 0.0
319 0.000247057530742 0.0 0.0
320 0.000247057530742 0.0 0.0
321 0.000247057530742 0.0 0.0
322 0.000247057530742 0.0 0.0
323 0.000247057530742 0.0 0.0
324 0.000247057530742 0.0 0.0
325 0.000247057530742 0.0 0.0
326 0.00170040647549 0.0 0.0
327 0.00170040647549 0.0 0.0
328 0.00170040647549 0.0 0.0
329 0.00170040647549 0.0 0.0
330 0.00170040647549 0.0 0.0
331 0.00170040647549 0.0 0.0
332 0.00170040647549 0.0 0.0
333 0.00170040647549 0.0 0.0
334 0.00170040647549 0.0 0.0
335 0.00170040647549 0.0 0.0
336 0.00170040647549 0.0 0.0
337 0.00170040647549 0.0 0.0
338 0.00170040647549 0.0 0.0
339 0.00170040647549 0.0 0.0
340 0.00170040647549 0.0 0.0
341 0.00170040647549 0.0 0.0
342 0.00170040647549 0.0 0.0
343 0.00170040647549 0.0 0.0
344 0.00170040647549 0.0 0.0
345 0.00170040647549 0.0 0.0
346 0.00170040647549 0.0 0.0
347 0.00170040647549 0.0 0.0
348 0.00170040647549 0.0 0.0
349 0.00170040647549 0.0 0.0
350 0.00170040647549 0.0 0.0
351 0.00170040647549 0.0 0.0
352 0.00170040647549 0.0 0.0
353 0.00170040647549 0.0 0.0
354 0.00170040647549 0.0 0.0
355 0.00170040647549 0.0 0.0
356 0.00170040647549 0.0 0.0
357 0.00170040647549 0.0 0.0
358 0.00170040647549 0.0 0.0
359 0.00170040647549 0.0 0.0
360 0.00170040647549 0.0 0.0
361 0.00170040647549 0.0 0.0
362 0.00170040647549 0.0 0.0
363 0.00170040647549 0.0 0.0
364 0.00170040647549 0.0 0.0
365 0.00170040647549 0.0 0.0
366 0.00170040647549 0.0 0.0
367 0.00170040647549 0.0 0.0
368 0.00170040647549 0.0 0.0
369 0.00170040647549 0.0 0.0
370 0.00170040647549 0.0 0.0
371 0.00170040647549 0.0 0.0
372 0.00170040647549 0.0 0.0
373 0.00170040647549 0.0 0.0
374 0.00170040647549 0.0 0.0
375 0.00170040647549 0.0 0.0
376 -0.000746860722492 0.0 0.0
377 -0.000746860722492 0.0 0.0
378 -0.000746860722492 0.0 0.0
379 -0.000746860722492 0.0 0.0
380 -0.000746860722492 0.0 0.0
381 -0.000746860722492 0.0 0.0
382 -0.000746860722492 0.0 0.0
383 -0.000746860722492 0.0 0.0
384 -0.000746860722492 0.0 0.0
385 -0.000746860722492 0.0 0.0
386 -0.000746860722492 0.0 0.0
387 -0.000746860722492 0.0 0.0
388 -0.000746860722492 0.0 0.0
389 -0.000746860722492 0.0 0.0
390 -0.000746860722492 0.0 0.0
391 -0.000746860722492 0.0 0.0
392 -0.000746860722492 0.0 0.0
393 -0.000746860722492 0.0 0.0
394 -0.000746860722492 0.0 0.0
395 -0.000746860722492 0.0 0.0
396 -0.000746860722492 0.0 0.0
397 -0.000746860722492 0.0 0.0
398 -0.000746860722492 0.0 0.0
399 -0.000746860722492 0.0 0.0
400 -0.000746860722492 0.0 0.0
401 -0.000746860722492 0.0 0.0
402 -0.000746860722492 0.0 0.0
403 -0.000746860722492 0.0 0.0
404 -0.000746860722492 0.0 0.0
405 -0.000746860722492 0.0 0.0
406 -0.000746860722492 0.0 0.0
407 -0.000746860722492 0.0 0.0
408 -0.000746860722492 0.0 0.0
409 -0.000746860722492 0.0 0.0
410 -0.000746860722492 0.0 0.0
411 -0.000746860722492 0.0 0.0
412 -0.000746860722492 0.0 0.0
413 -0.000746860722492 0.0 0.0
414 -0.000746860722492 0.0 0.0
415 -0.000746860722492 0.0 0.0
416 -0.000746860722492 0.0 0.0
417 -0.000746860722492 0.0 0.0
418 -0.000746860722492 0.0 0.0
419 -0.000746860722492 0.0 0.0
420 -0.000746860722492 0.0 0.0
421 -0.000746860722492 0.0 0.0
422 -0.000746860722492 0.0 0.0
423 -0.000746860722492 0.0 0.0
424 -0.000746860722492 0.0 0.0
425 -0.000746860722492 0.0 0.0
426 -0.000897807978628 0.0 0.0
427 -0.000897807978628 0.0 0.0
428 -0.000897807978628 0.0 0.0
429 -0.000897807978628 0.0 0.0
430 -0.000897807978628 0.0 0.0
431 -0.000897807978628 0.0 0.0
432 -0.000897807978628 0.0 0.0
433 -0.000897807978628 0.0 0.0
434 -0.000897807978628 0.0 0.0
435 -0.000897807978628 0.0 0.0
436 -0.000897807978628 0.0 0.0
437 -0.000897807978628 0.0 0.0
438 -0.000897807978628 0.0 0.0
439 -0.000897807978628 0.0 0.0
440 -0.000897807978628 0.0 0.0
441 -0.000897807978628 0.0 0.0
442 -0.000897807978628 0.0 0.0
443 -0.000897807978628 0.0 0.0
444 -0.000897807978628 0.0 0.0
445 -0.000897807978628 0.0 0.0
446 -0.000897807978628 0.0 0.0
447 -0.000897807978628 0.0 0.0
448 -0.000897807978628 0.0 0.0
449 -0.000897807978628 0.0 0.0
450 -0.000897807978628 0.0 0.0
451 -0.000897807978628 0.0 0.0
452 -0.000897807978628 0.0 0.0
453 -0.000897807978628 0.0 0.0
454 -0.000897807978628 0.0 0.0
455 -0.000897807978628 0.0 0.0
456 -0.000897807978628 0.0 0.0
457 -0.000897807978628 0.0 0.0
458 -0.000897807978628 0.0 0.0
459 -0.000897807978628 0.0 0.0
460 -0.000897807978628 0.0 0.0
461 -0.000897807978628 0.0 0.0
462 -0.000897807978628 0.0 0.0
463 -0.000897807978628 0.0 0.0
464 -0.000897807978628 0.0 0.0
465 -0.000897807978628 0.0 0.0
466 -0.000897807978628 0.0 0.0
467 -0.000897807978628 0.0 0.0
468 -0.000897807978628 0.0 0.0
469 -0.000897807978628 0.0 0.0
470 -0.000897807978628 0.0 0.0
471 -0.000897807978628 0.0 0.0
472 -0.000897807978628 0.0 0.0
473 -0.000897807978628 0.0 0.0
474 -0.000897807978628 0.0 0.0
475 -0.000897807978628 0.0 0.0
476 -0.000612531450997 0.0 0.0
477 -0.000612531450997 0.0 0.0
478 -0.000612531450997 0.0 0.0
479 -0.000612531450997 0.0 0.0
480 -0.000612531450997 0.0 0.0
481 -0.000612531450997 0.0 0.0
482 -0.000612531450997 0.0 0.0
483 -0.000612531450997 0.0 0.0
484 -0.000612531450997 0.0 0.0
485 -0.000612531450997 0.0 0.0
486 -0.000612531450997 0.0 0.0
487 -0.000612531450997 0.0 0.0
488 -0.000612531450997 0.0 0.0
489 -0.000612531450997 0.0 0.0
490 -0.000612531450997 0.0 0.0
491 -0.000612531450997 0.0 0.0
492 -0.000612531450997 0.0 0.0
493 -0.000612531450997 0.0 0.0
494 -0.000612531450997 0.0 0.0
495 -0.000612531450997 0.0 0.0
496 -0.000612531450997 0.0 0.0
497 -0.000612531450997 0.0 0.0
498 -0.000612531450997 0.0 0.0
499 -0.000612531450997 0.0 0.0
500 -0.000612531450997 0.0 0.0
501 -0.000612531450997 0.0 0.0
502 -0.000612531450997 0.0 0.0
503 -0.000612531450997 0.0 0.0
504 -0.000612531450997 0.0 0.0
505 -0.000612531450997 0.0 0.0
506 -0.000612531450997 0.0 0.0
507 -0.000612531450997 0.0 0.0
508 -0.000612531450997 0.0 0.0
509 -0.000612531450997 0.0 0.0
510 -0.000612531450997 0.0 0.0
511 -0.000612531450997 0.0 0.0
512 -0.000612531450997 0.0 0.0
513 -0.000612531450997 0.0 0.0
514 -0.000612531450997 0.0 0.0
515 -0.000612531450997 0.0 0.0
516 -0.000612531450997 0.0 0.0
517 -0.000612531450997 0.0 0.0
518 -0.000612531450997 0.0 0.0
519 -0.000612531450997 0.0 0.0
520 -0.000612531450997 0.0 0.0
521 -0.000612531450997 0.0 0.0
522 -0.000612531450997 0.0 0.0
523 -0.000612531450997 0.0 0.0
524 -0.000612531450997 0.0 0.0
525 -0.000612531450997 0.0 0.0
526 0.000825791457957 0.0 0.0
527 0.000825791457957 0.0 0.0
528 0.000825791457957 0.0 0.0
529 0.000825791457957 0.0 0.0
530 0.000825791457957 0.0 0.0
531 0.000825791457957 0.0 0.0
532 0.000825791457957 0.0 0.0
533 0.000825791457957 0.0 0.0
534 0.000825791457957 0.0 0.0
535 0.000825791457957 0.0 0.0
536 0.000825791457957 0.0 0.0
537 0.000825791457957 0.0 0.0
538 0.000825791457957 0.0 0.0
539 0.000825791457957 0.0 0.0
540 0.000825791457957 0.0 0.0
541 0.000825791457957 0.0 0.0
542 0.000825791457957 0.0 0.0
543 0.000825791457957 0.0 0.0
544 0.000825791457957 0.0 0.0
545 0.000825791457957 0.0 0.0
546 0.000825791457957 0.0 0.0
547 0.000825791457957 0.0 0.0
548 0.000825791457957 0.0 0.0
549 0.000825791457957 0.0 0.0
550 0.000825791457957 0.0 0.0
551 0.000825791457957 0.0 0.0
552 0.000825791457957 0.0 0.0
553 0.000825791457957 0.0 0.0
554 0.000825791457957 0.0 0.0
555 0.000825791457957 0.0 0.0
556 0.000825791457957 0.0 0.0
557 0.000825791457957 0.0 0.0
558 0.000825791457957 0.0 0.0
559 0.000825791457957 0.0 0.0
560 0.000825791457957 0.0 0.0
561 0.000825791457957 0.0 0.0
562 0.000825791457957 0.0 0.0
563 0.000825791457957 0.0 0.0
564 0.000825791457957 0.0 0.0
565 0.000825791457957 0.0 0.0
566 0.000825791457957 0.0 0.0
567 0.000825791457957 0.0 0.0
568 0.000825791457957 0.0 0.0
569 0.000825791457957 0.0 0.0
570 0.000825791457957 0.0 0.0
571 0.000825791457957 0.0 0.0
572 0.000825791457957 0.0 0.0
573 0.000825791457957 0.0 0.0
574 0.000825791457957 0.0 0.0
575 0.000825791457957 0.0 0.0
576 -0.000189984990406 0.0 0.0
577 -0.000189984990406 0.0 0.0
578 -0.000189984990406 0.0 0.0
579 -0.000189984990406 0.0 0.0
580 -0.000189984990406 0.0 0.0
581 -0.000189984990406 0.0 0.0
582 -0.000189984990406 0.0 0.0
583 -0.000189984990406 0.0 0.0
584 -0.000189984990406 0.0 0.0
585 -0.000189984990406 0.0 0.0
586 -0.000189984990406 0.0 0.0
587 -0.000189984990406 0.0 0.0
588 -0.000189984990406 0.0 0.0
589 -0.000189984990406 0.0 0.0
590 -0.000189984990406 0.0 0.0
591 -0.000189984990406 0.0 0.0
592 -0.000189984990406 0.0 0.0
593 -0.000189984990406 0.0 0.0
594 -0.000189984990406 0.0 0.0
595 -0.000189984990406 0.0 0.0
596 -0.000189984990406 0.0 0.0
597 -0.000189984990406 0.0 0.0
598 -0.000189984990406 0.0 0.0
599 -0.000189984990406 0.0 0.0
600 -0.000189984990406 0.0 0.0
601 -0.000189984990406 0.0 0.0
602 -0.000189984990406 0.0 0.0
603 -0.000189984990406 0.0 0.0
604 -0.000189984990406 0.0 0.0
605 -0.000189984990406 0.0 0.0
606 -0.000189984990406 0.0 0.0
607 -0.000189984990406 0.0 0.0
608 -0.000189984990406 0.0 0.0
609 -0.000189984990406 0.0 0.0
610 -0.000189984990406 0.0 0.0
611 -0.000189984990406 0.0 0.0
612 -0.000189984990406 0.0 0.0
613 -0.000189984990406 0.0 0.0
614 -0.000189984990406 0.0 0.0
615 -0.000189984990406 0.0 0.0
616 -0.000189984990406 0.0 0.0
617 -0.000189984990406 0.0 0.0
618 -0.000189984990406 0.0 0.0
619 -0.000189984990406 0.0 0.0
620 -0.000189984990406 0.0 0.0
621 -0.000189984990406 0.0 0.0
622 -0.000189984990406 0.0 0.0
623 -0.000189984990406 0.0 0.0
624 -0.000189984990406 0.0 0.0
625 -0.000189984990406 0.0 0.0
626 -0.000332925824812 0.0 0.0
627 -0.000332925824812 0.0 0.0
628 -0.000332925824812 0.0 0.0
629 -0.000332925824812 0.0 0.0
630 -0.000332925824812 0.0 0.0
631 -0.000332925824812 0.0 0.0
632 -0.000332925824812 0.0 0.0
633 -0.000332925824812 0.0 0.0
634 -0.000332925824812 0.0 0.0
635 -0.000332925824812 0.0 0.0
636 -0.000332925824812 0.0 0.0
637 -0.000332925824812 0.0 0.0
638 -0.000332925824812 0.0 0.0
639 -0.000332925824812 0.0 0.0
640 -0.000332925824812 0.0 0.0
641 -0.000332925824812 0.0 0.0
642 -0.000332925824812 0.0 0.0
643 -0.000332925824812 0.0 0.0
644 -0.000332925824812 0.0 0.0
645 -0.000332925824812 0.0 0.0
646 -0.000332925824812 0.0 0.0
647 -0.000332925824812 0.0 0.0
648 -0.000332925824812 0.0 0.0
649 -0.000332925824812 0.0 0.0
650 -0.000332925824812 0.0 0.0
651 -0.000332925824812 0.0 0.0
652 -0.000332925824812 0.0 0.0
653 -0.000332925824812 0.0 0.0
654 -0.000332925824812 0.0 0.0
655 -0.000332925824812 0.0 0.0
656 -0.000332925824812 0.0 0.0
657 -0.000332925824812 0.0 0.0
658 -0.000332925824812 0.0 0.0
659 -0.000332925824812 0.0 0.0
660 -0.000332925824812 0.0 0.0
661 -0.000332925824812 0.0 0.0
662 -0.000332925824812 0.0 0.0
663 -0.000332925824812 0.0 0.0
664 -0.000332925824812 0.0 0.0
665 -0.000332925824812 0.0 0.0
666 -0.000332925824812 0.0 0.0
667 -0.000332925824812 0.0 0.0
668 -0.000332925824812 0.0 0.0
669 -0.000332925824812 0.0 0.0
670 -0.000332925824812 0.0 0.0
671 -0.000332925824812 0.0 0.0
672 -0.000332925824812 0.0 0.0
673 -0.000332925824812 0.0 0.0
674 -0.000332925824812 0.0 0.0
675 -0.000332925824812 0.0 0.0
676 -0.000130643972317 0.0 0.0
677 -0.000130643972317 0.0 0.0
678 -0.000130643972317 0.0 0.0
679 -0.000130643972317 0.0 0.0
680 -0.000130643972317 0.0 0.0
681 -0.000130643972317 0.0 0.0
682 -0.000130643972317 0.0 0.0
683 -0.000130643972317 0.0 0.0
684 -0.000130643972317 0.0 0.0
685 -0.000130643972317 0.0 0.0
686 -0.000130643972317 0.0 0.0
687 -0.000130643972317 0.0 0.0
688 -0.000130643972317 0.0 0.0
689 -0.000130643972317 0.0 0.0
690 -0.000130643972317 0.0 0.0
691 -0.000130643972317 0.0 0.0
692 -0.000130643972317 0.0 0.0
693 -0.000130643972317 0.0 0.0
694 -0.000130643972317 0.0 0.0
695 -0.000130643972317 0.0 0.0
696 -0.000130643972317 0.0 0.0
697 -0.000130643972317 0.0 0.0
698 -0.000130643972317 0.0 0.0
699 -0.000130643972317 0.0 0.0
700 -0.000130643972317 0.0 0.0
701 -0.000130643972317 0.0 0.0
702 -0.000130643972317 0.0 0.0
703 -0.000130643972317 0.0 0.0
704 -0.000130643972317 0.0 0.0
705 -0.000130643972317 0.0 0.0
706 -0.000130643972317 0.0 0.0
707 -0.000130643972317 0.0 0.0
708 -0.000130643972317 0.0 0.0
709 -0.000130643972317 0.0 0.0
710 -0.000130643972317 0.0 0.0
711 -0.000130643972317 0.0 0.0
712 -0.000130643972317 0.0 0.0
713 -0.000130643972317 0.0 0.0
714 -0.000130643972317 0.0 0.0
715 -0.000130643972317 0.0 0.0
716 -0.000130643972317 0.0 0.0
717 -0.000130643972317 0.0 0.0
718 -0.000130643972317 0.0 0.0
719 -0.000130643972317 0.0 0.0
720 -0.000130643972317 0.0 0.0
721 -0.000130643972317 0.0 0.0
722 -0.000130643972317 0.0 0.0
723 -0.000130643972317 0.0 0.0
724 -0.000130643972317 0.0 0.0
725 -0.000130643972317 0.0 0.0
726 -8.5121535106e-05 0.0 0.0
727 -8.5121535106e-05 0.0 0.0
728 -8.5121535106e-05 0.0 0.0
729 -8.5121535106e-05 0.0 0.0
730 -8.5121535106e-05 0.0 0.0
731 -8.5121535106e-05 0.0 0.0
732 -8.5121535106e-05 0.0 0.0
733 -8.5121535106e-05 0.0 0.0
734 -8.5121535106e-05 0.0 0.0
735 -8.5121535106e-05 0.0 0.0
736 -8.5121535106e-05 0.0 0.0
737 -8.5121535106e-05 0.0 0.0
738 -8.5121535106e-05 0.0 0.0
739 -8.5121535106e-05 0.0 0.0
740 -8.5121535106e-05 0.0 0.0
741 -8.5121535106e-05 0.0 0.0
742 -8.5121535106e-05 0.0 0.0
743 -8.5121535106e-05 0.0 0.0
744 -8.5121535106e-05 0.0 0.0
745 -8.5121535106e-05 0.0 0.0
746 -8.5121535106e-05 0.0 0.0
747 -8.5121535106e-05 0.0 0.0
748 -8.5121535106e-05 0.0 0.0
749 -8.5121535106e-05 0.0 0.0
750 -8.5121535106e-05 0.0 0.0
751 -8.5121535106e-05 0.0 0.0
752 -8.5121535106e-05 0.0 0.0
753 -8.5121535106e-05 0.0 0.0
754 -8.5121535106e-05 0.0 0.0
755 -8.5121535106e-05 0.0 0.0
756 -8.5121535106e-05 0.0 0.0
757 -8.5121535106e-05 0.0 0.0
758 -8.5121535106e-05 0.0 0.0
759 -8.5121535106e-05 0.0 0.0
760 -8.5121535106e-05 0.0 0.0
761 -8.5121535106e-05 0.0 0.0
762 -8.5121535106e-05 0.0 0.0
763 -8.5121535106e-05 0.0 0.0
764 -8.5121535106e-05 0.0 0.0
765 -8.5121535106e-05 0.0 0.0
766 -8.5121535106e-05 0.0 0.0
767 -8.5121535106e-05 0.0 0.0
768 -8.5121535106e-05 0.0 0.0
769 -8.5121535106e-05 0.0 0.0
770 -8.5121535106e-05 0.0 0.0
771 -8.5121535106e-05 0.0 0.0
772 -8.5121535106e-05 0.0 0.0
773 -8.5121535106e-05 0.0 0.0
774 -8.5121535106e-05 0.0 0.0
775 -8.5121535106e-05 0.0 0.0
776 0.000183455769432 0.0 0.0
777 0.000183455769432 0.0 0.0
778 0.000183455769432 0.0 0.0
779 0.000183455769432 0.0 0.0
780 0.000183455769432 0.0 0.0
781 0.000183455769432 0.0 0.0
782 0.000183455769432 0.0 0.0
783 0.000183455769432 0.0 0.0
784 0.000183455769432 0.0 0.0
785 0.000183455769432 0.0 0.0
786 0.000183455769432 0.0 0.0
787 0.000183455769432 0.0 0.0
788 0.000183455769432 0.0 0.0
789 0.000183455769432 0.0 0.0
790 0.000183455769432 0.0 0.0
791 0.000183455769432 0.0 0.0
792 0.000183455769432 0.0 0.0
793 0.000183455769432 0.0 0.0
794 0.000183455769432 0.0 0.0
795 0.000183455769432 0.0 0.0
796 0.000183455769432 0.0 0.0
797 0.000183455769432 0.0 0.0
798 0.000183455769432 0.0 0.0
799 0.000183455769432 0.0 0.0
800 0.000183455769432 0.0 0.0
801 0.000183455769432 0.0 0.0
802 0.000183455769432 0.0 0.0
803 0.000183455769432 0.0 0.0
804 0.000183455769432 0.0 0.0
805 0.000183455769432 0.0 0.0
806 0.000183455769432 0.0 0.0
807 0.000183455769432 0.0 0.0
808 0.000183455769432 0.0 0.0
809 0.000183455769432 0.0 0.0
810 0.000183455769432 0.0 0.0
811 0.000183455769432 0.0 0.0
812 0.000183455769432 0.0 0.0
813 0.000183455769432 0.0 0.0
814 0.000183455769432 0.0 0.0
815 0.000183455769432 0.0 0.0
816 0.000183455769432 0.0 0.0
817 0.000183455769432 0.0 0.0
818 0.000183455769432 0.0 0.0
819 0.000183455769432 0.0 0.0
820 0.000183455769432 0.0 0.0
821 0.000183455769432 0.0 0.0
822 0.000183455769432 0.0 0.0
823 0.000183455769432 0.0 0.0
824 0.000183455769432 0.0 0.0
825 0.000183455769432 0.0 0.0
826 -0.000283739837287 0.0 0.0
827 -0.000283739837287 0.0 0.0
828 -0.000283739837287 0.0 0.0
829 -0.000283739837287 0.0 0.0
830 -0.000283739837287 0.0 0.0
831 -0.000283739837287 0.0 0.0
832 -0.000283739837287 0.0 0.0
833 -0.000283739837287 0.0 0.0
834 -0.000283739837287 0.0 0.0
835 -0.000283739837287 0.0 0.0
836 -0.000283739837287 0.0 0.0
837 -0.000283739837287 0.0 0.0
838 -0.000283739837287 0.0 0.0
839 -0.000283739837287 0.0 0.0
840 -0.000283739837287 0.0 0.0
841 -0.000283739837287 0.0 0.0
842 -0.000283739837287 0.0 0.0
843 -0.000283739837287 0.0 0.0
844 -0.000283739837287 0.0 0.0
845 -0.000283739837287 0.0 0.0
846 -0.000283739837287 0.0 0.0
847 -0.000283739837287 0.0 0.0
848 -0.000283739837287 0.0 0.0
849 -0.000283739837287 0.0 0.0
850 -0.000283739837287 0.0 0.0
851 -0.000283739837287 0.0 0.0
852 -0.000283739837287 0.0 0.0
853 -0.000283739837287 0.0 0.0
854 -0.000283739837287 0.0 0.0
855 -0.000283739837287 0.0 0.0
856 -0.000283739837287 0.0 0.0
857 -0.000283739837287 0.0 0.0
858 -0.000283739837287 0.0 0.0
859 -0.000283739837287 0.0 0.0
860 -0.000283739837287 0.0 0.0
861 -0.000283739837287 0.0 0.0
862 -0.000283739837287 0.0 0.0
863 -0.000283739837287 0.0 0.0
864 -0.000283739837287 0.0 0.0
865 -0.000283739837287 0.0 0.0
866 -0.000283739837287 0.0 0.0
867 -0.000283739837287 0.0 0.0
868 -0.000283739837287 0.0 0.0
869 -0.000283739837287 0.0 0.0
870 -0.000283739837287 0.0 0.0
871 -0.000283739837287 0.0 0.0
872 -0.000283739837287 0.0 0.0
873 -0.000283739837287 0.0 0.0
874 -0.000283739837287 0.0 0.0
875 -0.000283739837287 0.0 0.0
876 -0.000283739837287 0.0 0.0
877 -0.000283739837287 0.0 0.0
878 -0.000283739837287 0.0 0.0
879 -0.000283739837287 0.0 0.0
880 -0.000283739837287 0.0 0.0
881 -0.000283739837287 0.0 0.0
882 -0.000283739837287 0.0 0.0
883 -0.000283739837287 0.0 0.0
884 -0.000283739837287 0.0 0.0
885 -0.000283739837287 0.0 0.0
886 -0.000283739837287 0.0 0.0
887 -0.000283739837287 0.0 0.0
888 -0.000283739837287 0.0 0.0
889 -0.000283739837287 0.0 0.0
890 -0.000283739837287 0.0 0.0
891 -0.000283739837287 0.0 0.0
892 -0.000283739837287 0.0 0.0
893 -0.000283739837287 0.0 0.0
894 -0.000283739837287 0.0 0.0
895 -0.000283739837287 0.0 0.0
896 -0.000283739837287 0.0 0.0
897 -0.000283739837287 0.0 0.0
898 -0.000283739837287 0.0 0.0
899 -0.000283739837287 0.0 0.0
900 -0.000283739837287 0.0 0.0
901 -0.000283739837287 0.0 0.0
902 -0.000283739837287 0.0 0.0
903 -0.000283739837287 0.0 0.0
904 -0.000283739837287 0.0 0.0
905 -0.000283739837287 0.0 0.0
906 -0.000283739837287 0.0 0.0
907 -0.000283739837287 0.0 0.0
908 -0.000283739837287 0.0 0.0
909 -0.000283739837287 0.0 0.0
910 -0.000283739837287 0.0 0.0
911 -0.000283739837287 0.0 0.0
912 -0.000283739837287 0.0 0.0
913 -0.000283739837287 0.0 0.0
914 -0.000283739837287 0.0 0.0
915 -0.000283739837287 0.0 0.0
916 -0.000283739837287 0.0 0.0
917 -0.000283739837287 0.0 0.0
918 -0.000283739837287 0.0 0.0
919 -0.000283739837287 0.0 0.0
920 -0.000283739837287 0.0 0.0
921 -0.000283739837287 0.0 0.0
922 -0.000283739837287 0.0 0.0
923 -0.000283739837287 0.0 0.0
924 -0.000283739837287 0.0 0.0
925 -0.000283739837287 0.0 0.0
926 -0.000283739837287 0.0 0.0
927 -0.000283739837287 0.0 0.0
928 -0.000283739837287 0.0 0.0
929 -0.000283739837287 0.0 0.0
930 -0.000283739837287 0.0 0.0
931 -0.000283739837287 0.0 0.0
932 -0.000283739837287 0.0 0.0
933 -0.000283739837287 0.0 0.0
934 -0.000283739837287 0.0 0.0
935 -0.000283739837287 0.0 0.0
936 -0.000283739837287 0.0 0.0
937 -0.000283739837287 0.0 0.0
938 -0.000283739837287 0.0 0.0
939 -0.000283739837287 0.0 0.0
940 -0.000283739837287 0.0 0.0
941 -0.000283739837287 0.0 0.0
942 -0.000283739837287 0.0 0.0
943 -0.000283739837287 0.0 0.0
944 -0.000283739837287 0.0 0.0
945 -0.000283739837287 0.0 0.0
946 -0.000283739837287 0.0 0.0
947 -0.000283739837287 0.0 0.0
948 -0.000283739837287 0.0 0.0
949 -0.000283739837287 0.0 0.0
950 -0.000283739837287 0.0 0.0
951 -0.000283739837287 0.0 0.0
952 -0.000283739837287 0.0 0.0
953 -0.000283739837287 0.0 0.0
954 -0.000283739837287 0.0 0.0
955 -0.000283739837287 0.0 0.0
956 -0.000283739837287 0.0 0.0
957 -0.000283739837287 0.0 0.0
958 -0.000283739837287 0.0 0.0
959 -0.000283739837287 0.0 0.0
960 -0.000283739837287 0.0 0.0
961 -0.000283739837287 0.0 0.0
962 -0.000283739837287 0.0 0.0
963 -0.000283739837287 0.0 0.0
964 -0.000283739837287 0.0 0.0
965 -0.000283739837287 0.0 0.0
966 -0.000283739837287 0.0 0.0
967 -0.000283739837287 0.0 0.0
968 -0.000283739837287 0.0 0.0
969 -0.000283739837287 0.0 0.0
970 -0.000283739837287 0.0 0.0
971 -0.000283739837287 0.0 0.0
972 -0.000283739837287 0.0 0.0
973 -0.000283739837287 0.0 0.0
974 -0.000283739837287 0.0 0.0
975 -0.000283739837287 0.0 0.0
976 -0.000283739837287 0.0 0.0
977 -0.000283739837287 0.0 0.0
978 -0.000283739837287 0.0 0.0
979 -0.000283739837287 0.0 0.0
980 -0.000283739837287 0.0 0.0
981 -0.000283739837287 0.0 0.0
982 -0.000283739837287 0.0 0.0
983 -0.000283739837287 0.0 0.0
984 -0.000283739837287 0.0 0.0
985 -0.000283739837287 0.0 0.0
986 -0.000283739837287 0.0 0.0
987 -0.000283739837287 0.0 0.0
988 -0.000283739837287 0.0 0.0
989 -0.000283739837287 0.0 0.0
990 -0.000283739837287 0.0 0.0
991 -0.000283739837287 0.0 0.0
992 -0.000283739837287 0.0 0.0
993 -0.000283739837287 0.0 0.0
994 -0.000283739837287 0.0 0.0
995 -0.000283739837287 0.0 0.0
996 -0.000283739837287 0.0 0.0
997 -0.000283739837287 0.0 0.0
998 -0.000283739837287 0.0 0.0
999 -0.000283739837287 0.0 0.0
1000 -0.000283739837287 0.0 0.0
1001 -0.000283739837287 0.0 0.0
1002 -0.000283739837287 0.0 0.0
1003 -0.000283739837287 0.0 0.0
1004 -0.000283739837287 0.0 0.0
1005 -0.000283739837287 0.0 0.0
1006 -0.000283739837287 0.0 0.0
1007 -0.000283739837287 0.0 0.0
1008 -0.000283739837287 0.0 0.0
1009 -0.000283739837287 0.0 0.0
1010 -0.000283739837287 0.0 0.0
1011 -0.000283739837287 0.0 0.0
1012 -0.000283739837287 0.0 0.0
1013 -0.000283739837287 0.0 0.0
1014 -0.000283739837287 0.0 0.0
1015 -0.000283739837287 0.0 0.0
1016 -0.000283739837287 0.0 0.0
1017 -0.000283739837287 0.0 0.0
1018 -0.000283739837287 0.0 0.0
1019 -0.000283739837287 0.0 0.0
1020 -0.000283739837287 0.0 0.0
1021 -0.000283739837287 0.0 0.0
1022 -0.000283739837287 0.0 0.0
1023 -0.000283739837287 0.0 0.0
1024 -0.000283739837287 0.0 0.0
1025 -0.000283739837287 0.0 0.0
1026 -0.000283739837287 0.0 0.0
1027 -0.000283739837287 0.0 0.0
1028 -0.000283739837287 0.0 0.0
1029 -0.000283739837287 0.0 0.0
1030 -0.000283739837287 0.0 0.0
1031 -0.000283739837287 0.0 0.0
1032 -0.000283739837287 0.0 0.0
1033 -0.000283739837287 0.0 0.0
1034 -0.000283739837287 0.0 0.0
1035 -0.000283739837287 0.0 0.0
1036 -0.000283739837287 0.0 0.0
1037 -0.000283739837287 0.0 0.0
1038 -0.000283739837287 0.0 0.0
1039 -0.000283739837287 0.0 0.0
1040 -0.000283739837287 0.0 0.0
1041 -0.000283739837287 0.0 0.0
1042 -0.000283739837287 0.0 0.0
1043 -0.000283739837287 0.0 0.0
1044 -0.000283739837287 0.0 0.0
1045 -0.000283739837287 0.0 0.0
1046 -0.000283739837287 0.0 0.0
1047 -0.000283739837287 0.0 0.0
1048 -0.000283739837287 0.0 0.0
1049 -0.000283739837287 0.0 0.0
1050 -0.000283739837287 0.0 0.0
1051 0.000211864337036 0.0 0.0
1052 0.000211864337036 0.0 0.0
1053 0.000211864337036 0.0 0.0
1054 0.000211864337036 0.0 0.0
1055 0.000211864337036 0.0 0.0
1056 0.000211864337036 0.0 0.0
1057 0.000211864337036 0.0 0.0
1058 0.000211864337036 0.0 0.0
1059 0.000211864337036 0.0 0.0
1060 0.000211864337036 0.0 0.0
1061 0.000211864337036 0.0 0.0
1062 0.000211864337036 0.0 0.0
1063 0.000211864337036 0.0 0.0
1064 0.000211864337036 0.0 0.0
1065 0.000211864337036 0.0 0.0
1066 0.000211864337036 0.0 0.0
1067 0.000211864337036 0.0 0.0
1068 0.000211864337036 0.0 0.0
1069 0.000211864337036 0.0 0.0
1070 0.000211864337036 0.0 0.0
1071 0.000211864337036 0.0 0.0
1072 0.000211864337036 0.0 0.0
1073 0.000211864337036 0.0 0.0
1074 0.000211864337036 0.0 0.0
1075 0.000211864337036 0.0 0.0
1076 0.000211864337036 0.0 0.0
1077 0.000211864337036 0.0 0.0
1078 0.000211864337036 0.0 0.0
1079 0.000211864337036 0.0 0.0
1080 0.000211864337036 0.0 0.0
1081 0.000211864337036 0.0 0.0
1082 0.000211864337036 0.0 0.0
1083 0.000211864337036 0.0 0.0
1084 0.000211864337036 0.0 0.0
1085 0.000211864337036 0.0 0.0
1086 0.000211864337036 0.0 0.0
1087 0.000211864337036 0.0 0.0
1088 0.000211864337036 0.0 0.0
1089 0.000211864337036 0.0 0.0
1090 0.000211864337036 0.0 0.0
1091 0.000211864337036 0.0 0.0
1092 0.000211864337036 0.0 0.0
1093 0.000211864337036 0.0 0.0
1094 0.000211864337036 0.0 0.0
1095 0.000211864337036 0.0 0.0
1096 0.000211864337036 0.0 0.0
1097 0.000211864337036 0.0 0.0
1098 0.000211864337036 0.0 0.0
1099 0.000211864337036 0.0 0.0
1100 0.000211864337036 0.0 0.0
1101 0.000211864337036 0.0 0.0
1102 0.000211864337036 0.0 0.0
1103 0.000211864337036 0.0 0.0
1104 0.000211864337036 0.0 0.0
1105 0.000211864337036 0.0 0.0
1106 0.000211864337036 0.0 0.0
1107 0.000211864337036 0.0 0.0
1108 0.000211864337036 0.0 0.0
1109 0.000211864337036 0.0 0.0
1110 0.000211864337036 0.0 0.0
1111 0.000211864337036 0.0 0.0
1112 0.000211864337036 0.0 0.0
1113 0.000211864337036 0.0 0.0
1114 0.000211864337036 0.0 0.0
1115 0.000211864337036 0.0 0.0
1116 0.000211864337036 0.0 0.0
1117 0.000211864337036 0.0 0.0
1118 0.000211864337036 0.0 0.0
1119 0.000211864337036 0.0 0.0
1120 0.000211864337036 0.0 0.0
1121 0.000211864337036 0.0 0.0
1122 0.000211864337036 0.0 0.0
1123 0.000211864337036 0.0 0.0
1124 0.000211864337036 0.0 0.0
1125 0.000211864337036 0.0 0.0
1126 0.000211864337036 0.0 0.0
1127 0.000211864337036 0.0 0.0
1128 0.000211864337036 0.0 0.0
1129 0.000211864337036 0.0 0.0
1130 0.000211864337036 0.0 0.0
1131 0.000211864337036 0.0 0.0
1132 0.000211864337036 0.0 0.0
1133 0.000211864337036 0.0 0.0
1134 0.000211864337036 0.0 0.0
1135 0.000211864337036 0.0 0.0
1136 0.000211864337036 0.0 0.0
1137 0.000211864337036 0.0 0.0
1138 0.000211864337036 0.0 0.0
1139 0.000211864337036 0.0 0.0
1140 0.000211864337036 0.0 0.0
1141 0.000211864337036 0.0 0.0
1142 0.000211864337036 0.0 0.0
1143 0.000211864337036 0.0 0.0
1144 0.000211864337036 0.0 0.0
1145 0.000211864337036 0.0 0.0
1146 0.000211864337036 0.0 0.0
1147 0.000211864337036 0.0 0.0
1148 0.000211864337036 0.0 0.0
1149 0.000211864337036 0.0 0.0
1150 0.000211864337036 0.0 0.0
1151 -3.53910451902e-05 0.0 0.0
1152 -3.53910451902e-05 0.0 0.0
1153 -3.53910451902e-05 0.0 0.0
1154 -3.53910451902e-05 0.0 0.0
1155 -3.53910451902e-05 0.0 0.0
1156 -3.53910451902e-05 0.0 0.0
1157 -3.53910451902e-05 0.0 0.0
1158 -3.53910451902e-05 0.0 0.0
1159 -3.53910451902e-05 0.0 0.0
1160 -3.53910451902e-05 0.0 0.0
1161 -3.53910451902e-05 0.0 0.0
1162 -3.53910451902e-05 0.0 0.0
1163 -3.53910451902e-05 0.0 0.0
1164 -3.53910451902e-05 0.0 0.0
1165 -3.53910451902e-05 0.0 0.0
1166 -3.53910451902e-05 0.0 0.0
1167 -3.53910451902e-05 0.0 0.0
1168 -3.53910451902e-05 0.0 0.0
1169 -3.53910451902e-05 0.0 0.0
1170 -3.53910451902e-05 0.0 0.0
1171 -3.53910451902e-05 0.0 0.0
1172 -3.53910451902e-05 0.0 0.0
1173 -3.53910451902e-05 0.0 0.0
1174 -3.53910451902e-05 0.0 0.0
1175 -3.53910451902e-05 0.0 0.0
1176 -3.53910451902e-05 0.0 0.0
1177 -3.53910451902e-05 0.0 0.0
1178 -3.53910451902e-05 0.0 0.0
1179 -3.53910451902e-05 0.0 0.0
1180 -3.53910451902e-05 0.0 0.0
1181 -3.53910451902e-05 0.0 0.0
1182 -3.53910451902e-05 0.0 0.0
1183 -3.53910451902e-05 0.0 0.0
1184 -3.53910451902e-05 0.0 0.0
1185 -3.53910451902e-05 0.0 0.0
1186 -3.53910451902e-05 0.0 0.0
1187 -3.53910451902e-05 0.0 0.0
1188 -3.53910451902e-05 0.0 0.0
1189 -3.53910451902e-05 0.0 0.0
1190 -3.53910451902e-05 0.0 0.0
1191 -3.53910451902e-05 0.0 0.0
1192 -3.53910451902e-05 0.0 0.0
1193 -3.53910451902e-05 0.0 0.0
1194 -3.53910451902e-05 0.0 0.0
1195 -3.53910451902e-05 0.0 0.0
1196 -3.53910451902e-05 0.0 0.0
1197 -3.53910451902e-05 0.0 0.0
1198 -3.53910451902e-05 0.0 0.0
1199 -3.53910451902e-05 0.0 0.0
1200 -3.53910451902e-05 0.0 0.0
1201 -3.53910451902e-05 0.0 0.0
1202 -3.53910451902e-05 0.0 0.0
1203 -3.53910451902e-05 0.0 0.0
1204 -3.53910451902e-05 0.0 0.0
1205 -3.53910451902e-05 0.0 0.0
1206 -3.53910451902e-05 0.0 0.0
1207 -3.53910451902e-05 0.0 0.0
1208 -3.53910451902e-05 0.0 0.0
1209 -3.53910451902e-05 0.0 0.0
1210 -3.53910451902e-05 0.0 0.0
1211 -3.53910451902e-05 0.0 0.0
1212 -3.53910451902e-05 0.0 0.0
1213 -3.53910451902e-05 0.0 0.0
1214 -3.53910451902e-05 0.0 0.0
1215 -3.53910451902e-05 0.0 0.0
1216 -3.53910451902e-05 0.0 0.0
1217 -3.53910451902e-05 0.0 0.0
1218 -3.53910451902e-05 0.0 0.0
1219 -3.53910451902e-05 0.0 0.0
1220 -3.53910451902e-05 0.0 0.0
1221 -3.53910451902e-05 0.0 0.0
1222 -3.53910451902e-05 0.0 0.0
1223 -3.53910451902e-05 0.0 0.0
1224 -3.53910451902e-05 0.0 0.0
1225 -3.53910451902e-05 0.0 0.0
1226 -3.53910451902e-05 0.0 0.0
1227 -3.53910451902e-05 0.0 0.0
1228 -3.53910451902e-05 0.0 0.0
1229 -3.53910451902e-05 0.0 0.0
1230 -3.53910451902e-05 0.0 0.0
1231 -3.53910451902e-05 0.0 0.0
1232 -3.53910451902e-05 0.0 0.0
1233 -3.53910451902e-05 0.0 0.0
1234 -3.53910451902e-05 0.0 0.0
1235 -3.53910451902e-05 0.0 0.0
1236 -3.53910451902e-05 0.0 0.0
1237 -3.53910451902e-05 0.0 0.0
1238 -3.53910451902e-05 0.0 0.0
1239 -3.53910451902e-05 0.0 0.0
1240 -3.53910451902e-05 0.0 0.0
1241 -3.53910451902e-05 0.0 0.0
1242 -3.53910451902e-05 0.0 0.0
1243 -3.53910451902e-05 0.0 0.0
1244 -3.53910451902e-05 0.0 0.0
1245 -3.53910451902e-05 0.0 0.0
1246 -3.53910451902e-05 0.0 0.0
1247 -3.53910451902e-05 0.0 0.0
1248 -3.53910451902e-05 0.0 0.0
1249 -3.53910451902e-05 0.0 0.0
1250 -3.53910451902e-05 0.0 0.0
1251 -3.53910451902e-05 0.0 0.0
1252 -3.53910451902e-05 0.0 0.0
1253 -3.53910451902e-05 0.0 0.0
1254 -3.53910451902e-05 0.0 0.0
1255 -3.53910451902e-05 0.0 0.0
1256 -3.53910451902e-05 0.0 0.0
1257 -3.53910451902e-05 0.0 0.0
1258 -3.53910451902e-05 0.0 0.0
1259 -3.53910451902e-05 0.0 0.0
1260 -3.53910451902e-05 0.0 0.0
1261 -3.53910451902e-05 0.0 0.0
1262 -3.53910451902e-05 0.0 0.0
1263 -3.53910451902e-05 0.0 0.0
1264 -3.53910451902e-05 0.0 0.0
1265 -3.53910451902e-05 0.0 0.0
1266 -3.53910451902e-05 0.0 0.0
1267 -3.53910451902e-05 0.0 0.0
1268 -3.53910451902e-05 0.0 0.0
1269 -3.53910451902e-05 0.0 0.0
1270 -3.53910451902e-05 0.0 0.0
1271 -3.53910451902e-05 0.0 0.0
1272 -3.53910451902e-05 0.0 0.0
1273 -3.53910451902e-05 0.0 0.0
1274 -3.53910451902e-05 0.0 0.0
1275 -3.53910451902e-05 0.0 0.0
1276 -3.53910451902e-05 0.0 0.0
1277 -3.53910451902e-05 0.0 0.0
1278 -3.53910451902e-05 0.0 0.0
1279 -3.53910451902e-05 0.0 0.0
1280 -3.53910451902e-05 0.0 0.0
1281 -3.53910451902e-05 0.0 0.0
1282 -3.53910451902e-05 0.0 0.0
1283 -3.53910451902e-05 0.0 0.0
1284 -3.53910451902e-05 0.0 0.0
1285 -3.53910451902e-05 0.0 0.0
1286 -3.53910451902e-05 0.0 0.0
1287 -3.53910451902e-05 0.0 0.0
1288 -3.53910451902e-05 0.0 0.0
1289 -3.53910451902e-05 0.0 0.0
1290 -3.53910451902e-05 0.0 0.0
1291 -3.53910451902e-05 0.0 0.0
1292 -3.53910451902e-05 0.0 0.0
1293 -3.53910451902e-05 0.0 0.0
1294 -3.53910451902e-05 0.0 0.0
1295 -3.53910451902e-05 0.0 0.0
1296 -3.53910451902e-05 0.0 0.0
1297 -3.53910451902e-05 0.0 0.0
1298 -3.53910451902e-05 0.0 0.0
1299 -3.53910451902e-05 0.0 0.0
1300 -3.53910451902e-05 0.0 0.0
1301 -3.53910451902e-05 0.0 0.0
1302 -3.53910451902e-05 0.0 0.0
1303 -3.53910451902e-05 0.0 0.0
1304 -3.53910451902e-05 0.0 0.0
1305 -3.53910451902e-05 0.0 0.0
1306 -3.53910451902e-05 0.0 0.0
1307 -3.53910451902e-05 0.0 0.0
1308 -3.53910451902e-05 0.0 0.0
1309 -3.53910451902e-05 0.0 0.0
1310 -3.53910451902e-05 0.0 0.0
1311 -3.53910451902e-05 0.0 0.0
1312 -3.53910451902e-05 0.0 0.0
1313 -3.53910451902e-05 0.0 0.0
1314 -3.53910451902e-05 0.0 0.0
1315 -3.53910451902e-05 0.0 0.0
1316 -3.53910451902e-05 0.0 0.0
1317 -3.53910451902e-05 0.0 0.0
1318 -3.53910451902e-05 0.0 0.0
1319 -3.53910451902e-05 0.0 0.0
1320 -3.53910451902e-05 0.0 0.0
1321 -3.53910451902e-05 0.0 0.0
1322 -3.53910451902e-05 0.0 0.0
1323 -3.53910451902e-05 0.0 0.0
1324 -3.53910451902e-05 0.0 0.0
1325 -3.53910451902e-05 0.0 0.0
1326 -3.53910451902e-05 0.0 0.0
1327 -3.53910451902e-05 0.0 0.0
1328 -3.53910451902e-05 0.0 0.0
1329 -3.53910451902e-05 0.0 0.0
1330 -3.53910451902e-05 0.0 0.0
1331 -3.53910451902e-05 0.0 0.0
1332 -3.53910451902e-05 0.0 0.0
1333 -3.53910451902e-05 0.0 0.0
1334 -3.53910451902e-05 0.0 0.0
1335 -3.53910451902e-05 0.0 0.0
1336 -3.53910451902e-05 0.0 0.0
1337 -3.53910451902e-05 0.0 0.0
1338 -3.53910451902e-05 0.0 0.0
1339 -3.53910451902e-05 0.0 0.0
1340 -3.53910451902e-05 0.0 0.0
1341 -3.53910451902e-05 0.0 0.0
1342 -3.53910451902e-05 0.0 0.0
1343 -3.53910451902e-05 0.0 0.0
1344 -3.53910451902e-05 0.0 0.0
1345 -3.53910451902e-05 0.0 0.0
1346 -3.53910451902e-05 0.0 0.0
1347 -3.53910451902e-05 0.0 0.0
1348 -3.53910451902e-05 0.0 0.0
1349 -3.53910451902e-05 0.0 0.0
1350 -3.53910451902e-05 0.0 0.0
1351 -3.53910451902e-05 0.0 0.0
1352 -3.53910451902e-05 0.0 0.0
1353 -3.53910451902e-05 0.0 0.0
1354 -3.53910451902e-05 0.0 0.0
1355 -3.53910451902e-05 0.0 0.0
1356 -3.53910451902e-05 0.0 0.0
1357 -3.53910451902e-05 0.0 0.0
1358 -3.53910451902e-05 0.0 0.0
1359 -3.53910451902e-05 0.0 0.0
1360 -3.53910451902e-05 0.0 0.0
1361 -3.53910451902e-05 0.0 0.0
1362 -3.53910451902e-05 0.0 0.0
1363 -3.53910451902e-05 0.0 0.0
1364 -3.53910451902e-05 0.0 0.0
1365 -3.53910451902e-05 0.0 0.0
1366 -3.53910451902e-05 0.0 0.0
1367 -3.53910451902e-05 0.0 0.0
1368 -3.53910451902e-05 0.0 0.0
1369 -3.53910451902e-05 0.0 0.0
1370 -3.53910451902e-05 0.0 0.0
1371 -3.53910451902e-05 0.0 0.0
1372 -3.53910451902e-05 0.0 0.0
1373 -3.53910451902e-05 0.0 0.0
1374 -3.53910451902e-05 0.0 0.0
1375 -3.53910451902e-05 0.0 0.0
1376 -3.53910451902e-05 0.0 0.0
1377 -3.53910451902e-05 0.0 0.0
1378 -3.53910451902e-05 0.0 0.0
1379 -3.53910451902e-05 0.0 0.0
1380 -3.53910451902e-05 0.0 0.0
1381 -3.53910451902e-05 0.0 0.0
1382 -3.53910451902e-05 0.0 0.0
1383 -3.53910451902e-05 0.0 0.0
1384 -3.53910451902e-05 0.0 0.0
1385 -3.53910451902e-05 0.0 0.0
1386 -3.53910451902e-05 0.0 0.0
1387 -3.53910451902e-05 0.0 0.0
1388 -3.53910451902e-05 0.0 0.0
1389 -3.53910451902e-05 0.0 0.0
1390 -3.53910451902e-05 0.0 0.0
1391 -3.53910451902e-05 0.0 0.0
1392 -3.53910451902e-05 0.0 0.0
1393 -3.53910451902e-05 0.0 0.0
1394 -3.53910451902e-05 0.0 0.0
1395 -3.53910451902e-05 0.0 0.0
1396 -3.53910451902e-05 0.0 0.0
1397 -3.53910451902e-05 0.0 0.0
1398 -3.53910451902e-05 0.0 0.0
1399 -3.53910451902e-05 0.0 0.0
1400 -3.53910451902e-05 0.0 0.0
1401 -3.53910451902e-05 0.0 0.0
1402 -3.53910451902e-05 0.0 0.0
1403 -3.53910451902e-05 0.0 0.0
1404 -3.53910451902e-05 0.0 0.0
1405 -3.53910451902e-05 0.0 0.0
1406 -3.53910451902e-05 0.0 0.0
1407 -3.53910451902e-05 0.0 0.0
1408 -3.53910451902e-05 0.0 0.0
1409 -3.53910451902e-05 0.0 0.0
1410 -3.53910451902e-05 0.0 0.0
1411 -3.53910451902e-05 0.0 0.0
1412 -3.53910451902e-05 0.0 0.0
1413 -3.53910451902e-05 0.0 0.0
1414 -3.53910451902e-05 0.0 0.0
1415 -3.53910451902e-05 0.0 0.0
1416 -3.53910451902e-05 0.0 0.0
1417 -3.53910451902e-05 0.0 0.0
1418 -3.53910451902e-05 0.0 0.0
1419 -3.53910451902e-05 0.0 0.0
1420 -3.53910451902e-05 0.0 0.0
1421 -3.53910451902e-05 0.0 0.0
1422 -3.53910451902e-05 0.0 0.0
1423 -3.53910451902e-05 0.0 0.0
1424 -3.53910451902e-05 0.0 0.0
1425 -3.53910451902e-05 0.0 0.0
1426 -3.53910451902e-05 0.0 0.0
1427 -3.53910451902e-05 0.0 0.0
1428 -3.53910451902e-05 0.0 0.0
1429 -3.53910451902e-05 0.0 0.0
1430 -3.53910451902e-05 0.0 0.0
1431 -3.53910451902e-05 0.0 0.0
1432 -3.53910451902e-05 0.0 0.0
1433 -3.53910451902e-05 0.0 0.0
1434 -3.53910451902e-05 0.0 0.0
1435 -3.53910451902e-05 0.0 0.0
1436 -3.53910451902e-05 0.0 0.0
1437 -3.53910451902e-05 0.0 0.0
1438 -3.53910451902e-05 0.0 0.0
1439 -3.53910451902e-05 0.0 0.0
1440 -3.53910451902e-05 0.0 0.0
1441 -3.53910451902e-05 0.0 0.0
1442 -3.53910451902e-05 0.0 0.0
1443 -3.53910451902e-05 0.0 0.0
1444 -3.53910451902e-05 0.0 0.0
1445 -3.53910451902e-05 0.0 0.0
1446 -3.53910451902e-05 0.0 0.0
1447 -3.53910451902e-05 0.0 0.0
1448 -3.53910451902e-05 0.0 0.0
1449 -3.53910451902e-05 0.0 0.0
1450 -3.53910451902e-05 0.0 0.0
1451 -7.63912732418e-05 0.0 0.0
1452 -7.63912732418e-05 0.0 0.0
1453 -7.63912732418e-05 0.0 0.0
1454 -7.63912732418e-05 0.0 0.0
1455 -7.63912732418e-05 0.0 0.0
1456 -7.63912732418e-05 0.0 0.0
1457 -7.63912732418e-05 0.0 0.0
1458 -7.63912732418e-05 0.0 0.0
1459 -7.63912732418e-05 0.0 0.0
1460 -7.63912732418e-05 0.0 0.0
1461 -7.63912732418e-05 0.0 0.0
1462 -7.63912732418e-05 0.0 0.0
1463 -7.63912732418e-05 0.0 0.0
1464 -7.63912732418e-05 0.0 0.0
1465 -7.63912732418e-05 0.0 0.0
1466 -7.63912732418e-05 0.0 0.0
1467 -7.63912732418e-05 0.0 0.0
1468 -7.63912732418e-05 0.0 0.0
1469 -7.63912732418e-05 0.0 0.0
1470 -7.63912732418e-05 0.0 0.0
1471 -7.63912732418e-05 0.0 0.0
1472 -7.63912732418e-05 0.0 0.0
1473 -7.63912732418e-05 0.0 0.0
1474 -7.63912732418e-05 0.0 0.0
1475 -7.63912732418e-05 0.0 0.0
1476 -7.63912732418e-05 0.0 0.0
1477 -7.63912732418e-05 0.0 0.0
1478 -7.63912732418e-05 0.0 0.0
1479 -7.63912732418e-05 0.0 0.0
1480 -7.63912732418e-05 0.0 0.0
1481 -7.63912732418e-05 0.0 0.0
1482 -7.63912732418e-05 0.0 0.0
1483 -7.63912732418e-05 0.0 0.0
1484 -7.63912732418e-05 0.0 0.0
1485 -7.63912732418e-05 0.0 0.0
1486 -7.63912732418e-05 0.0 0.0
1487 -7.63912732418e-05 0.0 0.0
1488 -7.63912732418e-05 0.0 0.0
1489 -7.63912732418e-05 0.0 0.0
1490 -7.63912732418e-05 0.0 0.0
1491 -7.63912732418e-05 0.0 0.0
1492 -7.63912732418e-05 0.0 0.0
1493 -7.63912732418e-05 0.0 0.0
1494 -7.63912732418e-05 0.0 0.0
1495 -7.63912732418e-05 0.0 0.0
1496 -7.63912732418e-05 0.0 0.0
1497 -7.63912732418e-05 0.0 0.0
1498 -7.63912732418e-05 0.0 0.0
1499 -7.63912732418e-05 0.0 0.0
1500 -7.63912732418e-05 0.0 0.0
1501 -7.63912732418e-05 0.0 0.0
1502 -7.63912732418e-05 0.0 0.0
1503 -7.63912732418e-05 0.0 0.0
1504 -7.63912732418e-05 0.0 0.0
1505 -7.63912732418e-05 0.0 0.0
1506 -7.63912732418e-05 0.0 0.0
1507 -7.63912732418e-05 0.0 0.0
1508 -7.63912732418e-05 0.0 0.0
1509 -7.63912732418e-05 0.0 0.0
1510 -7.63912732418e-05 0.0 0.0
1511 -7.63912732418e-05 0.0 0.0
1512 -7.63912732418e-05 0.0 0.0
1513 -7.63912732418e-05 0.0 0.0
1514 -7.63912732418e-05 0.0 0.0
1515 -7.63912732418e-05 0.0 0.0
1516 -7.63912732418e-05 0.0 0.0
1517 -7.63912732418e-05 0.0 0.0
1518 -7.63912732418e-05 0.0 0.0
1519 -7.63912732418e-05 0.0 0.0
1520 -7.63912732418e-05 0.0 0.0
1521 -7.63912732418e-05 0.0 0.0
1522 -7.63912732418e-05 0.0 0.0
1523 -7.63912732418e-05 0.0 0.0
1524 -7.63912732418e-05 0.0 0.0
1525 -7.63912732418e-05 0.0 0.0
1526 -7.63912732418e-05 0.0 0.0
1527 -7.63912732418e-05 0.0 0.0
1528 -7.63912732418e-05 0.0 0.0
1529 -7.63912732418e-05 0.0 0.0
1530 -7.63912732418e-05 0.0 0.0
1531 -7.63912732418e-05 0.0 0.0
1532 -7.63912732418e-05 0.0 0.0
1533 -7.63912732418e-05 0.0 0.0
1534 -7.63912732418e-05 0.0 0.0
1535 -7.63912732418e-05 0.0 0.0
1536 -7.63912732418e-05 0.0 0.0
1537 -7.63912732418e-05 0.0 0.0
1538 -7.63912732418e-05 0.0 0.0
1539 -7.63912732418e-05 0.0 0.0
1540 -7.63912732418e-05 0.0 0.0
1541 -7.63912732418e-05 0.0 0.0
1542 -7.63912732418e-05 0.0 0.0
1543 -7.63912732418e-05 0.0 0.0
1544 -7.63912732418e-05 0.0 0.0
1545 -7.63912732418e-05 0.0 0.0
1546 -7.63912732418e-05 0.0 0.0
1547 -7.63912732418e-05 0.0 0.0
1548 -7.63912732418e-05 0.0 0.0
1549 -7.63912732418e-05 0.0 0.0
1550 -7.63912732418e-05 0.0 0.0
1551 -1.08416783814e-05 0.0 0.0
1552 -1.08416783814e-05 0.0 0.0
1553 -1.08416783814e-05 0.0 0.0
1554 -1.08416783814e-05 0.0 0.0
1555 -1.08416783814e-05 0.0 0.0
1556 -1.08416783814e-05 0.0 0.0
1557 -1.08416783814e-05 0.0 0.0
1558 -1.08416783814e-05 0.0 0.0
1559 -1.08416783814e-05 0.0 0.0
1560 -1.08416783814e-05 0.0 0.0
1561 -1.08416783814e-05 0.0 0.0
1562 -1.08416783814e-05 0.0 0.0
1563 -1.08416783814e-05 0.0 0.0
1564 -1.08416783814e-05 0.0 0.0
1565 -1.08416783814e-05 0.0 0.0
1566 -1.08416783814e-05 0.0 0.0
1567 -1.08416783814e-05 0.0 0.0
1568 -1.08416783814e-05 0.0 0.0
1569 -1.08416783814e-05 0.0 0.0
1570 -1.08416783814e-05 0.0 0.0
1571 -1.08416783814e-05 0.0 0.0
1572 -1.08416783814e-05 0.0 0.0
1573 -1.08416783814e-05 0.0 0.0
1574 -1.08416783814e-05 0.0 0.0
1575 -1.08416783814e-05 0.0 0.0
1576 -1.08416783814e-05 0.0 0.0
1577 -1.08416783814e-05 0.0 0.0
1578 -1.08416783814e-05 0.0 0.0
1579 -1.08416783814e-05 0.0 0.0
1580 -1.08416783814e-05 0.0 0.0
1581 -1.08416783814e-05 0.0 0.0
1582 -1.08416783814e-05 0.0 0.0
1583 -1.08416783814e-05 0.0 0.0
1584 -1.08416783814e-05 0.0 0.0
1585 -1.08416783814e-05 0.0 0.0
1586 -1.08416783814e-05 0.0 0.0
1587 -1.08416783814e-05 0.0 0.0
1588 -1.08416783814e-05 0.0 0.0
1589 -1.08416783814e-05 0.0 0.0
1590 -1.08416783814e-05 0.0 0.0
1591 -1.08416783814e-05 0.0 0.0
1592 -1.08416783814e-05 0.0 0.0
1593 -1.08416783814e-05 0.0 0.0
1594 -1.08416783814e-05 0.0 0.0
1595 -1.08416783814e-05 0.0 0.0
1596 -1.08416783814e-05 0.0 0.0
1597 -1.08416783814e-05 0.0 0.0
1598 -1.08416783814e-05 0.0 0.0
1599 -1.08416783814e-05 0.0 0.0
1600 -1.08416783814e-05 0.0 0.0
1601 -1.08416783814e-05 0.0 0.0
1602 -1.08416783814e-05 0.0 0.0
1603 -1.08416783814e-05 0.0 0.0
1604 -1.08416783814e-05 0.0 0.0
1605 -1.08416783814e-05 0.0 0.0
1606 -1.08416783814e-05 0.0 0.0
1607 -1.08416783814e-05 0.0 0.0
1608 -1.08416783814e-05 0.0 0.0
1609 -1.08416783814e-05 0.0 0.0
1610 -1.08416783814e-05 0.0 0.0
1611 -1.08416783814e-05 0.0 0.0
1612 -1.08416783814e-05 0.0 0.0
1613 -1.08416783814e-05 0.0 0.0
1614 -1.08416783814e-05 0.0 0.0
1615 -1.08416783814e-05 0.0 0.0
1616 -1.08416783814e-05 0.0 0.0
1617 -1.08416783814e-05 0.0 0.0
1618 -1.08416783814e-05 0.0 0.0
1619 -1.08416783814e-05 0.0 0.0
1620 -1.08416783814e-05 0.0 0.0
1621 -1.08416783814e-05 0.0 0.0
1622 -1.08416783814e-05 0.0 0.0
1623 -1.08416783814e-05 0.0 0.0
1624 -1.08416783814e-05 0.0 0.0
1625 -1.08416783814e-05 0.0 0.0
1626 -1.08416783814e-05 0.0 0.0
1627 -1.08416783814e-05 0.0 0.0
1628 -1.08416783814e-05 0.0 0.0
1629 -1.08416783814e-05 0.0 0.0
1630 -1.08416783814e-05 0.0 0.0
1631 -1.08416783814e-05 0.0 0.0
1632 -1.08416783814e-05 0.0 0.0
1633 -1.08416783814e-05 0.0 0.0
1634 -1.08416783814e-05 0.0 0.0
1635 -1.08416783814e-05 0.0 0.0
1636 -1.08416783814e-05 0.0 0.0
1637 -1.08416783814e-05 0.0 0.0
1638 -1.08416783814e-05 0.0 0.0
1639 -1.08416783814e-05 0.0 0.0
1640 -1.08416783814e-05 0.0 0.0
1641 -1.08416783814e-05 0.0 0.0
1642 -1.08416783814e-05 0.0 0.0
1643 -1.08416783814e-05 0.0 0.0
1644 -1.08416783814e-05 0.0 0.0
1645 -1.08416783814e-05 0.0 0.0
1646 -1.08416783814e-05 0.0 0.0
1647 -1.08416783814e-05 0.0 0.0
1648 -1.08416783814e-05 0.0 0.0
1649 -1.08416783814e-05 0.0 0.0
1650 -1.08416783814e-05 0.0 0.0
1651 -1.08416783814e-05 0.0 0.0
1652 -1.08416783814e-05 0.0 0.0
1653 -1.08416783814e-05 0.0 0.0
1654 -1.08416783814e-05 0.0 0.0
1655 -1.08416783814e-05 0.0 0.0
1656 -1.08416783814e-05 0.0 0.0
1657 -1.08416783814e-05 0.0 0.0
1658 -1.08416783814e-05 0.0 0.0
1659 -1.08416783814e-05 0.0 0.0
1660 -1.08416783814e-05 0.0 0.0
1661 -1.08416783814e-05 0.0 0.0
1662 -1.08416783814e-05 0.0 0.0
1663 -1.08416783814e-05 0.0 0.0
1664 -1.08416783814e-05 0.0 0.0
1665 -1.08416783814e-05 0.0 0.0
1666 -1.08416783814e-05 0.0 0.0
1667 -1.08416783814e-05 0.0 0.0
1668 -1.08416783814e-05 0.0 0.0
1669 -1.08416783814e-05 0.0 0.0
1670 -1.08416783814e-05 0.0 0.0
1671 -1.08416783814e-05 0.0 0.0
1672 -1.08416783814e-05 0.0 0.0
1673 -1.08416783814e-05 0.0 0.0
1674 -1.08416783814e-05 0.0 0.0
1675 -1.08416783814e-05 0.0 0.0
1676 -1.08416783814e-05 0.0 0.0
1677 -1.08416783814e-05 0.0 0.0
1678 -1.08416783814e-05 0.0 0.0
1679 -1.08416783814e-05 0.0 0.0
1680 -1.08416783814e-05 0.0 0.0
1681 -1.08416783814e-05 0.0 0.0
1682 -1.08416783814e-05 0.0 0.0
1683 -1.08416783814e-05 0.0 0.0
1684 -1.08416783814e-05 0.0 0.0
1685 -1.08416783814e-05 0.0 0.0
1686 -1.08416783814e-05 0.0 0.0
1687 -1.08416783814e-05 0.0 0.0
1688 -1.08416783814e-05 0.0 0.0
1689 -1.08416783814e-05 0.0 0.0
1690 -1.08416783814e-05 0.0 0.0
1691 -1.08416783814e-05 0.0 0.0
1692 -1.08416783814e-05 0.0 0.0
1693 -1.08416783814e-05 0.0 0.0
1694 -1.08416783814e-05 0.0 0.0
1695 -1.08416783814e-05 0.0 0.0
1696 -1.08416783814e-05 0.0 0.0
1697 -1.08416783814e-05 0.0 0.0
1698 -1.08416783814e-05 0.0 0.0
1699 -1.08416783814e-05 0.0 0.0
1700 -1.08416783814e-05 0.0 0.0
1701 -1.08416783814e-05 0.0 0.0
1702 -1.08416783814e-05 0.0 0.0
1703 -1.08416783814e-05 0.0 0.0
1704 -1.08416783814e-05 0.0 0.0
1705 -1.08416783814e-05 0.0 0.0
1706 -1.08416783814e-05 0.0 0.0
1707 -1.08416783814e-05 0.0 0.0
1708 -1.08416783814e-05 0.0 0.0
1709 -1.08416783814e-05 0.0 0.0
1710 -1.08416783814e-05 0.0 0.0
1711 -1.08416783814e-05 0.0 0.0
1712 -1.08416783814e-05 0.0 0.0
1713 -1.08416783814e-05 0.0 0.0
1714 -1.08416783814e-05 0.0 0.0
1715 -1.08416783814e-05 0.0 0.0
1716 -1.08416783814e-05 0.0 0.0
1717 -1.08416783814e-05 0.0 0.0
1718 -1.08416783814e-05 0.0 0.0
1719 -1.08416783814e-05 0.0 0.0
1720 -1.08416783814e-05 0.0 0.0
1721 -1.08416783814e-05 0.0 0.0
1722 -1.08416783814e-05 0.0 0.0
1723 -1.08416783814e-05 0.0 0.0
1724 -1.08416783814e-05 0.0 0.0
1725 -1.08416783814e-05 0.0 0.0
1726 -1.08416783814e-05 0.0 0.0
1727 -1.08416783814e-05 0.0 0.0
1728 -1.08416783814e-05 0.0 0.0
1729 -1.08416783814e-05 0.0 0.0
1730 -1.08416783814e-05 0.0 0.0
1731 -1.08416783814e-05 0.0 0.0
1732 -1.08416783814e-05 0.0 0.0
1733 -1.08416783814e-05 0.0 0.0
1734 -1.08416783814e-05 0.0 0.0
1735 -1.08416783814e-05 0.0 0.0
1736 -1.08416783814e-05 0.0 0.0
1737 -1.08416783814e-05 0.0 0.0
1738 -1.08416783814e-05 0.0 0.0
1739 -1.08416783814e-05 0.0 0.0
1740 -1.08416783814e-05 0.0 0.0
1741 -1.08416783814e-05 0.0 0.0
1742 -1.08416783814e-05 0.0 0.0
1743 -1.08416783814e-05 0.0 0.0
1744 -1.08416783814e-05 0.0 0.0
1745 -1.08416783814e-05 0.0 0.0
1746 -1.08416783814e-05 0.0 0.0
1747 -1.08416783814e-05 0.0 0.0
1748 -1.08416783814e-05 0.0 0.0
1749 -1.08416783814e-05 0.0 0.0
1750 -1.08416783814e-05 0.0 0.0
