0 0.0 0.0 0.0
1 0.0 0.0 0.0
2 -0.0589336906358 0.0 0.0
3 -0.0589336906358 0.0 0.0
4 0.0573877611776 0.0 0.0
5 0.0573877611776 0.0 0.0
6 0.0122557358008 0.0 0.0
7 0.0122557358008 0.0 0.0
8 0.0122557358008 0.0 0.0
9 0.0122557358008 0.0 0.0
10 0.0122557358008 0.0 0.0
11 0.0122557358008 0.0 0.0
12 0.0126355914446 0.0 0.0
13 0.0126355914446 0.0 0.0
14 0.0126355914446 0.0 0.0
15 0.0126355914446 0.0 0.0
16 0.0126355914446 0.0 0.0
17 0.0126355914446 0.0 0.0
18 0.0126355914446 0.0 0.0
19 0.0126355914446 0.0 0.0
20 0.0126355914446 0.0 0.0
21 0.0126355914446 0.0 0.0
22 0.0126355914446 0.0 0.0
23 0.0126355914446 0.0 0.0
24 0.0126355914446 0.0 0.0
25 0.0126355914446 0.0 0.0
26 0.0126355914446 0.0 0.0
27 0.0126355914446 0.0 0.0
28 0.0126355914446 0.0 0.0
29 0.0126355914446 0.0 0.0
30 -0.00013173461672 0.0 0.0
31 -0.00013173461672 0.0 0.0
32 -0.00013173461672 0.0 0.0
33 -0.00013173461672 0.0 0.0
34 -0.00013173461672 0.0 0.0
35 -0.00013173461672 0.0 0.0
36 -0.00013173461672 0.0 0.0
37 -0.00013173461672 0.0 0.0
38 -0.00013173461672 0.0 0.0
39 -0.00013173461672 0.0 0.0
40 -0.00013173461672 0.0 0.0
41 -0.00013173461672 0.0 0.0
42 -0.00013173461672 0.0 0.0
43 -0.00013173461672 0.0 0.0
44 -0.00013173461672 0.0 0.0
45 -0.00013173461672 0.0 0.0
46 0.000197194059383 0.0 0.0
47 0.000197194059383 0.0 0.0
48 0.000197194059383 0.0 0.0
49 0.000197194059383 0.0 0.0
50 0.000197194059383 0.0 0.0
51 0.000197194059383 0.0 0.0
52 0.000197194059383 0.0 0.0
53 0.000197194059383 0.0 0.0
54 0.000197194059383 0.0 0.0
55 0.000197194059383 0.0 0.0
56 0.000197194059383 0.0 0.0
57 0.000197194059383 0.0 0.0
58 0.000197194059383 0.0 0.0
59 0.000197194059383 0.0 0.0
60 0.000197194059383 0.0 0.0
61 0.000197194059383 0.0 0.0
62 0.000197194059383 0.0 0.0
63 0.000197194059383 0.0 0.0
64 0.000197194059383 0.0 0.0
65 0.000197194059383 0.0 0.0
66 0.000197194059383 0.0 0.0
67 0.000197194059383 0.0 0.0
68 0.000197194059383 0.0 0.0
69 0.000197194059383 0.0 0.0
70 0.000197194059383 0.0 0.0
71 0.000197194059383 0.0 0.0
72 0.000197194059383 0.0 0.0
73 0.000197194059383 0.0 0.0
74 0.000197194059383 0.0 0.0
75 0.000197194059383 0.0 0.0
76 -0.000255395539146 0.0 0.0
77 -0.000255395539146 0.0 0.0
78 -0.000255395539146 0.0 0.0
79 -0.000255395539146 0.0 0.0
80 -0.000255395539146 0.0 0.0
81 -0.000255395539146 0.0 0.0
82 -0.000255395539146 0.0 0.0
83 -0.000255395539146 0.0 0.0
84 -0.000255395539146 0.0 0.0
85 -0.000255395539146 0.0 0.0
86 -0.000255395539146 0.0 0.0
87 -0.000255395539146 0.0 0.0
88 -0.000255395539146 0.0 0.0
89 -0.000255395539146 0.0 0.0
90 -0.000255395539146 0.0 0.0
91 -0.000314047822777 0.0 0.0
92 -0.000314047822777 0.0 0.0
93 -0.000314047822777 0.0 0.0
94 -0.000314047822777 0.0 0.0
95 -0.000314047822777 0.0 0.0
96 -0.000314047822777 0.0 0.0
97 -0.000314047822777 0.0 0.0
98 -0.000314047822777 0.0 0.0
99 -0.000314047822777 0.0 0.0
100 -0.000314047822777 0.0 0.0
101 -0.000314047822777 0.0 0.0
102 -0.000314047822777 0.0 0.0
103 -0.000314047822777 0.0 0.0
104 -0.000314047822777 0.0 0.0
105 -0.000314047822777 0.0 0.0
106 -0.000314047822777 0.0 0.0
107 -0.000314047822777 0.0 0.0
108 -0.000314047822777 0.0 0.0
109 -0.000314047822777 0.0 0.0
110 -0.000314047822777 0.0 0.0
111 -0.000314047822777 0.0 0.0
112 -0.000314047822777 0.0 0.0
113 -0.000314047822777 0.0 0.0
114 -0.000314047822777 0.0 0.0
115 -0.000314047822777 0.0 0.0
116 -0.000314047822777 0.0 0.0
117 -0.000314047822777 0.0 0.0
118 -0.000314047822777 0.0 0.0
119 -0.000314047822777 0.0 0.0
120 -0.000314047822777 0.0 0.0
121 0.0002043010971 0.0 0.0
122 0.0002043010971 0.0 0.0
123 0.0002043010971 0.0 0.0
124 0.0002043010971 0.0 0.0
125 0.0002043010971 0.0 0.0
126 0.0002043010971 0.0 0.0
127 0.0002043010971 0.0 0.0
128 0.0002043010971 0.0 0.0
129 0.0002043010971 0.0 0.0
130 0.0002043010971 0.0 0.0
131 0.0002043010971 0.0 0.0
132 0.0002043010971 0.0 0.0
133 0.0002043010971 0.0 0.0
134 0.0002043010971 0.0 0.0
135 0.0002043010971 0.0 0.0
136 -0.000282591163042 0.0 0.0
137 -0.000282591163042 0.0 0.0
138 -0.000282591163042 0.0 0.0
139 -0.000282591163042 0.0 0.0
140 -0.000282591163042 0.0 0.0
141 -0.000282591163042 0.0 0.0
142 -0.000282591163042 0.0 0.0
143 -0.000282591163042 0.0 0.0
144 -0.000282591163042 0.0 0.0
145 -0.000282591163042 0.0 0.0
146 -0.000282591163042 0.0 0.0
147 -0.000282591163042 0.0 0.0
148 -0.000282591163042 0.0 0.0
149 -0.000282591163042 0.0 0.0
150 -0.000282591163042 0.0 0.0
151 -0.000282591163042 0.0 0.0
152 -0.000282591163042 0.0 0.0
153 -0.000282591163042 0.0 0.0
154 -0.000282591163042 0.0 0.0
155 -0.000282591163042 0.0 0.0
156 -0.000282591163042 0.0 0.0
157 -0.000282591163042 0.0 0.0
158 -0.000282591163042 0.0 0.0
159 -0.000282591163042 0.0 0.0
160 -0.000282591163042 0.0 0.0
161 -0.000348901291571 0.0 0.0
162 -0.000348901291571 0.0 0.0
163 -0.000348901291571 0.0 0.0
164 -0.000348901291571 0.0 0.0
165 -0.000348901291571 0.0 0.0
166 -0.000348901291571 0.0 0.0
167 -0.000348901291571 0.0 0.0
168 -0.000348901291571 0.0 0.0
169 -0.000348901291571 0.0 0.0
170 -0.000348901291571 0.0 0.0
171 -0.000348901291571 0.0 0.0
172 -0.000348901291571 0.0 0.0
173 -0.000348901291571 0.0 0.0
174 -0.000348901291571 0.0 0.0
175 -0.000348901291571 0.0 0.0
176 -0.000348901291571 0.0 0.0
177 -0.000348901291571 0.0 0.0
178 -0.000348901291571 0.0 0.0
179 -0.000348901291571 0.0 0.0
180 -0.000348901291571 0.0 0.0
181 -0.000348901291571 0.0 0.0
182 -0.000348901291571 0.0 0.0
183 -0.000348901291571 0.0 0.0
184 -0.000348901291571 0.0 0.0
185 -0.000348901291571 0.0 0.0
186 -0.000348901291571 0.0 0.0
187 -0.000348901291571 0.0 0.0
188 -0.000348901291571 0.0 0.0
189 -0.000348901291571 0.0 0.0
190 -0.000348901291571 0.0 0.0
191 -0.000348901291571 0.0 0.0
192 -0.000348901291571 0.0 0.0
193 -0.000348901291571 0.0 0.0
194 -0.000348901291571 0.0 0.0
195 -0.000348901291571 0.0 0.0
196 -0.000348901291571 0.0 0.0
197 -0.000348901291571 0.0 0.0
198 -0.000348901291571 0.0 0.0
199 -0.000348901291571 0.0 0.0
200 -0.000348901291571 0.0 0.0
201 -0.000228418432172 0.0 0.0
202 -0.000228418432172 0.0 0.0
203 -0.000228418432172 0.0 0.0
204 -0.000228418432172 0.0 0.0
205 -0.000228418432172 0.0 0.0
206 -0.000228418432172 0.0 0.0
207 -0.000228418432172 0.0 0.0
208 -0.000228418432172 0.0 0.0
209 -0.000228418432172 0.0 0.0
210 -0.000228418432172 0.0 0.0
211 -0.000228418432172 0.0 0.0
212 -0.000228418432172 0.0 0.0
213 -0.000228418432172 0.0 0.0
214 -0.000228418432172 0.0 0.0
215 -0.000228418432172 0.0 0.0
216 -0.000228418432172 0.0 0.0
217 -0.000228418432172 0.0 0.0
218 -0.000228418432172 0.0 0.0
219 -0.000228418432172 0.0 0.0
220 -0.000228418432172 0.0 0.0
221 -0.000228418432172 0.0 0.0
222 -0.000228418432172 0.0 0.0
223 -0.000228418432172 0.0 0.0
224 -0.000228418432172 0.0 0.0
225 -0.000228418432172 0.0 0.0
226 -0.000228418432172 0.0 0.0
227 -0.000228418432172 0.0 0.0
228 -0.000228418432172 0.0 0.0
229 -0.000228418432172 0.0 0.0
230 -0.000228418432172 0.0 0.0
231 -0.000228418432172 0.0 0.0
232 -0.000228418432172 0.0 0.0
233 -0.000228418432172 0.0 0.0
234 -0.000228418432172 0.0 0.0
235 -0.000228418432172 0.0 0.0
236 -0.000228418432172 0.0 0.0
237 -0.000228418432172 0.0 0.0
238 -0.000228418432172 0.0 0.0
239 -0.000228418432172 0.0 0.0
240 -0.000228418432172 0.0 0.0
241 -0.000228418432172 0.0 0.0
242 -0.000228418432172 0.0 0.0
243 -0.000228418432172 0.0 0.0
244 -0.000228418432172 0.0 0.0
245 -0.000228418432172 0.0 0.0
246 -0.000228418432172 0.0 0.0
247 -0.000228418432172 0.0 0.0
248 -0.000228418432172 0.0 0.0
249 -0.000228418432172 0.0 0.0
250 -0.000228418432172 0.0 0.0
251 -0.000228418432172 0.0 0.0
252 -0.000228418432172 0.0 0.0
253 -0.000228418432172 0.0 0.0
254 -0.000228418432172 0.0 0.0
255 -0.000228418432172 0.0 0.0
256 -0.000228418432172 0.0 0.0
257 -0.000228418432172 0.0 0.0
258 -0.000228418432172 0.0 0.0
259 -0.000228418432172 0.0 0.0
260 -0.000228418432172 0.0 0.0
261 -0.000228418432172 0.0 0.0
262 -0.000228418432172 0.0 0.0
263 -0.000228418432172 0.0 0.0
264 -0.000228418432172 0.0 0.0
265 -0.000228418432172 0.0 0.0
266 -0.000228418432172 0.0 0.0
267 -0.000228418432172 0.0 0.0
268 -0.000228418432172 0.0 0.0
269 -0.000228418432172 0.0 0.0
270 -0.000228418432172 0.0 0.0
271 -4.34382645779e-05 0.0 0.0
272 -4.34382645779e-05 0.0 0.0
273 -4.34382645779e-05 0.0 0.0
274 -4.34382645779e-05 0.0 0.0
275 -4.34382645779e-05 0.0 0.0
276 -4.34382645779e-05 0.0 0.0
277 -4.34382645779e-05 0.0 0.0
278 -4.34382645779e-05 0.0 0.0
279 -4.34382645779e-05 0.0 0.0
280 -4.34382645779e-05 0.0 0.0
281 -4.34382645779e-05 0.0 0.0
282 -4.34382645779e-05 0.0 0.0
283 -4.34382645779e-05 0.0 0.0
284 -4.34382645779e-05 0.0 0.0
285 -4.34382645779e-05 0.0 0.0
286 -4.34382645779e-05 0.0 0.0
287 -4.34382645779e-05 0.0 0.0
288 -4.34382645779e-05 0.0 0.0
289 -4.34382645779e-05 0.0 0.0
290 -4.34382645779e-05 0.0 0.0
291 -4.34382645779e-05 0.0 0.0
292 -4.34382645779e-05 0.0 0.0
293 -4.34382645779e-05 0.0 0.0
294 -4.34382645779e-05 0.0 0.0
295 -4.34382645779e-05 0.0 0.0
296 -4.34382645779e-05 0.0 0.0
297 -4.34382645779e-05 0.0 0.0
298 -4.34382645779e-05 0.0 0.0
299 -4.34382645779e-05 0.0 0.0
300 -4.34382645779e-05 0.0 0.0
301 -4.34382645779e-05 0.0 0.0
302 -4.34382645779e-05 0.0 0.0
303 -4.34382645779e-05 0.0 0.0
304 -4.34382645779e-05 0.0 0.0
305 -4.34382645779e-05 0.0 0.0
306 -4.34382645779e-05 0.0 0.0
307 -4.34382645779e-05 0.0 0.0
308 -4.34382645779e-05 0.0 0.0
309 -4.34382645779e-05 0.0 0.0
310 -4.34382645779e-05 0.0 0.0
311 -4.34382645779e-05 0.0 0.0
312 -4.34382645779e-05 0.0 0.0
313 -4.34382645779e-05 0.0 0.0
314 -4.34382645779e-05 0.0 0.0
315 -4.34382645779e-05 0.0 0.0
316 -4.34382645779e-05 0.0 0.0
317 -4.34382645779e-05 0.0 0.0
318 -4.34382645779e-05 0.0 0.0
319 -4.34382645779e-05 0.0 0.0
320 -4.34382645779e-05 0.0 0.0
321 -4.34382645779e-05 0.0 0.0
322 -4.34382645779e-05 0.0 0.0
323 -4.34382645779e-05 0.0 0.0
324 -4.34382645779e-05 0.0 0.0
325 -4.34382645779e-05 0.0 0.0
326 0.000503739493469 0.0 0.0
327 0.000503739493469 0.0 0.0
328 0.000503739493469 0.0 0.0
329 0.000503739493469 0.0 0.0
330 0.000503739493469 0.0 0.0
331 0.000503739493469 0.0 0.0
332 0.000503739493469 0.0 0.0
333 0.000503739493469 0.0 0.0
334 0.000503739493469 0.0 0.0
335 0.000503739493469 0.0 0.0
336 0.000503739493469 0.0 0.0
337 0.000503739493469 0.0 0.0
338 0.000503739493469 0.0 0.0
339 0.000503739493469 0.0 0.0
340 0.000503739493469 0.0 0.0
341 0.000503739493469 0.0 0.0
342 0.000503739493469 0.0 0.0
343 0.000503739493469 0.0 0.0
344 0.000503739493469 0.0 0.0
345 0.000503739493469 0.0 0.0
346 0.000503739493469 0.0 0.0
347 0.000503739493469 0.0 0.0
348 0.000503739493469 0.0 0.0
349 0.000503739493469 0.0 0.0
350 0.000503739493469 0.0 0.0
351 0.000503739493469 0.0 0.0
352 0.000503739493469 0.0 0.0
353 0.000503739493469 0.0 0.0
354 0.000503739493469 0.0 0.0
355 0.000503739493469 0.0 0.0
356 0.000503739493469 0.0 0.0
357 0.000503739493469 0.0 0.0
358 0.000503739493469 0.0 0.0
359 0.000503739493469 0.0 0.0
360 0.000503739493469 0.0 0.0
361 0.000503739493469 0.0 0.0
362 0.000503739493469 0.0 0.0
363 0.000503739493469 0.0 0.0
364 0.000503739493469 0.0 0.0
365 0.000503739493469 0.0 0.0
366 0.000503739493469 0.0 0.0
367 0.000503739493469 0.0 0.0
368 0.000503739493469 0.0 0.0
369 0.000503739493469 0.0 0.0
370 0.000503739493469 0.0 0.0
371 0.000503739493469 0.0 0.0
372 0.000503739493469 0.0 0.0
373 0.000503739493469 0.0 0.0
374 0.000503739493469 0.0 0.0
375 0.000503739493469 0.0 0.0
376 0.000358290807174 0.0 0.0
377 0.000358290807174 0.0 0.0
378 0.000358290807174 0.0 0.0
379 0.000358290807174 0.0 0.0
380 0.000358290807174 0.0 0.0
381 0.000358290807174 0.0 0.0
382 0.000358290807174 0.0 0.0
383 0.000358290807174 0.0 0.0
384 0.000358290807174 0.0 0.0
385 0.000358290807174 0.0 0.0
386 0.000358290807174 0.0 0.0
387 0.000358290807174 0.0 0.0
388 0.000358290807174 0.0 0.0
389 0.000358290807174 0.0 0.0
390 0.000358290807174 0.0 0.0
391 0.000358290807174 0.0 0.0
392 0.000358290807174 0.0 0.0
393 0.000358290807174 0.0 0.0
394 0.000358290807174 0.0 0.0
395 0.000358290807174 0.0 0.0
396 0.000358290807174 0.0 0.0
397 0.000358290807174 0.0 0.0
398 0.000358290807174 0.0 0.0
399 0.000358290807174 0.0 0.0
400 0.000358290807174 0.0 0.0
401 0.000358290807174 0.0 0.0
402 0.000358290807174 0.0 0.0
403 0.000358290807174 0.0 0.0
404 0.000358290807174 0.0 0.0
405 0.000358290807174 0.0 0.0
406 0.000358290807174 0.0 0.0
407 0.000358290807174 0.0 0.0
408 0.000358290807174 0.0 0.0
409 0.000358290807174 0.0 0.0
410 0.000358290807174 0.0 0.0
411 0.000358290807174 0.0 0.0
412 0.000358290807174 0.0 0.0
413 0.000358290807174 0.0 0.0
414 0.000358290807174 0.0 0.0
415 0.000358290807174 0.0 0.0
416 0.000358290807174 0.0 0.0
417 0.000358290807174 0.0 0.0
418 0.000358290807174 0.0 0.0
419 0.000358290807174 0.0 0.0
420 0.000358290807174 0.0 0.0
421 0.000358290807174 0.0 0.0
422 0.000358290807174 0.0 0.0
423 0.000358290807174 0.0 0.0
424 0.000358290807174 0.0 0.0
425 0.000358290807174 0.0 0.0
426 -0.000251480807658 0.0 0.0
427 -0.000251480807658 0.0 0.0
428 -0.000251480807658 0.0 0.0
429 -0.000251480807658 0.0 0.0
430 -0.000251480807658 0.0 0.0
431 -0.000251480807658 0.0 0.0
432 -0.000251480807658 0.0 0.0
433 -0.000251480807658 0.0 0.0
434 -0.000251480807658 0.0 0.0
435 -0.000251480807658 0.0 0.0
436 -0.000251480807658 0.0 0.0
437 -0.000251480807658 0.0 0.0
438 -0.000251480807658 0.0 0.0
439 -0.000251480807658 0.0 0.0
440 -0.000251480807658 0.0 0.0
441 -0.000251480807658 0.0 0.0
442 -0.000251480807658 0.0 0.0
443 -0.000251480807658 0.0 0.0
444 -0.000251480807658 0.0 0.0
445 -0.000251480807658 0.0 0.0
446 -0.000251480807658 0.0 0.0
447 -0.000251480807658 0.0 0.0
448 -0.000251480807658 0.0 0.0
449 -0.000251480807658 0.0 0.0
450 -0.000251480807658 0.0 0.0
451 -0.000251480807658 0.0 0.0
452 -0.000251480807658 0.0 0.0
453 -0.000251480807658 0.0 0.0
454 -0.000251480807658 0.0 0.0
455 -0.000251480807658 0.0 0.0
456 -0.000251480807658 0.0 0.0
457 -0.000251480807658 0.0 0.0
458 -0.000251480807658 0.0 0.0
459 -0.000251480807658 0.0 0.0
460 -0.000251480807658 0.0 0.0
461 -0.000251480807658 0.0 0.0
462 -0.000251480807658 0.0 0.0
463 -0.000251480807658 0.0 0.0
464 -0.000251480807658 0.0 0.0
465 -0.000251480807658 0.0 0.0
466 -0.000251480807658 0.0 0.0
467 -0.000251480807658 0.0 0.0
468 -0.000251480807658 0.0 0.0
469 -0.000251480807658 0.0 0.0
470 -0.000251480807658 0.0 0.0
471 -0.000251480807658 0.0 0.0
472 -0.000251480807658 0.0 0.0
473 -0.000251480807658 0.0 0.0
474 -0.000251480807658 0.0 0.0
475 -0.000251480807658 0.0 0.0
476 0.0014153750739 0.0 0.0
477 0.0014153750739 0.0 0.0
478 0.0014153750739 0.0 0.0
479 0.0014153750739 0.0 0.0
480 0.0014153750739 0.0 0.0
481 0.0014153750739 0.0 0.0
482 0.0014153750739 0.0 0.0
483 0.0014153750739 0.0 0.0
484 0.0014153750739 0.0 0.0
485 0.0014153750739 0.0 0.0
486 0.0014153750739 0.0 0.0
487 0.0014153750739 0.0 0.0
488 0.0014153750739 0.0 0.0
489 0.0014153750739 0.0 0.0
490 0.0014153750739 0.0 0.0
491 0.0014153750739 0.0 0.0
492 0.0014153750739 0.0 0.0
493 0.0014153750739 0.0 0.0
494 0.0014153750739 0.0 0.0
495 0.0014153750739 0.0 0.0
496 0.0014153750739 0.0 0.0
497 0.0014153750739 0.0 0.0
498 0.0014153750739 0.0 0.0
499 0.0014153750739 0.0 0.0
500 0.0014153750739 0.0 0.0
501 0.0014153750739 0.0 0.0
502 0.0014153750739 0.0 0.0
503 0.0014153750739 0.0 0.0
504 0.0014153750739 0.0 0.0
505 0.0014153750739 0.0 0.0
506 0.0014153750739 0.0 0.0
507 0.0014153750739 0.0 0.0
508 0.0014153750739 0.0 0.0
509 0.0014153750739 0.0 0.0
510 0.0014153750739 0.0 0.0
511 0.0014153750739 0.0 0.0
512 0.0014153750739 0.0 0.0
513 0.0014153750739 0.0 0.0
514 0.0014153750739 0.0 0.0
515 0.0014153750739 0.0 0.0
516 0.0014153750739 0.0 0.0
517 0.0014153750739 0.0 0.0
518 0.0014153750739 0.0 0.0
519 0.0014153750739 0.0 0.0
520 0.0014153750739 0.0 0.0
521 0.0014153750739 0.0 0.0
522 0.0014153750739 0.0 0.0
523 0.0014153750739 0.0 0.0
524 0.0014153750739 0.0 0.0
525 0.0014153750739 0.0 0.0
526 -0.000553388580452 0.0 0.0
527 -0.000553388580452 0.0 0.0
528 -0.000553388580452 0.0 0.0
529 -0.000553388580452 0.0 0.0
530 -0.000553388580452 0.0 0.0
531 -0.000553388580452 0.0 0.0
532 -0.000553388580452 0.0 0.0
533 -0.000553388580452 0.0 0.0
534 -0.000553388580452 0.0 0.0
535 -0.000553388580452 0.0 0.0
536 -0.000553388580452 0.0 0.0
537 -0.000553388580452 0.0 0.0
538 -0.000553388580452 0.0 0.0
539 -0.000553388580452 0.0 0.0
540 -0.000553388580452 0.0 0.0
541 -0.000553388580452 0.0 0.0
542 -0.000553388580452 0.0 0.0
543 -0.000553388580452 0.0 0.0
544 -0.000553388580452 0.0 0.0
545 -0.000553388580452 0.0 0.0
546 -0.000553388580452 0.0 0.0
547 -0.000553388580452 0.0 0.0
548 -0.000553388580452 0.0 0.0
549 -0.000553388580452 0.0 0.0
550 -0.000553388580452 0.0 0.0
551 -0.000553388580452 0.0 0.0
552 -0.000553388580452 0.0 0.0
553 -0.000553388580452 0.0 0.0
554 -0.000553388580452 0.0 0.0
555 -0.000553388580452 0.0 0.0
556 -0.000553388580452 0.0 0.0
557 -0.000553388580452 0.0 0.0
558 -0.000553388580452 0.0 0.0
559 -0.000553388580452 0.0 0.0
560 -0.000553388580452 0.0 0.0
561 -0.000553388580452 0.0 0.0
562 -0.000553388580452 0.0 0.0
563 -0.000553388580452 0.0 0.0
564 -0.000553388580452 0.0 0.0
565 -0.000553388580452 0.0 0.0
566 -0.000553388580452 0.0 0.0
567 -0.000553388580452 0.0 0.0
568 -0.000553388580452 0.0 0.0
569 -0.000553388580452 0.0 0.0
570 -0.000553388580452 0.0 0.0
571 -0.000553388580452 0.0 0.0
572 -0.000553388580452 0.0 0.0
573 -0.000553388580452 0.0 0.0
574 -0.000553388580452 0.0 0.0
575 -0.000553388580452 0.0 0.0
576 0.00117769165033 0.0 0.0
577 0.00117769165033 0.0 0.0
578 0.00117769165033 0.0 0.0
579 0.00117769165033 0.0 0.0
580 0.00117769165033 0.0 0.0
581 0.00117769165033 0.0 0.0
582 0.00117769165033 0.0 0.0
583 0.00117769165033 0.0 0.0
584 0.00117769165033 0.0 0.0
585 0.00117769165033 0.0 0.0
586 0.00117769165033 0.0 0.0
587 0.00117769165033 0.0 0.0
588 0.00117769165033 0.0 0.0
589 0.00117769165033 0.0 0.0
590 0.00117769165033 0.0 0.0
591 0.00117769165033 0.0 0.0
592 0.00117769165033 0.0 0.0
593 0.00117769165033 0.0 0.0
594 0.00117769165033 0.0 0.0
595 0.00117769165033 0.0 0.0
596 0.00117769165033 0.0 0.0
597 0.00117769165033 0.0 0.0
598 0.00117769165033 0.0 0.0
599 0.00117769165033 0.0 0.0
600 0.00117769165033 0.0 0.0
601 0.00117769165033 0.0 0.0
602 0.00117769165033 0.0 0.0
603 0.00117769165033 0.0 0.0
604 0.00117769165033 0.0 0.0
605 0.00117769165033 0.0 0.0
606 0.00117769165033 0.0 0.0
607 0.00117769165033 0.0 0.0
608 0.00117769165033 0.0 0.0
609 0.00117769165033 0.0 0.0
610 0.00117769165033 0.0 0.0
611 0.00117769165033 0.0 0.0
612 0.00117769165033 0.0 0.0
613 0.00117769165033 0.0 0.0
614 0.00117769165033 0.0 0.0
615 0.00117769165033 0.0 0.0
616 0.00117769165033 0.0 0.0
617 0.00117769165033 0.0 0.0
618 0.00117769165033 0.0 0.0
619 0.00117769165033 0.0 0.0
620 0.00117769165033 0.0 0.0
621 0.00117769165033 0.0 0.0
622 0.00117769165033 0.0 0.0
623 0.00117769165033 0.0 0.0
624 0.00117769165033 0.0 0.0
625 0.00117769165033 0.0 0.0
626 0.000175037363087 0.0 0.0
627 0.000175037363087 0.0 0.0
628 0.000175037363087 0.0 0.0
629 0.000175037363087 0.0 0.0
630 0.000175037363087 0.0 0.0
631 0.000175037363087 0.0 0.0
632 0.000175037363087 0.0 0.0
633 0.000175037363087 0.0 0.0
634 0.000175037363087 0.0 0.0
635 0.000175037363087 0.0 0.0
636 0.000175037363087 0.0 0.0
637 0.000175037363087 0.0 0.0
638 0.000175037363087 0.0 0.0
639 0.000175037363087 0.0 0.0
640 0.000175037363087 0.0 0.0
641 0.000175037363087 0.0 0.0
642 0.000175037363087 0.0 0.0
643 0.000175037363087 0.0 0.0
644 0.000175037363087 0.0 0.0
645 0.000175037363087 0.0 0.0
646 0.000175037363087 0.0 0.0
647 0.000175037363087 0.0 0.0
648 0.000175037363087 0.0 0.0
649 0.000175037363087 0.0 0.0
650 0.000175037363087 0.0 0.0
651 0.000175037363087 0.0 0.0
652 0.000175037363087 0.0 0.0
653 0.000175037363087 0.0 0.0
654 0.000175037363087 0.0 0.0
655 0.000175037363087 0.0 0.0
656 0.000175037363087 0.0 0.0
657 0.000175037363087 0.0 0.0
658 0.000175037363087 0.0 0.0
659 0.000175037363087 0.0 0.0
660 0.000175037363087 0.0 0.0
661 0.000175037363087 0.0 0.0
662 0.000175037363087 0.0 0.0
663 0.000175037363087 0.0 0.0
664 0.000175037363087 0.0 0.0
665 0.000175037363087 0.0 0.0
666 0.000175037363087 0.0 0.0
667 0.000175037363087 0.0 0.0
668 0.000175037363087 0.0 0.0
669 0.000175037363087 0.0 0.0
670 0.000175037363087 0.0 0.0
671 0.000175037363087 0.0 0.0
672 0.000175037363087 0.0 0.0
673 0.000175037363087 0.0 0.0
674 0.000175037363087 0.0 0.0
675 0.000175037363087 0.0 0.0
676 0.000521227646102 0.0 0.0
677 0.000521227646102 0.0 0.0
678 0.000521227646102 0.0 0.0
679 0.000521227646102 0.0 0.0
680 0.000521227646102 0.0 0.0
681 0.000521227646102 0.0 0.0
682 0.000521227646102 0.0 0.0
683 0.000521227646102 0.0 0.0
684 0.000521227646102 0.0 0.0
685 0.000521227646102 0.0 0.0
686 0.000521227646102 0.0 0.0
687 0.000521227646102 0.0 0.0
688 0.000521227646102 0.0 0.0
689 0.000521227646102 0.0 0.0
690 0.000521227646102 0.0 0.0
691 0.000521227646102 0.0 0.0
692 0.000521227646102 0.0 0.0
693 0.000521227646102 0.0 0.0
694 0.000521227646102 0.0 0.0
695 0.000521227646102 0.0 0.0
696 0.000521227646102 0.0 0.0
697 0.000521227646102 0.0 0.0
698 0.000521227646102 0.0 0.0
699 0.000521227646102 0.0 0.0
700 0.000521227646102 0.0 0.0
701 0.000521227646102 0.0 0.0
702 0.000521227646102 0.0 0.0
703 0.000521227646102 0.0 0.0
704 0.000521227646102 0.0 0.0
705 0.000521227646102 0.0 0.0
706 0.000521227646102 0.0 0.0
707 0.000521227646102 0.0 0.0
708 0.000521227646102 0.0 0.0
709 0.000521227646102 0.0 0.0
710 0.000521227646102 0.0 0.0
711 0.000521227646102 0.0 0.0
712 0.000521227646102 0.0 0.0
713 0.000521227646102 0.0 0.0
714 0.000521227646102 0.0 0.0
715 0.000521227646102 0.0 0.0
716 0.000521227646102 0.0 0.0
717 0.000521227646102 0.0 0.0
718 0.000521227646102 0.0 0.0
719 0.000521227646102 0.0 0.0
720 0.000521227646102 0.0 0.0
721 0.000521227646102 0.0 0.0
722 0.000521227646102 0.0 0.0
723 0.000521227646102 0.0 0.0
724 0.000521227646102 0.0 0.0
725 0.000521227646102 0.0 0.0
726 -0.00101778360237 0.0 0.0
727 -0.00101778360237 0.0 0.0
728 -0.00101778360237 0.0 0.0
729 -0.00101778360237 0.0 0.0
730 -0.00101778360237 0.0 0.0
731 -0.00101778360237 0.0 0.0
732 -0.00101778360237 0.0 0.0
733 -0.00101778360237 0.0 0.0
734 -0.00101778360237 0.0 0.0
735 -0.00101778360237 0.0 0.0
736 -0.00101778360237 0.0 0.0
737 -0.00101778360237 0.0 0.0
738 -0.00101778360237 0.0 0.0
739 -0.00101778360237 0.0 0.0
740 -0.00101778360237 0.0 0.0
741 -0.00101778360237 0.0 0.0
742 -0.00101778360237 0.0 0.0
743 -0.00101778360237 0.0 0.0
744 -0.00101778360237 0.0 0.0
745 -0.00101778360237 0.0 0.0
746 -0.00101778360237 0.0 0.0
747 -0.00101778360237 0.0 0.0
748 -0.00101778360237 0.0 0.0
749 -0.00101778360237 0.0 0.0
750 -0.00101778360237 0.0 0.0
751 -0.00101778360237 0.0 0.0
752 -0.00101778360237 0.0 0.0
753 -0.00101778360237 0.0 0.0
754 -0.00101778360237 0.0 0.0
755 -0.00101778360237 0.0 0.0
756 -0.00101778360237 0.0 0.0
757 -0.00101778360237 0.0 0.0
758 -0.00101778360237 0.0 0.0
759 -0.00101778360237 0.0 0.0
760 -0.00101778360237 0.0 0.0
761 -0.00101778360237 0.0 0.0
762 -0.00101778360237 0.0 0.0
763 -0.00101778360237 0.0 0.0
764 -0.00101778360237 0.0 0.0
765 -0.00101778360237 0.0 0.0
766 -0.00101778360237 0.0 0.0
767 -0.00101778360237 0.0 0.0
768 -0.00101778360237 0.0 0.0
769 -0.00101778360237 0.0 0.0
770 -0.00101778360237 0.0 0.0
771 -0.00101778360237 0.0 0.0
772 -0.00101778360237 0.0 0.0
773 -0.00101778360237 0.0 0.0
774 -0.00101778360237 0.0 0.0
775 -0.00101778360237 0.0 0.0
776 -1.83340892284e-05 0.0 0.0
777 -1.83340892284e-05 0.0 0.0
778 -1.83340892284e-05 0.0 0.0
779 -1.83340892284e-05 0.0 0.0
780 -1.83340892284e-05 0.0 0.0
781 -1.83340892284e-05 0.0 0.0
782 -1.83340892284e-05 0.0 0.0
783 -1.83340892284e-05 0.0 0.0
784 -1.83340892284e-05 0.0 0.0
785 -1.83340892284e-05 0.0 0.0
786 -1.83340892284e-05 0.0 0.0
787 -1.83340892284e-05 0.0 0.0
788 -1.83340892284e-05 0.0 0.0
789 -1.83340892284e-05 0.0 0.0
790 -1.83340892284e-05 0.0 0.0
791 -1.83340892284e-05 0.0 0.0
792 -1.83340892284e-05 0.0 0.0
793 -1.83340892284e-05 0.0 0.0
794 -1.83340892284e-05 0.0 0.0
795 -1.83340892284e-05 0.0 0.0
796 -1.83340892284e-05 0.0 0.0
797 -1.83340892284e-05 0.0 0.0
798 -1.83340892284e-05 0.0 0.0
799 -1.83340892284e-05 0.0 0.0
800 -1.83340892284e-05 0.0 0.0
801 -1.83340892284e-05 0.0 0.0
802 -1.83340892284e-05 0.0 0.0
803 -1.83340892284e-05 0.0 0.0
804 -1.83340892284e-05 0.0 0.0
805 -1.83340892284e-05 0.0 0.0
806 -1.83340892284e-05 0.0 0.0
807 -1.83340892284e-05 0.0 0.0
808 -1.83340892284e-05 0.0 0.0
809 -1.83340892284e-05 0.0 0.0
810 -1.83340892284e-05 0.0 0.0
811 -1.83340892284e-05 0.0 0.0
812 -1.83340892284e-05 0.0 0.0
813 -1.83340892284e-05 0.0 0.0
814 -1.83340892284e-05 0.0 0.0
815 -1.83340892284e-05 0.0 0.0
816 -1.83340892284e-05 0.0 0.0
817 -1.83340892284e-05 0.0 0.0
818 -1.83340892284e-05 0.0 0.0
819 -1.83340892284e-05 0.0 0.0
820 -1.83340892284e-05 0.0 0.0
821 -1.83340892284e-05 0.0 0.0
822 -1.83340892284e-05 0.0 0.0
823 -1.83340892284e-05 0.0 0.0
824 -1.83340892284e-05 0.0 0.0
825 -1.83340892284e-05 0.0 0.0
826 -8.25285185251e-05 0.0 0.0
827 -8.25285185251e-05 0.0 0.0
828 -8.25285185251e-05 0.0 0.0
829 -8.25285185251e-05 0.0 0.0
830 -8.25285185251e-05 0.0 0.0
831 -8.25285185251e-05 0.0 0.0
832 -8.25285185251e-05 0.0 0.0
833 -8.25285185251e-05 0.0 0.0
834 -8.25285185251e-05 0.0 0.0
835 -8.25285185251e-05 0.0 0.0
836 -8.25285185251e-05 0.0 0.0
837 -8.25285185251e-05 0.0 0.0
838 -8.25285185251e-05 0.0 0.0
839 -8.25285185251e-05 0.0 0.0
840 -8.25285185251e-05 0.0 0.0
841 -8.25285185251e-05 0.0 0.0
842 -8.25285185251e-05 0.0 0.0
843 -8.25285185251e-05 0.0 0.0
844 -8.25285185251e-05 0.0 0.0
845 -8.25285185251e-05 0.0 0.0
846 -8.25285185251e-05 0.0 0.0
847 -8.25285185251e-05 0.0 0.0
848 -8.25285185251e-05 0.0 0.0
849 -8.25285185251e-05 0.0 0.0
850 -8.25285185251e-05 0.0 0.0
851 -8.25285185251e-05 0.0 0.0
852 -8.25285185251e-05 0.0 0.0
853 -8.25285185251e-05 0.0 0.0
854 -8.25285185251e-05 0.0 0.0
855 -8.25285185251e-05 0.0 0.0
856 -8.25285185251e-05 0.0 0.0
857 -8.25285185251e-05 0.0 0.0
858 -8.25285185251e-05 0.0 0.0
859 -8.25285185251e-05 0.0 0.0
860 -8.25285185251e-05 0.0 0.0
861 -8.25285185251e-05 0.0 0.0
862 -8.25285185251e-05 0.0 0.0
863 -8.25285185251e-05 0.0 0.0
864 -8.25285185251e-05 0.0 0.0
865 -8.25285185251e-05 0.0 0.0
866 -8.25285185251e-05 0.0 0.0
867 -8.25285185251e-05 0.0 0.0
868 -8.25285185251e-05 0.0 0.0
869 -8.25285185251e-05 0.0 0.0
870 -8.25285185251e-05 0.0 0.0
871 -8.25285185251e-05 0.0 0.0
872 -8.25285185251e-05 0.0 0.0
873 -8.25285185251e-05 0.0 0.0
874 -8.25285185251e-05 0.0 0.0
875 -8.25285185251e-05 0.0 0.0
876 -8.25285185251e-05 0.0 0.0
877 -8.25285185251e-05 0.0 0.0
878 -8.25285185251e-05 0.0 0.0
879 -8.25285185251e-05 0.0 0.0
880 -8.25285185251e-05 0.0 0.0
881 -8.25285185251e-05 0.0 0.0
882 -8.25285185251e-05 0.0 0.0
883 -8.25285185251e-05 0.0 0.0
884 -8.25285185251e-05 0.0 0.0
885 -8.25285185251e-05 0.0 0.0
886 -8.25285185251e-05 0.0 0.0
887 -8.25285185251e-05 0.0 0.0
888 -8.25285185251e-05 0.0 0.0
889 -8.25285185251e-05 0.0 0.0
890 -8.25285185251e-05 0.0 0.0
891 -8.25285185251e-05 0.0 0.0
892 -8.25285185251e-05 0.0 0.0
893 -8.25285185251e-05 0.0 0.0
894 -8.25285185251e-05 0.0 0.0
895 -8.25285185251e-05 0.0 0.0
896 -8.25285185251e-05 0.0 0.0
897 -8.25285185251e-05 0.0 0.0
898 -8.25285185251e-05 0.0 0.0
899 -8.25285185251e-05 0.0 0.0
900 -8.25285185251e-05 0.0 0.0
901 -8.25285185251e-05 0.0 0.0
902 -8.25285185251e-05 0.0 0.0
903 -8.25285185251e-05 0.0 0.0
904 -8.25285185251e-05 0.0 0.0
905 -8.25285185251e-05 0.0 0.0
906 -8.25285185251e-05 0.0 0.0
907 -8.25285185251e-05 0.0 0.0
908 -8.25285185251e-05 0.0 0.0
909 -8.25285185251e-05 0.0 0.0
910 -8.25285185251e-05 0.0 0.0
911 -8.25285185251e-05 0.0 0.0
912 -8.25285185251e-05 0.0 0.0
913 -8.25285185251e-05 0.0 0.0
914 -8.25285185251e-05 0.0 0.0
915 -8.25285185251e-05 0.0 0.0
916 -8.25285185251e-05 0.0 0.0
917 -8.25285185251e-05 0.0 0.0
918 -8.25285185251e-05 0.0 0.0
919 -8.25285185251e-05 0.0 0.0
920 -8.25285185251e-05 0.0 0.0
921 -8.25285185251e-05 0.0 0.0
922 -8.25285185251e-05 0.0 0.0
923 -8.25285185251e-05 0.0 0.0
924 -8.25285185251e-05 0.0 0.0
925 -8.25285185251e-05 0.0 0.0
926 -8.25285185251e-05 0.0 0.0
927 -8.25285185251e-05 0.0 0.0
928 -8.25285185251e-05 0.0 0.0
929 -8.25285185251e-05 0.0 0.0
930 -8.25285185251e-05 0.0 0.0
931 -8.25285185251e-05 0.0 0.0
932 -8.25285185251e-05 0.0 0.0
933 -8.25285185251e-05 0.0 0.0
934 -8.25285185251e-05 0.0 0.0
935 -8.25285185251e-05 0.0 0.0
936 -8.25285185251e-05 0.0 0.0
937 -8.25285185251e-05 0.0 0.0
938 -8.25285185251e-05 0.0 0.0
939 -8.25285185251e-05 0.0 0.0
940 -8.25285185251e-05 0.0 0.0
941 -8.25285185251e-05 0.0 0.0
942 -8.25285185251e-05 0.0 0.0
943 -8.25285185251e-05 0.0 0.0
944 -8.25285185251e-05 0.0 0.0
945 -8.25285185251e-05 0.0 0.0
946 -8.25285185251e-05 0.0 0.0
947 -8.25285185251e-05 0.0 0.0
948 -8.25285185251e-05 0.0 0.0
949 -8.25285185251e-05 0.0 0.0
950 -8.25285185251e-05 0.0 0.0
951 -8.25285185251e-05 0.0 0.0
952 -8.25285185251e-05 0.0 0.0
953 -8.25285185251e-05 0.0 0.0
954 -8.25285185251e-05 0.0 0.0
955 -8.25285185251e-05 0.0 0.0
956 -8.25285185251e-05 0.0 0.0
957 -8.25285185251e-05 0.0 0.0
958 -8.25285185251e-05 0.0 0.0
959 -8.25285185251e-05 0.0 0.0
960 -8.25285185251e-05 0.0 0.0
961 -8.25285185251e-05 0.0 0.0
962 -8.25285185251e-05 0.0 0.0
963 -8.25285185251e-05 0.0 0.0
964 -8.25285185251e-05 0.0 0.0
965 -8.25285185251e-05 0.0 0.0
966 -8.25285185251e-05 0.0 0.0
967 -8.25285185251e-05 0.0 0.0
968 -8.25285185251e-05 0.0 0.0
969 -8.25285185251e-05 0.0 0.0
970 -8.25285185251e-05 0.0 0.0
971 -8.25285185251e-05 0.0 0.0
972 -8.25285185251e-05 0.0 0.0
973 -8.25285185251e-05 0.0 0.0
974 -8.25285185251e-05 0.0 0.0
975 -8.25285185251e-05 0.0 0.0
976 -8.25285185251e-05 0.0 0.0
977 -8.25285185251e-05 0.0 0.0
978 -8.25285185251e-05 0.0 0.0
979 -8.25285185251e-05 0.0 0.0
980 -8.25285185251e-05 0.0 0.0
981 -8.25285185251e-05 0.0 0.0
982 -8.25285185251e-05 0.0 0.0
983 -8.25285185251e-05 0.0 0.0
984 -8.25285185251e-05 0.0 0.0
985 -8.25285185251e-05 0.0 0.0
986 -8.25285185251e-05 0.0 0.0
987 -8.25285185251e-05 0.0 0.0
988 -8.25285185251e-05 0.0 0.0
989 -8.25285185251e-05 0.0 0.0
990 -8.25285185251e-05 0.0 0.0
991 -8.25285185251e-05 0.0 0.0
992 -8.25285185251e-05 0.0 0.0
993 -8.25285185251e-05 0.0 0.0
994 -8.25285185251e-05 0.0 0.0
995 -8.25285185251e-05 0.0 0.0
996 -8.25285185251e-05 0.0 0.0
997 -8.25285185251e-05 0.0 0.0
998 -8.25285185251e-05 0.0 0.0
999 -8.25285185251e-05 0.0 0.0
1000 -8.25285185251e-05 0.0 0.0
1001 -8.25285185251e-05 0.0 0.0
1002 -8.25285185251e-05 0.0 0.0
1003 -8.25285185251e-05 0.0 0.0
1004 -8.25285185251e-05 0.0 0.0
1005 -8.25285185251e-05 0.0 0.0
1006 -8.25285185251e-05 0.0 0.0
1007 -8.25285185251e-05 0.0 0.0
1008 -8.25285185251e-05 0.0 0.0
1009 -8.25285185251e-05 0.0 0.0
1010 -8.25285185251e-05 0.0 0.0
1011 -8.25285185251e-05 0.0 0.0
1012 -8.25285185251e-05 0.0 0.0
1013 -8.25285185251e-05 0.0 0.0
1014 -8.25285185251e-05 0.0 0.0
1015 -8.25285185251e-05 0.0 0.0
1016 -8.25285185251e-05 0.0 0.0
1017 -8.25285185251e-05 0.0 0.0
1018 -8.25285185251e-05 0.0 0.0
1019 -8.25285185251e-05 0.0 0.0
1020 -8.25285185251e-05 0.0 0.0
1021 -8.25285185251e-05 0.0 0.0
1022 -8.25285185251e-05 0.0 0.0
1023 -8.25285185251e-05 0.0 0.0
1024 -8.25285185251e-05 0.0 0.0
1025 -8.25285185251e-05 0.0 0.0
1026 -8.25285185251e-05 0.0 0.0
1027 -8.25285185251e-05 0.0 0.0
1028 -8.25285185251e-05 0.0 0.0
1029 -8.25285185251e-05 0.0 0.0
1030 -8.25285185251e-05 0.0 0.0
1031 -8.25285185251e-05 0.0 0.0
1032 -8.25285185251e-05 0.0 0.0
1033 -8.25285185251e-05 0.0 0.0
1034 -8.25285185251e-05 0.0 0.0
1035 -8.25285185251e-05 0.0 0.0
1036 -8.25285185251e-05 0.0 0.0
1037 -8.25285185251e-05 0.0 0.0
1038 -8.25285185251e-05 0.0 0.0
1039 -8.25285185251e-05 0.0 0.0
1040 -8.25285185251e-05 0.0 0.0
1041 -8.25285185251e-05 0.0 0.0
1042 -8.25285185251e-05 0.0 0.0
1043 -8.25285185251e-05 0.0 0.0
1044 -8.25285185251e-05 0.0 0.0
1045 -8.25285185251e-05 0.0 0.0
1046 -8.25285185251e-05 0.0 0.0
1047 -8.25285185251e-05 0.0 0.0
1048 -8.25285185251e-05 0.0 0.0
1049 -8.25285185251e-05 0.0 0.0
1050 -8.25285185251e-05 0.0 0.0
1051 0.000343412322379 0.0 0.0
1052 0.000343412322379 0.0 0.0
1053 0.000343412322379 0.0 0.0
1054 0.000343412322379 0.0 0.0
1055 0.000343412322379 0.0 0.0
1056 0.000343412322379 0.0 0.0
1057 0.000343412322379 0.0 0.0
1058 0.000343412322379 0.0 0.0
1059 0.000343412322379 0.0 0.0
1060 0.000343412322379 0.0 0.0
1061 0.000343412322379 0.0 0.0
1062 0.000343412322379 0.0 0.0
1063 0.000343412322379 0.0 0.0
1064 0.000343412322379 0.0 0.0
1065 0.000343412322379 0.0 0.0
1066 0.000343412322379 0.0 0.0
1067 0.000343412322379 0.0 0.0
1068 0.000343412322379 0.0 0.0
1069 0.000343412322379 0.0 0.0
1070 0.000343412322379 0.0 0.0
1071 0.000343412322379 0.0 0.0
1072 0.000343412322379 0.0 0.0
1073 0.000343412322379 0.0 0.0
1074 0.000343412322379 0.0 0.0
1075 0.000343412322379 0.0 0.0
1076 0.000343412322379 0.0 0.0
1077 0.000343412322379 0.0 0.0
1078 0.000343412322379 0.0 0.0
1079 0.000343412322379 0.0 0.0
1080 0.000343412322379 0.0 0.0
1081 0.000343412322379 0.0 0.0
1082 0.000343412322379 0.0 0.0
1083 0.000343412322379 0.0 0.0
1084 0.000343412322379 0.0 0.0
1085 0.000343412322379 0.0 0.0
1086 0.000343412322379 0.0 0.0
1087 0.000343412322379 0.0 0.0
1088 0.000343412322379 0.0 0.0
1089 0.000343412322379 0.0 0.0
1090 0.000343412322379 0.0 0.0
1091 0.000343412322379 0.0 0.0
1092 0.000343412322379 0.0 0.0
1093 0.000343412322379 0.0 0.0
1094 0.000343412322379 0.0 0.0
1095 0.000343412322379 0.0 0.0
1096 0.000343412322379 0.0 0.0
1097 0.000343412322379 0.0 0.0
1098 0.000343412322379 0.0 0.0
1099 0.000343412322379 0.0 0.0
1100 0.000343412322379 0.0 0.0
1101 0.000343412322379 0.0 0.0
1102 0.000343412322379 0.0 0.0
1103 0.000343412322379 0.0 0.0
1104 0.000343412322379 0.0 0.0
1105 0.000343412322379 0.0 0.0
1106 0.000343412322379 0.0 0.0
1107 0.000343412322379 0.0 0.0
1108 0.000343412322379 0.0 0.0
1109 0.000343412322379 0.0 0.0
1110 0.000343412322379 0.0 0.0
1111 0.000343412322379 0.0 0.0
1112 0.000343412322379 0.0 0.0
1113 0.000343412322379 0.0 0.0
1114 0.000343412322379 0.0 0.0
1115 0.000343412322379 0.0 0.0
1116 0.000343412322379 0.0 0.0
1117 0.000343412322379 0.0 0.0
1118 0.000343412322379 0.0 0.0
1119 0.000343412322379 0.0 0.0
1120 0.000343412322379 0.0 0.0
1121 0.000343412322379 0.0 0.0
1122 0.000343412322379 0.0 0.0
1123 0.000343412322379 0.0 0.0
1124 0.000343412322379 0.0 0.0
1125 0.000343412322379 0.0 0.0
1126 0.000343412322379 0.0 0.0
1127 0.000343412322379 0.0 0.0
1128 0.000343412322379 0.0 0.0
1129 0.000343412322379 0.0 0.0
1130 0.000343412322379 0.0 0.0
1131 0.000343412322379 0.0 0.0
1132 0.000343412322379 0.0 0.0
1133 0.000343412322379 0.0 0.0
1134 0.000343412322379 0.0 0.0
1135 0.000343412322379 0.0 0.0
1136 0.000343412322379 0.0 0.0
1137 0.000343412322379 0.0 0.0
1138 0.000343412322379 0.0 0.0
1139 0.000343412322379 0.0 0.0
1140 0.000343412322379 0.0 0.0
1141 0.000343412322379 0.0 0.0
1142 0.000343412322379 0.0 0.0
1143 0.000343412322379 0.0 0.0
1144 0.000343412322379 0.0 0.0
1145 0.000343412322379 0.0 0.0
1146 0.000343412322379 0.0 0.0
1147 0.000343412322379 0.0 0.0
1148 0.000343412322379 0.0 0.0
1149 0.000343412322379 0.0 0.0
1150 0.000343412322379 0.0 0.0
1151 2.5695027871e-05 0.0 0.0
1152 2.5695027871e-05 0.0 0.0
1153 2.5695027871e-05 0.0 0.0
1154 2.5695027871e-05 0.0 0.0
1155 2.5695027871e-05 0.0 0.0
1156 2.5695027871e-05 0.0 0.0
1157 2.5695027871e-05 0.0 0.0
1158 2.5695027871e-05 0.0 0.0
1159 2.5695027871e-05 0.0 0.0
1160 2.5695027871e-05 0.0 0.0
1161 2.5695027871e-05 0.0 0.0
1162 2.5695027871e-05 0.0 0.0
1163 2.5695027871e-05 0.0 0.0
1164 2.5695027871e-05 0.0 0.0
1165 2.5695027871e-05 0.0 0.0
1166 2.5695027871e-05 0.0 0.0
1167 2.5695027871e-05 0.0 0.0
1168 2.5695027871e-05 0.0 0.0
1169 2.5695027871e-05 0.0 0.0
1170 2.5695027871e-05 0.0 0.0
1171 2.5695027871e-05 0.0 0.0
1172 2.5695027871e-05 0.0 0.0
1173 2.5695027871e-05 0.0 0.0
1174 2.5695027871e-05 0.0 0.0
1175 2.5695027871e-05 0.0 0.0
1176 2.5695027871e-05 0.0 0.0
1177 2.5695027871e-05 0.0 0.0
1178 2.5695027871e-05 0.0 0.0
1179 2.5695027871e-05 0.0 0.0
1180 2.5695027871e-05 0.0 0.0
1181 2.5695027871e-05 0.0 0.0
1182 2.5695027871e-05 0.0 0.0
1183 2.5695027871e-05 0.0 0.0
1184 2.5695027871e-05 0.0 0.0
1185 2.5695027871e-05 0.0 0.0
1186 2.5695027871e-05 0.0 0.0
1187 2.5695027871e-05 0.0 0.0
1188 2.5695027871e-05 0.0 0.0
1189 2.5695027871e-05 0.0 0.0
1190 2.5695027871e-05 0.0 0.0
1191 2.5695027871e-05 0.0 0.0
1192 2.5695027871e-05 0.0 0.0
1193 2.5695027871e-05 0.0 0.0
1194 2.5695027871e-05 0.0 0.0
1195 2.5695027871e-05 0.0 0.0
1196 2.5695027871e-05 0.0 0.0
1197 2.5695027871e-05 0.0 0.0
1198 2.5695027871e-05 0.0 0.0
1199 2.5695027871e-05 0.0 0.0
1200 2.5695027871e-05 0.0 0.0
1201 2.5695027871e-05 0.0 0.0
1202 2.5695027871e-05 0.0 0.0
1203 2.5695027871e-05 0.0 0.0
1204 2.5695027871e-05 0.0 0.0
1205 2.5695027871e-05 0.0 0.0
1206 2.5695027871e-05 0.0 0.0
1207 2.5695027871e-05 0.0 0.0
1208 2.5695027871e-05 0.0 0.0
1209 2.5695027871e-05 0.0 0.0
1210 2.5695027871e-05 0.0 0.0
1211 2.5695027871e-05 0.0 0.0
1212 2.5695027871e-05 0.0 0.0
1213 2.5695027871e-05 0.0 0.0
1214 2.5695027871e-05 0.0 0.0
1215 2.5695027871e-05 0.0 0.0
1216 2.5695027871e-05 0.0 0.0
1217 2.5695027871e-05 0.0 0.0
1218 2.5695027871e-05 0.0 0.0
1219 2.5695027871e-05 0.0 0.0
1220 2.5695027871e-05 0.0 0.0
1221 2.5695027871e-05 0.0 0.0
1222 2.5695027871e-05 0.0 0.0
1223 2.5695027871e-05 0.0 0.0
1224 2.5695027871e-05 0.0 0.0
1225 2.5695027871e-05 0.0 0.0
1226 2.5695027871e-05 0.0 0.0
1227 2.5695027871e-05 0.0 0.0
1228 2.5695027871e-05 0.0 0.0
1229 2.5695027871e-05 0.0 0.0
1230 2.5695027871e-05 0.0 0.0
1231 2.5695027871e-05 0.0 0.0
1232 2.5695027871e-05 0.0 0.0
1233 2.5695027871e-05 0.0 0.0
1234 2.5695027871e-05 0.0 0.0
1235 2.5695027871e-05 0.0 0.0
1236 2.5695027871e-05 0.0 0.0
1237 2.5695027871e-05 0.0 0.0
1238 2.5695027871e-05 0.0 0.0
1239 2.5695027871e-05 0.0 0.0
1240 2.5695027871e-05 0.0 0.0
1241 2.5695027871e-05 0.0 0.0
1242 2.5695027871e-05 0.0 0.0
1243 2.5695027871e-05 0.0 0.0
1244 2.5695027871e-05 0.0 0.0
1245 2.5695027871e-05 0.0 0.0
1246 2.5695027871e-05 0.0 0.0
1247 2.5695027871e-05 0.0 0.0
1248 2.5695027871e-05 0.0 0.0
1249 2.5695027871e-05 0.0 0.0
1250 2.5695027871e-05 0.0 0.0
1251 2.5695027871e-05 0.0 0.0
1252 2.5695027871e-05 0.0 0.0
1253 2.5695027871e-05 0.0 0.0
1254 2.5695027871e-05 0.0 0.0
1255 2.5695027871e-05 0.0 0.0
1256 2.5695027871e-05 0.0 0.0
1257 2.5695027871e-05 0.0 0.0
1258 2.5695027871e-05 0.0 0.0
1259 2.5695027871e-05 0.0 0.0
1260 2.5695027871e-05 0.0 0.0
1261 2.5695027871e-05 0.0 0.0
1262 2.5695027871e-05 0.0 0.0
1263 2.5695027871e-05 0.0 0.0
1264 2.5695027871e-05 0.0 0.0
1265 2.5695027871e-05 0.0 0.0
1266 2.5695027871e-05 0.0 0.0
1267 2.5695027871e-05 0.0 0.0
1268 2.5695027871e-05 0.0 0.0
1269 2.5695027871e-05 0.0 0.0
1270 2.5695027871e-05 0.0 0.0
1271 2.5695027871e-05 0.0 0.0
1272 2.5695027871e-05 0.0 0.0
1273 2.5695027871e-05 0.0 0.0
1274 2.5695027871e-05 0.0 0.0
1275 2.5695027871e-05 0.0 0.0
1276 2.5695027871e-05 0.0 0.0
1277 2.5695027871e-05 0.0 0.0
1278 2.5695027871e-05 0.0 0.0
1279 2.5695027871e-05 0.0 0.0
1280 2.5695027871e-05 0.0 0.0
1281 2.5695027871e-05 0.0 0.0
1282 2.5695027871e-05 0.0 0.0
1283 2.5695027871e-05 0.0 0.0
1284 2.5695027871e-05 0.0 0.0
1285 2.5695027871e-05 0.0 0.0
1286 2.5695027871e-05 0.0 0.0
1287 2.5695027871e-05 0.0 0.0
1288 2.5695027871e-05 0.0 0.0
1289 2.5695027871e-05 0.0 0.0
1290 2.5695027871e-05 0.0 0.0
1291 2.5695027871e-05 0.0 0.0
1292 2.5695027871e-05 0.0 0.0
1293 2.5695027871e-05 0.0 0.0
1294 2.5695027871e-05 0.0 0.0
1295 2.5695027871e-05 0.0 0.0
1296 2.5695027871e-05 0.0 0.0
1297 2.5695027871e-05 0.0 0.0
1298 2.5695027871e-05 0.0 0.0
1299 2.5695027871e-05 0.0 0.0
1300 2.5695027871e-05 0.0 0.0
1301 2.5695027871e-05 0.0 0.0
1302 2.5695027871e-05 0.0 0.0
1303 2.5695027871e-05 0.0 0.0
1304 2.5695027871e-05 0.0 0.0
1305 2.5695027871e-05 0.0 0.0
1306 2.5695027871e-05 0.0 0.0
1307 2.5695027871e-05 0.0 0.0
1308 2.5695027871e-05 0.0 0.0
1309 2.5695027871e-05 0.0 0.0
1310 2.5695027871e-05 0.0 0.0
1311 2.5695027871e-05 0.0 0.0
1312 2.5695027871e-05 0.0 0.0
1313 2.5695027871e-05 0.0 0.0
1314 2.5695027871e-05 0.0 0.0
1315 2.5695027871e-05 0.0 0.0
1316 2.5695027871e-05 0.0 0.0
1317 2.5695027871e-05 0.0 0.0
1318 2.5695027871e-05 0.0 0.0
1319 2.5695027871e-05 0.0 0.0
1320 2.5695027871e-05 0.0 0.0
1321 2.5695027871e-05 0.0 0.0
1322 2.5695027871e-05 0.0 0.0
1323 2.5695027871e-05 0.0 0.0
1324 2.5695027871e-05 0.0 0.0
1325 2.5695027871e-05 0.0 0.0
1326 2.5695027871e-05 0.0 0.0
1327 2.5695027871e-05 0.0 0.0
1328 2.5695027871e-05 0.0 0.0
1329 2.5695027871e-05 0.0 0.0
1330 2.5695027871e-05 0.0 0.0
1331 2.5695027871e-05 0.0 0.0
1332 2.5695027871e-05 0.0 0.0
1333 2.5695027871e-05 0.0 0.0
1334 2.5695027871e-05 0.0 0.0
1335 2.5695027871e-05 0.0 0.0
1336 2.5695027871e-05 0.0 0.0
1337 2.5695027871e-05 0.0 0.0
1338 2.5695027871e-05 0.0 0.0
1339 2.5695027871e-05 0.0 0.0
1340 2.5695027871e-05 0.0 0.0
1341 2.5695027871e-05 0.0 0.0
1342 2.5695027871e-05 0.0 0.0
1343 2.5695027871e-05 0.0 0.0
1344 2.5695027871e-05 0.0 0.0
1345 2.5695027871e-05 0.0 0.0
1346 2.5695027871e-05 0.0 0.0
1347 2.5695027871e-05 0.0 0.0
1348 2.5695027871e-05 0.0 0.0
1349 2.5695027871e-05 0.0 0.0
1350 2.5695027871e-05 0.0 0.0
1351 2.5695027871e-05 0.0 0.0
1352 2.5695027871e-05 0.0 0.0
1353 2.5695027871e-05 0.0 0.0
1354 2.5695027871e-05 0.0 0.0
1355 2.5695027871e-05 0.0 0.0
1356 2.5695027871e-05 0.0 0.0
1357 2.5695027871e-05 0.0 0.0
1358 2.5695027871e-05 0.0 0.0
1359 2.5695027871e-05 0.0 0.0
1360 2.5695027871e-05 0.0 0.0
1361 2.5695027871e-05 0.0 0.0
1362 2.5695027871e-05 0.0 0.0
1363 2.5695027871e-05 0.0 0.0
1364 2.5695027871e-05 0.0 0.0
1365 2.5695027871e-05 0.0 0.0
1366 2.5695027871e-05 0.0 0.0
1367 2.5695027871e-05 0.0 0.0
1368 2.5695027871e-05 0.0 0.0
1369 2.5695027871e-05 0.0 0.0
1370 2.5695027871e-05 0.0 0.0
1371 2.5695027871e-05 0.0 0.0
1372 2.5695027871e-05 0.0 0.0
1373 2.5695027871e-05 0.0 0.0
1374 2.5695027871e-05 0.0 0.0
1375 2.5695027871e-05 0.0 0.0
1376 2.5695027871e-05 0.0 0.0
1377 2.5695027871e-05 0.0 0.0
1378 2.5695027871e-05 0.0 0.0
1379 2.5695027871e-05 0.0 0.0
1380 2.5695027871e-05 0.0 0.0
1381 2.5695027871e-05 0.0 0.0
1382 2.5695027871e-05 0.0 0.0
1383 2.5695027871e-05 0.0 0.0
1384 2.5695027871e-05 0.0 0.0
1385 2.5695027871e-05 0.0 0.0
1386 2.5695027871e-05 0.0 0.0
1387 2.5695027871e-05 0.0 0.0
1388 2.5695027871e-05 0.0 0.0
1389 2.5695027871e-05 0.0 0.0
1390 2.5695027871e-05 0.0 0.0
1391 2.5695027871e-05 0.0 0.0
1392 2.5695027871e-05 0.0 0.0
1393 2.5695027871e-05 0.0 0.0
1394 2.5695027871e-05 0.0 0.0
1395 2.5695027871e-05 0.0 0.0
1396 2.5695027871e-05 0.0 0.0
1397 2.5695027871e-05 0.0 0.0
1398 2.5695027871e-05 0.0 0.0
1399 2.5695027871e-05 0.0 0.0
1400 2.5695027871e-05 0.0 0.0
1401 2.5695027871e-05 0.0 0.0
1402 2.5695027871e-05 0.0 0.0
1403 2.5695027871e-05 0.0 0.0
1404 2.5695027871e-05 0.0 0.0
1405 2.5695027871e-05 0.0 0.0
1406 2.5695027871e-05 0.0 0.0
1407 2.5695027871e-05 0.0 0.0
1408 2.5695027871e-05 0.0 0.0
1409 2.5695027871e-05 0.0 0.0
1410 2.5695027871e-05 0.0 0.0
1411 2.5695027871e-05 0.0 0.0
1412 2.5695027871e-05 0.0 0.0
1413 2.5695027871e-05 0.0 0.0
1414 2.5695027871e-05 0.0 0.0
1415 2.5695027871e-05 0.0 0.0
1416 2.5695027871e-05 0.0 0.0
1417 2.5695027871e-05 0.0 0.0
1418 2.5695027871e-05 0.0 0.0
1419 2.5695027871e-05 0.0 0.0
1420 2.5695027871e-05 0.0 0.0
1421 2.5695027871e-05 0.0 0.0
1422 2.5695027871e-05 0.0 0.0
1423 2.5695027871e-05 0.0 0.0
1424 2.5695027871e-05 0.0 0.0
1425 2.5695027871e-05 0.0 0.0
1426 2.5695027871e-05 0.0 0.0
1427 2.5695027871e-05 0.0 0.0
1428 2.5695027871e-05 0.0 0.0
1429 2.5695027871e-05 0.0 0.0
1430 2.5695027871e-05 0.0 0.0
1431 2.5695027871e-05 0.0 0.0
1432 2.5695027871e-05 0.0 0.0
1433 2.5695027871e-05 0.0 0.0
1434 2.5695027871e-05 0.0 0.0
1435 2.5695027871e-05 0.0 0.0
1436 2.5695027871e-05 0.0 0.0
1437 2.5695027871e-05 0.0 0.0
1438 2.5695027871e-05 0.0 0.0
1439 2.5695027871e-05 0.0 0.0
1440 2.5695027871e-05 0.0 0.0
1441 2.5695027871e-05 0.0 0.0
1442 2.5695027871e-05 0.0 0.0
1443 2.5695027871e-05 0.0 0.0
1444 2.5695027871e-05 0.0 0.0
1445 2.5695027871e-05 0.0 0.0
1446 2.5695027871e-05 0.0 0.0
1447 2.5695027871e-05 0.0 0.0
1448 2.5695027871e-05 0.0 0.0
1449 2.5695027871e-05 0.0 0.0
1450 2.5695027871e-05 0.0 0.0
1451 0.000254354065925 0.0 0.0
1452 0.000254354065925 0.0 0.0
1453 0.000254354065925 0.0 0.0
1454 0.000254354065925 0.0 0.0
1455 0.000254354065925 0.0 0.0
1456 0.000254354065925 0.0 0.0
1457 0.000254354065925 0.0 0.0
1458 0.000254354065925 0.0 0.0
1459 0.000254354065925 0.0 0.0
1460 0.000254354065925 0.0 0.0
1461 0.000254354065925 0.0 0.0
1462 0.000254354065925 0.0 0.0
1463 0.000254354065925 0.0 0.0
1464 0.000254354065925 0.0 0.0
1465 0.000254354065925 0.0 0.0
1466 0.000254354065925 0.0 0.0
1467 0.000254354065925 0.0 0.0
1468 0.000254354065925 0.0 0.0
1469 0.000254354065925 0.0 0.0
1470 0.000254354065925 0.0 0.0
1471 0.000254354065925 0.0 0.0
1472 0.000254354065925 0.0 0.0
1473 0.000254354065925 0.0 0.0
1474 0.000254354065925 0.0 0.0
1475 0.000254354065925 0.0 0.0
1476 0.000254354065925 0.0 0.0
1477 0.000254354065925 0.0 0.0
1478 0.000254354065925 0.0 0.0
1479 0.000254354065925 0.0 0.0
1480 0.000254354065925 0.0 0.0
1481 0.000254354065925 0.0 0.0
1482 0.000254354065925 0.0 0.0
1483 0.000254354065925 0.0 0.0
1484 0.000254354065925 0.0 0.0
1485 0.000254354065925 0.0 0.0
1486 0.000254354065925 0.0 0.0
1487 0.000254354065925 0.0 0.0
1488 0.000254354065925 0.0 0.0
1489 0.000254354065925 0.0 0.0
1490 0.000254354065925 0.0 0.0
1491 0.000254354065925 0.0 0.0
1492 0.000254354065925 0.0 0.0
1493 0.000254354065925 0.0 0.0
1494 0.000254354065925 0.0 0.0
1495 0.000254354065925 0.0 0.0
1496 0.000254354065925 0.0 0.0
1497 0.000254354065925 0.0 0.0
1498 0.000254354065925 0.0 0.0
1499 0.000254354065925 0.0 0.0
1500 0.000254354065925 0.0 0.0
1501 0.000254354065925 0.0 0.0
1502 0.000254354065925 0.0 0.0
1503 0.000254354065925 0.0 0.0
1504 0.000254354065925 0.0 0.0
1505 0.000254354065925 0.0 0.0
1506 0.000254354065925 0.0 0.0
1507 0.000254354065925 0.0 0.0
1508 0.000254354065925 0.0 0.0
1509 0.000254354065925 0.0 0.0
1510 0.000254354065925 0.0 0.0
1511 0.000254354065925 0.0 0.0
1512 0.000254354065925 0.0 0.0
1513 0.000254354065925 0.0 0.0
1514 0.000254354065925 0.0 0.0
1515 0.000254354065925 0.0 0.0
1516 0.000254354065925 0.0 0.0
1517 0.000254354065925 0.0 0.0
1518 0.000254354065925 0.0 0.0
1519 0.000254354065925 0.0 0.0
1520 0.000254354065925 0.0 0.0
1521 0.000254354065925 0.0 0.0
1522 0.000254354065925 0.0 0.0
1523 0.000254354065925 0.0 0.0
1524 0.000254354065925 0.0 0.0
1525 0.000254354065925 0.0 0.0
1526 0.000254354065925 0.0 0.0
1527 0.000254354065925 0.0 0.0
1528 0.000254354065925 0.0 0.0
1529 0.000254354065925 0.0 0.0
1530 0.000254354065925 0.0 0.0
1531 0.000254354065925 0.0 0.0
1532 0.000254354065925 0.0 0.0
1533 0.000254354065925 0.0 0.0
1534 0.000254354065925 0.0 0.0
1535 0.000254354065925 0.0 0.0
1536 0.000254354065925 0.0 0.0
1537 0.000254354065925 0.0 0.0
1538 0.000254354065925 0.0 0.0
1539 0.000254354065925 0.0 0.0
1540 0.000254354065925 0.0 0.0
1541 0.000254354065925 0.0 0.0
1542 0.000254354065925 0.0 0.0
1543 0.000254354065925 0.0 0.0
1544 0.000254354065925 0.0 0.0
1545 0.000254354065925 0.0 0.0
1546 0.000254354065925 0.0 0.0
1547 0.000254354065925 0.0 0.0
1548 0.000254354065925 0.0 0.0
1549 0.000254354065925 0.0 0.0
1550 0.000254354065925 0.0 0.0
1551 0.00502512562814 0.0 0.0
1552 0.00502512562814 0.0 0.0
1553 0.00502512562814 0.0 0.0
1554 0.00502512562814 0.0 0.0
1555 0.00502512562814 0.0 0.0
1556 0.00502512562814 0.0 0.0
1557 0.00502512562814 0.0 0.0
1558 0.00502512562814 0.0 0.0
1559 0.00502512562814 0.0 0.0
1560 0.00502512562814 0.0 0.0
1561 0.00502512562814 0.0 0.0
1562 0.00502512562814 0.0 0.0
1563 0.00502512562814 0.0 0.0
1564 0.00502512562814 0.0 0.0
1565 0.00502512562814 0.0 0.0
1566 0.00502512562814 0.0 0.0
1567 0.00502512562814 0.0 0.0
1568 0.00502512562814 0.0 0.0
1569 0.00502512562814 0.0 0.0
1570 0.00502512562814 0.0 0.0
1571 0.00502512562814 0.0 0.0
1572 0.00502512562814 0.0 0.0
1573 0.00502512562814 0.0 0.0
1574 0.00502512562814 0.0 0.0
1575 0.00502512562814 0.0 0.0
1576 0.00502512562814 0.0 0.0
1577 0.00502512562814 0.0 0.0
1578 0.00502512562814 0.0 0.0
1579 0.00502512562814 0.0 0.0
1580 0.00502512562814 0.0 0.0
1581 0.00502512562814 0.0 0.0
1582 0.00502512562814 0.0 0.0
1583 0.00502512562814 0.0 0.0
1584 0.00502512562814 0.0 0.0
1585 0.00502512562814 0.0 0.0
1586 0.00502512562814 0.0 0.0
1587 0.00502512562814 0.0 0.0
1588 0.00502512562814 0.0 0.0
1589 0.00502512562814 0.0 0.0
1590 0.00502512562814 0.0 0.0
1591 0.00502512562814 0.0 0.0
1592 0.00502512562814 0.0 0.0
1593 0.00502512562814 0.0 0.0
1594 0.00502512562814 0.0 0.0
1595 0.00502512562814 0.0 0.0
1596 0.00502512562814 0.0 0.0
1597 0.00502512562814 0.0 0.0
1598 0.00502512562814 0.0 0.0
1599 0.00502512562814 0.0 0.0
1600 0.00502512562814 0.0 0.0
1601 0.00502512562814 0.0 0.0
1602 0.00502512562814 0.0 0.0
1603 0.00502512562814 0.0 0.0
1604 0.00502512562814 0.0 0.0
1605 0.00502512562814 0.0 0.0
1606 0.00502512562814 0.0 0.0
1607 0.00502512562814 0.0 0.0
1608 0.00502512562814 0.0 0.0
1609 0.00502512562814 0.0 0.0
1610 0.00502512562814 0.0 0.0
1611 0.00502512562814 0.0 0.0
1612 0.00502512562814 0.0 0.0
1613 0.00502512562814 0.0 0.0
1614 0.00502512562814 0.0 0.0
1615 0.00502512562814 0.0 0.0
1616 0.00502512562814 0.0 0.0
1617 0.00502512562814 0.0 0.0
1618 0.00502512562814 0.0 0.0
1619 0.00502512562814 0.0 0.0
1620 0.00502512562814 0.0 0.0
1621 0.00502512562814 0.0 0.0
1622 0.00502512562814 0.0 0.0
1623 0.00502512562814 0.0 0.0
1624 0.00502512562814 0.0 0.0
1625 0.00502512562814 0.0 0.0
1626 0.00502512562814 0.0 0.0
1627 0.00502512562814 0.0 0.0
1628 0.00502512562814 0.0 0.0
1629 0.00502512562814 0.0 0.0
1630 0.00502512562814 0.0 0.0
1631 0.00502512562814 0.0 0.0
1632 0.00502512562814 0.0 0.0
1633 0.00502512562814 0.0 0.0
1634 0.00502512562814 0.0 0.0
1635 0.00502512562814 0.0 0.0
1636 0.00502512562814 0.0 0.0
1637 0.00502512562814 0.0 0.0
1638 0.00502512562814 0.0 0.0
1639 0.00502512562814 0.0 0.0
1640 0.00502512562814 0.0 0.0
1641 0.00502512562814 0.0 0.0
1642 0.00502512562814 0.0 0.0
1643 0.00502512562814 0.0 0.0
1644 0.00502512562814 0.0 0.0
1645 0.00502512562814 0.0 0.0
1646 0.00502512562814 0.0 0.0
1647 0.00502512562814 0.0 0.0
1648 0.00502512562814 0.0 0.0
1649 0.00502512562814 0.0 0.0
1650 0.00502512562814 0.0 0.0
1651 0.00502512562814 0.0 0.0
1652 0.00502512562814 0.0 0.0
1653 0.00502512562814 0.0 0.0
1654 0.00502512562814 0.0 0.0
1655 0.00502512562814 0.0 0.0
1656 0.00502512562814 0.0 0.0
1657 0.00502512562814 0.0 0.0
1658 0.00502512562814 0.0 0.0
1659 0.00502512562814 0.0 0.0
1660 0.00502512562814 0.0 0.0
1661 0.00502512562814 0.0 0.0
1662 0.00502512562814 0.0 0.0
1663 0.00502512562814 0.0 0.0
1664 0.00502512562814 0.0 0.0
1665 0.00502512562814 0.0 0.0
1666 0.00502512562814 0.0 0.0
1667 0.00502512562814 0.0 0.0
1668 0.00502512562814 0.0 0.0
1669 0.00502512562814 0.0 0.0
1670 0.00502512562814 0.0 0.0
1671 0.00502512562814 0.0 0.0
1672 0.00502512562814 0.0 0.0
1673 0.00502512562814 0.0 0.0
1674 0.00502512562814 0.0 0.0
1675 0.00502512562814 0.0 0.0
1676 0.00502512562814 0.0 0.0
1677 0.00502512562814 0.0 0.0
1678 0.00502512562814 0.0 0.0
1679 0.00502512562814 0.0 0.0
1680 0.00502512562814 0.0 0.0
1681 0.00502512562814 0.0 0.0
1682 0.00502512562814 0.0 0.0
1683 0.00502512562814 0.0 0.0
1684 0.00502512562814 0.0 0.0
1685 0.00502512562814 0.0 0.0
1686 0.00502512562814 0.0 0.0
1687 0.00502512562814 0.0 0.0
1688 0.00502512562814 0.0 0.0
1689 0.00502512562814 0.0 0.0
1690 0.00502512562814 0.0 0.0
1691 0.00502512562814 0.0 0.0
1692 0.00502512562814 0.0 0.0
1693 0.00502512562814 0.0 0.0
1694 0.00502512562814 0.0 0.0
1695 0.00502512562814 0.0 0.0
1696 0.00502512562814 0.0 0.0
1697 0.00502512562814 0.0 0.0
1698 0.00502512562814 0.0 0.0
1699 0.00502512562814 0.0 0.0
1700 0.00502512562814 0.0 0.0
1701 0.00502512562814 0.0 0.0
1702 0.00502512562814 0.0 0.0
1703 0.00502512562814 0.0 0.0
1704 0.00502512562814 0.0 0.0
1705 0.00502512562814 0.0 0.0
1706 0.00502512562814 0.0 0.0
1707 0.00502512562814 0.0 0.0
1708 0.00502512562814 0.0 0.0
1709 0.00502512562814 0.0 0.0
1710 0.00502512562814 0.0 0.0
1711 0.00502512562814 0.0 0.0
1712 0.00502512562814 0.0 0.0
1713 0.00502512562814 0.0 0.0
1714 0.00502512562814 0.0 0.0
1715 0.00502512562814 0.0 0.0
1716 0.00502512562814 0.0 0.0
1717 0.00502512562814 0.0 0.0
1718 0.00502512562814 0.0 0.0
1719 0.00502512562814 0.0 0.0
1720 0.00502512562814 0.0 0.0
1721 0.00502512562814 0.0 0.0
1722 0.00502512562814 0.0 0.0
1723 0.00502512562814 0.0 0.0
1724 0.00502512562814 0.0 0.0
1725 0.00502512562814 0.0 0.0
1726 0.00502512562814 0.0 0.0
1727 0.00502512562814 0.0 0.0
1728 0.00502512562814 0.0 0.0
1729 0.00502512562814 0.0 0.0
1730 0.00502512562814 0.0 0.0
1731 0.00502512562814 0.0 0.0
1732 0.00502512562814 0.0 0.0
1733 0.00502512562814 0.0 0.0
1734 0.00502512562814 0.0 0.0
1735 0.00502512562814 0.0 0.0
1736 0.00502512562814 0.0 0.0
1737 0.00502512562814 0.0 0.0
1738 0.00502512562814 0.0 0.0
1739 0.00502512562814 0.0 0.0
1740 0.00502512562814 0.0 0.0
1741 0.00502512562814 0.0 0.0
1742 0.00502512562814 0.0 0.0
1743 0.00502512562814 0.0 0.0
1744 0.00502512562814 0.0 0.0
1745 0.00502512562814 0.0 0.0
1746 0.00502512562814 0.0 0.0
1747 0.00502512562814 0.0 0.0
1748 0.00502512562814 0.0 0.0
1749 0.00502512562814 0.0 0.0
1750 0.00502512562814 0.0 0.0
