0 0.0 0.0 0.0
1 0.0 0.0 0.0
2 0.0267983274696 0.0 0.0
3 0.0267983274696 0.0 0.0
4 -0.0210049537297 0.0 0.0
5 -0.0210049537297 0.0 0.0
6 -0.00523976664666 0.0 0.0
7 -0.00523976664666 0.0 0.0
8 -0.00523976664666 0.0 0.0
9 -0.00523976664666 0.0 0.0
10 -0.00523976664666 0.0 0.0
11 -0.00523976664666 0.0 0.0
12 -0.00152929532013 0.0 0.0
13 -0.00152929532013 0.0 0.0
14 -0.00152929532013 0.0 0.0
15 -0.00152929532013 0.0 0.0
16 -0.00152929532013 0.0 0.0
17 -0.00152929532013 0.0 0.0
18 -0.00152929532013 0.0 0.0
19 -0.00152929532013 0.0 0.0
20 -0.00152929532013 0.0 0.0
21 -0.00152929532013 0.0 0.0
22 -0.00152929532013 0.0 0.0
23 -0.00152929532013 0.0 0.0
24 -0.00152929532013 0.0 0.0
25 -0.00152929532013 0.0 0.0
26 -0.00152929532013 0.0 0.0
27 -0.00152929532013 0.0 0.0
28 -0.00152929532013 0.0 0.0
29 -0.00152929532013 0.0 0.0
30 5.26030545012e-05 0.0 0.0
31 5.26030545012e-05 0.0 0.0
32 5.26030545012e-05 0.0 0.0
33 5.26030545012e-05 0.0 0.0
34 5.26030545012e-05 0.0 0.0
35 5.26030545012e-05 0.0 0.0
36 5.26030545012e-05 0.0 0.0
37 5.26030545012e-05 0.0 0.0
38 5.26030545012e-05 0.0 0.0
39 5.26030545012e-05 0.0 0.0
40 5.26030545012e-05 0.0 0.0
41 5.26030545012e-05 0.0 0.0
42 5.26030545012e-05 0.0 0.0
43 5.26030545012e-05 0.0 0.0
44 5.26030545012e-05 0.0 0.0
45 5.26030545012e-05 0.0 0.0
46 -8.0341710618e-05 0.0 0.0
47 -8.0341710618e-05 0.0 0.0
48 -8.0341710618e-05 0.0 0.0
49 -8.0341710618e-05 0.0 0.0
50 -8.0341710618e-05 0.0 0.0
51 -8.0341710618e-05 0.0 0.0
52 -8.0341710618e-05 0.0 0.0
53 -8.0341710618e-05 0.0 0.0
54 -8.0341710618e-05 0.0 0.0
55 -8.0341710618e-05 0.0 0.0
56 -8.0341710618e-05 0.0 0.0
57 -8.0341710618e-05 0.0 0.0
58 -8.0341710618e-05 0.0 0.0
59 -8.0341710618e-05 0.0 0.0
60 -8.0341710618e-05 0.0 0.0
61 -8.0341710618e-05 0.0 0.0
62 -8.0341710618e-05 0.0 0.0
63 -8.0341710618e-05 0.0 0.0
64 -8.0341710618e-05 0.0 0.0
65 -8.0341710618e-05 0.0 0.0
66 -8.0341710618e-05 0.0 0.0
67 -8.0341710618e-05 0.0 0.0
68 -8.0341710618e-05 0.0 0.0
69 -8.0341710618e-05 0.0 0.0
70 -8.0341710618e-05 0.0 0.0
71 -8.0341710618e-05 0.0 0.0
72 -8.0341710618e-05 0.0 0.0
73 -8.0341710618e-05 0.0 0.0
74 -8.0341710618e-05 0.0 0.0
75 -8.0341710618e-05 0.0 0.0
76 -0.000578030376482 0.0 0.0
77 -0.000578030376482 0.0 0.0
78 -0.000578030376482 0.0 0.0
79 -0.000578030376482 0.0 0.0
80 -0.000578030376482 0.0 0.0
81 -0.000578030376482 0.0 0.0
82 -0.000578030376482 0.0 0.0
83 -0.000578030376482 0.0 0.0
84 -0.000578030376482 0.0 0.0
85 -0.000578030376482 0.0 0.0
86 -0.000578030376482 0.0 0.0
87 -0.000578030376482 0.0 0.0
88 -0.000578030376482 0.0 0.0
89 -0.000578030376482 0.0 0.0
90 -0.000578030376482 0.0 0.0
91 -0.000470531859631 0.0 0.0
92 -0.000470531859631 0.0 0.0
93 -0.000470531859631 0.0 0.0
94 -0.000470531859631 0.0 0.0
95 -0.000470531859631 0.0 0.0
96 -0.000470531859631 0.0 0.0
97 -0.000470531859631 0.0 0.0
98 -0.000470531859631 0.0 0.0
99 -0.000470531859631 0.0 0.0
100 -0.000470531859631 0.0 0.0
101 -0.000470531859631 0.0 0.0
102 -0.000470531859631 0.0 0.0
103 -0.000470531859631 0.0 0.0
104 -0.000470531859631 0.0 0.0
105 -0.000470531859631 0.0 0.0
106 -0.000470531859631 0.0 0.0
107 -0.000470531859631 0.0 0.0
108 -0.000470531859631 0.0 0.0
109 -0.000470531859631 0.0 0.0
110 -0.000470531859631 0.0 0.0
111 -0.000470531859631 0.0 0.0
112 -0.000470531859631 0.0 0.0
113 -0.000470531859631 0.0 0.0
114 -0.000470531859631 0.0 0.0
115 -0.000470531859631 0.0 0.0
116 -0.000470531859631 0.0 0.0
117 -0.000470531859631 0.0 0.0
118 -0.000470531859631 0.0 0.0
119 -0.000470531859631 0.0 0.0
120 -0.000470531859631 0.0 0.0
121 -0.000714990759175 0.0 0.0
122 -0.000714990759175 0.0 0.0
123 -0.000714990759175 0.0 0.0
124 -0.000714990759175 0.0 0.0
125 -0.000714990759175 0.0 0.0
126 -0.000714990759175 0.0 0.0
127 -0.000714990759175 0.0 0.0
128 -0.000714990759175 0.0 0.0
129 -0.000714990759175 0.0 0.0
130 -0.000714990759175 0.0 0.0
131 -0.000714990759175 0.0 0.0
132 -0.000714990759175 0.0 0.0
133 -0.000714990759175 0.0 0.0
134 -0.000714990759175 0.0 0.0
135 -0.000714990759175 0.0 0.0
136 -0.000594343226571 0.0 0.0
137 -0.000594343226571 0.0 0.0
138 -0.000594343226571 0.0 0.0
139 -0.000594343226571 0.0 0.0
140 -0.000594343226571 0.0 0.0
141 -0.000594343226571 0.0 0.0
142 -0.000594343226571 0.0 0.0
143 -0.000594343226571 0.0 0.0
144 -0.000594343226571 0.0 0.0
145 -0.000594343226571 0.0 0.0
146 -0.000594343226571 0.0 0.0
147 -0.000594343226571 0.0 0.0
148 -0.000594343226571 0.0 0.0
149 -0.000594343226571 0.0 0.0
150 -0.000594343226571 0.0 0.0
151 -0.000594343226571 0.0 0.0
152 -0.000594343226571 0.0 0.0
153 -0.000594343226571 0.0 0.0
154 -0.000594343226571 0.0 0.0
155 -0.000594343226571 0.0 0.0
156 -0.000594343226571 0.0 0.0
157 -0.000594343226571 0.0 0.0
158 -0.000594343226571 0.0 0.0
159 -0.000594343226571 0.0 0.0
160 -0.000594343226571 0.0 0.0
161 -0.000748242478787 0.0 0.0
162 -0.000748242478787 0.0 0.0
163 -0.000748242478787 0.0 0.0
164 -0.000748242478787 0.0 0.0
165 -0.000748242478787 0.0 0.0
166 -0.000748242478787 0.0 0.0
167 -0.000748242478787 0.0 0.0
168 -0.000748242478787 0.0 0.0
169 -0.000748242478787 0.0 0.0
170 -0.000748242478787 0.0 0.0
171 -0.000748242478787 0.0 0.0
172 -0.000748242478787 0.0 0.0
173 -0.000748242478787 0.0 0.0
174 -0.000748242478787 0.0 0.0
175 -0.000748242478787 0.0 0.0
176 -0.000748242478787 0.0 0.0
177 -0.000748242478787 0.0 0.0
178 -0.000748242478787 0.0 0.0
179 -0.000748242478787 0.0 0.0
180 -0.000748242478787 0.0 0.0
181 -0.000748242478787 0.0 0.0
182 -0.000748242478787 0.0 0.0
183 -0.000748242478787 0.0 0.0
184 -0.000748242478787 0.0 0.0
185 -0.000748242478787 0.0 0.0
186 -0.000748242478787 0.0 0.0
187 -0.000748242478787 0.0 0.0
188 -0.000748242478787 0.0 0.0
189 -0.000748242478787 0.0 0.0
190 -0.000748242478787 0.0 0.0
191 -0.000748242478787 0.0 0.0
192 -0.000748242478787 0.0 0.0
193 -0.000748242478787 0.0 0.0
194 -0.000748242478787 0.0 0.0
195 -0.000748242478787 0.0 0.0
196 -0.000748242478787 0.0 0.0
197 -0.000748242478787 0.0 0.0
198 -0.000748242478787 0.0 0.0
199 -0.000748242478787 0.0 0.0
200 -0.000748242478787 0.0 0.0
201 -0.000939856522804 0.0 0.0
202 -0.000939856522804 0.0 0.0
203 -0.000939856522804 0.0 0.0
204 -0.000939856522804 0.0 0.0
205 -0.000939856522804 0.0 0.0
206 -0.000939856522804 0.0 0.0
207 -0.000939856522804 0.0 0.0
208 -0.000939856522804 0.0 0.0
209 -0.000939856522804 0.0 0.0
210 -0.000939856522804 0.0 0.0
211 -0.000939856522804 0.0 0.0
212 -0.000939856522804 0.0 0.0
213 -0.000939856522804 0.0 0.0
214 -0.000939856522804 0.0 0.0
215 -0.000939856522804 0.0 0.0
216 -0.000939856522804 0.0 0.0
217 -0.000939856522804 0.0 0.0
218 -0.000939856522804 0.0 0.0
219 -0.000939856522804 0.0 0.0
220 -0.000939856522804 0.0 0.0
221 -0.000939856522804 0.0 0.0
222 -0.000939856522804 0.0 0.0
223 -0.000939856522804 0.0 0.0
224 -0.000939856522804 0.0 0.0
225 -0.000939856522804 0.0 0.0
226 -0.000939856522804 0.0 0.0
227 -0.000939856522804 0.0 0.0
228 -0.000939856522804 0.0 0.0
229 -0.000939856522804 0.0 0.0
230 -0.000939856522804 0.0 0.0
231 -0.000939856522804 0.0 0.0
232 -0.000939856522804 0.0 0.0
233 -0.000939856522804 0.0 0.0
234 -0.000939856522804 0.0 0.0
235 -0.000939856522804 0.0 0.0
236 -0.000939856522804 0.0 0.0
237 -0.000939856522804 0.0 0.0
238 -0.000939856522804 0.0 0.0
239 -0.000939856522804 0.0 0.0
240 -0.000939856522804 0.0 0.0
241 -0.000939856522804 0.0 0.0
242 -0.000939856522804 0.0 0.0
243 -0.000939856522804 0.0 0.0
244 -0.000939856522804 0.0 0.0
245 -0.000939856522804 0.0 0.0
246 -0.000939856522804 0.0 0.0
247 -0.000939856522804 0.0 0.0
248 -0.000939856522804 0.0 0.0
249 -0.000939856522804 0.0 0.0
250 -0.000939856522804 0.0 0.0
251 -0.000939856522804 0.0 0.0
252 -0.000939856522804 0.0 0.0
253 -0.000939856522804 0.0 0.0
254 -0.000939856522804 0.0 0.0
255 -0.000939856522804 0.0 0.0
256 -0.000939856522804 0.0 0.0
257 -0.000939856522804 0.0 0.0
258 -0.000939856522804 0.0 0.0
259 -0.000939856522804 0.0 0.0
260 -0.000939856522804 0.0 0.0
261 -0.000939856522804 0.0 0.0
262 -0.000939856522804 0.0 0.0
263 -0.000939856522804 0.0 0.0
264 -0.000939856522804 0.0 0.0
265 -0.000939856522804 0.0 0.0
266 -0.000939856522804 0.0 0.0
267 -0.000939856522804 0.0 0.0
268 -0.000939856522804 0.0 0.0
269 -0.000939856522804 0.0 0.0
270 -0.000939856522804 0.0 0.0
271 -1.16088981466e-06 0.0 0.0
272 -1.16088981466e-06 0.0 0.0
273 -1.16088981466e-06 0.0 0.0
274 -1.16088981466e-06 0.0 0.0
275 -1.16088981466e-06 0.0 0.0
276 -1.16088981466e-06 0.0 0.0
277 -1.16088981466e-06 0.0 0.0
278 -1.16088981466e-06 0.0 0.0
279 -1.16088981466e-06 0.0 0.0
280 -1.16088981466e-06 0.0 0.0
281 -1.16088981466e-06 0.0 0.0
282 -1.16088981466e-06 0.0 0.0
283 -1.16088981466e-06 0.0 0.0
284 -1.16088981466e-06 0.0 0.0
285 -1.16088981466e-06 0.0 0.0
286 -1.16088981466e-06 0.0 0.0
287 -1.16088981466e-06 0.0 0.0
288 -1.16088981466e-06 0.0 0.0
289 -1.16088981466e-06 0.0 0.0
290 -1.16088981466e-06 0.0 0.0
291 -1.16088981466e-06 0.0 0.0
292 -1.16088981466e-06 0.0 0.0
293 -1.16088981466e-06 0.0 0.0
294 -1.16088981466e-06 0.0 0.0
295 -1.16088981466e-06 0.0 0.0
296 -1.16088981466e-06 0.0 0.0
297 -1.16088981466e-06 0.0 0.0
298 -1.16088981466e-06 0.0 0.0
299 -1.16088981466e-06 0.0 0.0
300 -1.16088981466e-06 0.0 0.0
301 -1.16088981466e-06 0.0 0.0
302 -1.16088981466e-06 0.0 0.0
303 -1.16088981466e-06 0.0 0.0
304 -1.16088981466e-06 0.0 0.0
305 -1.16088981466e-06 0.0 0.0
306 -1.16088981466e-06 0.0 0.0
307 -1.16088981466e-06 0.0 0.0
308 -1.16088981466e-06 0.0 0.0
309 -1.16088981466e-06 0.0 0.0
310 -1.16088981466e-06 0.0 0.0
311 -1.16088981466e-06 0.0 0.0
312 -1.16088981466e-06 0.0 0.0
313 -1.16088981466e-06 0.0 0.0
314 -1.16088981466e-06 0.0 0.0
315 -1.16088981466e-06 0.0 0.0
316 -1.16088981466e-06 0.0 0.0
317 -1.16088981466e-06 0.0 0.0
318 -1.16088981466e-06 0.0 0.0
319 -1.16088981466e-06 0.0 0.0
320 -1.16088981466e-06 0.0 0.0
321 -1.16088981466e-06 0.0 0.0
322 -1.16088981466e-06 0.0 0.0
323 -1.16088981466e-06 0.0 0.0
324 -1.16088981466e-06 0.0 0.0
325 -1.16088981466e-06 0.0 0.0
326 0.0204081632653 0.0 0.0
327 0.0204081632653 0.0 0.0
328 0.0204081632653 0.0 0.0
329 0.0204081632653 0.0 0.0
330 0.0204081632653 0.0 0.0
331 0.0204081632653 0.0 0.0
332 0.0204081632653 0.0 0.0
333 0.0204081632653 0.0 0.0
334 0.0204081632653 0.0 0.0
335 0.0204081632653 0.0 0.0
336 0.0204081632653 0.0 0.0
337 0.0204081632653 0.0 0.0
338 0.0204081632653 0.0 0.0
339 0.0204081632653 0.0 0.0
340 0.0204081632653 0.0 0.0
341 0.0204081632653 0.0 0.0
342 0.0204081632653 0.0 0.0
343 0.0204081632653 0.0 0.0
344 0.0204081632653 0.0 0.0
345 0.0204081632653 0.0 0.0
346 0.0204081632653 0.0 0.0
347 0.0204081632653 0.0 0.0
348 0.0204081632653 0.0 0.0
349 0.0204081632653 0.0 0.0
350 0.0204081632653 0.0 0.0
351 0.0204081632653 0.0 0.0
352 0.0204081632653 0.0 0.0
353 0.0204081632653 0.0 0.0
354 0.0204081632653 0.0 0.0
355 0.0204081632653 0.0 0.0
356 0.0204081632653 0.0 0.0
357 0.0204081632653 0.0 0.0
358 0.0204081632653 0.0 0.0
359 0.0204081632653 0.0 0.0
360 0.0204081632653 0.0 0.0
361 0.0204081632653 0.0 0.0
362 0.0204081632653 0.0 0.0
363 0.0204081632653 0.0 0.0
364 0.0204081632653 0.0 0.0
365 0.0204081632653 0.0 0.0
366 0.0204081632653 0.0 0.0
367 0.0204081632653 0.0 0.0
368 0.0204081632653 0.0 0.0
369 0.0204081632653 0.0 0.0
370 0.0204081632653 0.0 0.0
371 0.0204081632653 0.0 0.0
372 0.0204081632653 0.0 0.0
373 0.0204081632653 0.0 0.0
374 0.0204081632653 0.0 0.0
375 0.0204081632653 0.0 0.0
376 0.0022650345706 0.0 0.0
377 0.0022650345706 0.0 0.0
378 0.0022650345706 0.0 0.0
379 0.0022650345706 0.0 0.0
380 0.0022650345706 0.0 0.0
381 0.0022650345706 0.0 0.0
382 0.0022650345706 0.0 0.0
383 0.0022650345706 0.0 0.0
384 0.0022650345706 0.0 0.0
385 0.0022650345706 0.0 0.0
386 0.0022650345706 0.0 0.0
387 0.0022650345706 0.0 0.0
388 0.0022650345706 0.0 0.0
389 0.0022650345706 0.0 0.0
390 0.0022650345706 0.0 0.0
391 0.0022650345706 0.0 0.0
392 0.0022650345706 0.0 0.0
393 0.0022650345706 0.0 0.0
394 0.0022650345706 0.0 0.0
395 0.0022650345706 0.0 0.0
396 0.0022650345706 0.0 0.0
397 0.0022650345706 0.0 0.0
398 0.0022650345706 0.0 0.0
399 0.0022650345706 0.0 0.0
400 0.0022650345706 0.0 0.0
401 0.0022650345706 0.0 0.0
402 0.0022650345706 0.0 0.0
403 0.0022650345706 0.0 0.0
404 0.0022650345706 0.0 0.0
405 0.0022650345706 0.0 0.0
406 0.0022650345706 0.0 0.0
407 0.0022650345706 0.0 0.0
408 0.0022650345706 0.0 0.0
409 0.0022650345706 0.0 0.0
410 0.0022650345706 0.0 0.0
411 0.0022650345706 0.0 0.0
412 0.0022650345706 0.0 0.0
413 0.0022650345706 0.0 0.0
414 0.0022650345706 0.0 0.0
415 0.0022650345706 0.0 0.0
416 0.0022650345706 0.0 0.0
417 0.0022650345706 0.0 0.0
418 0.0022650345706 0.0 0.0
419 0.0022650345706 0.0 0.0
420 0.0022650345706 0.0 0.0
421 0.0022650345706 0.0 0.0
422 0.0022650345706 0.0 0.0
423 0.0022650345706 0.0 0.0
424 0.0022650345706 0.0 0.0
425 0.0022650345706 0.0 0.0
426 -0.00306606924446 0.0 0.0
427 -0.00306606924446 0.0 0.0
428 -0.00306606924446 0.0 0.0
429 -0.00306606924446 0.0 0.0
430 -0.00306606924446 0.0 0.0
431 -0.00306606924446 0.0 0.0
432 -0.00306606924446 0.0 0.0
433 -0.00306606924446 0.0 0.0
434 -0.00306606924446 0.0 0.0
435 -0.00306606924446 0.0 0.0
436 -0.00306606924446 0.0 0.0
437 -0.00306606924446 0.0 0.0
438 -0.00306606924446 0.0 0.0
439 -0.00306606924446 0.0 0.0
440 -0.00306606924446 0.0 0.0
441 -0.00306606924446 0.0 0.0
442 -0.00306606924446 0.0 0.0
443 -0.00306606924446 0.0 0.0
444 -0.00306606924446 0.0 0.0
445 -0.00306606924446 0.0 0.0
446 -0.00306606924446 0.0 0.0
447 -0.00306606924446 0.0 0.0
448 -0.00306606924446 0.0 0.0
449 -0.00306606924446 0.0 0.0
450 -0.00306606924446 0.0 0.0
451 -0.00306606924446 0.0 0.0
452 -0.00306606924446 0.0 0.0
453 -0.00306606924446 0.0 0.0
454 -0.00306606924446 0.0 0.0
455 -0.00306606924446 0.0 0.0
456 -0.00306606924446 0.0 0.0
457 -0.00306606924446 0.0 0.0
458 -0.00306606924446 0.0 0.0
459 -0.00306606924446 0.0 0.0
460 -0.00306606924446 0.0 0.0
461 -0.00306606924446 0.0 0.0
462 -0.00306606924446 0.0 0.0
463 -0.00306606924446 0.0 0.0
464 -0.00306606924446 0.0 0.0
465 -0.00306606924446 0.0 0.0
466 -0.00306606924446 0.0 0.0
467 -0.00306606924446 0.0 0.0
468 -0.00306606924446 0.0 0.0
469 -0.00306606924446 0.0 0.0
470 -0.00306606924446 0.0 0.0
471 -0.00306606924446 0.0 0.0
472 -0.00306606924446 0.0 0.0
473 -0.00306606924446 0.0 0.0
474 -0.00306606924446 0.0 0.0
475 -0.00306606924446 0.0 0.0
476 -0.00309531415669 0.0 0.0
477 -0.00309531415669 0.0 0.0
478 -0.00309531415669 0.0 0.0
479 -0.00309531415669 0.0 0.0
480 -0.00309531415669 0.0 0.0
481 -0.00309531415669 0.0 0.0
482 -0.00309531415669 0.0 0.0
483 -0.00309531415669 0.0 0.0
484 -0.00309531415669 0.0 0.0
485 -0.00309531415669 0.0 0.0
486 -0.00309531415669 0.0 0.0
487 -0.00309531415669 0.0 0.0
488 -0.00309531415669 0.0 0.0
489 -0.00309531415669 0.0 0.0
490 -0.00309531415669 0.0 0.0
491 -0.00309531415669 0.0 0.0
492 -0.00309531415669 0.0 0.0
493 -0.00309531415669 0.0 0.0
494 -0.00309531415669 0.0 0.0
495 -0.00309531415669 0.0 0.0
496 -0.00309531415669 0.0 0.0
497 -0.00309531415669 0.0 0.0
498 -0.00309531415669 0.0 0.0
499 -0.00309531415669 0.0 0.0
500 -0.00309531415669 0.0 0.0
501 -0.00309531415669 0.0 0.0
502 -0.00309531415669 0.0 0.0
503 -0.00309531415669 0.0 0.0
504 -0.00309531415669 0.0 0.0
505 -0.00309531415669 0.0 0.0
506 -0.00309531415669 0.0 0.0
507 -0.00309531415669 0.0 0.0
508 -0.00309531415669 0.0 0.0
509 -0.00309531415669 0.0 0.0
510 -0.00309531415669 0.0 0.0
511 -0.00309531415669 0.0 0.0
512 -0.00309531415669 0.0 0.0
513 -0.00309531415669 0.0 0.0
514 -0.00309531415669 0.0 0.0
515 -0.00309531415669 0.0 0.0
516 -0.00309531415669 0.0 0.0
517 -0.00309531415669 0.0 0.0
518 -0.00309531415669 0.0 0.0
519 -0.00309531415669 0.0 0.0
520 -0.00309531415669 0.0 0.0
521 -0.00309531415669 0.0 0.0
522 -0.00309531415669 0.0 0.0
523 -0.00309531415669 0.0 0.0
524 -0.00309531415669 0.0 0.0
525 -0.00309531415669 0.0 0.0
526 -0.00273104019338 0.0 0.0
527 -0.00273104019338 0.0 0.0
528 -0.00273104019338 0.0 0.0
529 -0.00273104019338 0.0 0.0
530 -0.00273104019338 0.0 0.0
531 -0.00273104019338 0.0 0.0
532 -0.00273104019338 0.0 0.0
533 -0.00273104019338 0.0 0.0
534 -0.00273104019338 0.0 0.0
535 -0.00273104019338 0.0 0.0
536 -0.00273104019338 0.0 0.0
537 -0.00273104019338 0.0 0.0
538 -0.00273104019338 0.0 0.0
539 -0.00273104019338 0.0 0.0
540 -0.00273104019338 0.0 0.0
541 -0.00273104019338 0.0 0.0
542 -0.00273104019338 0.0 0.0
543 -0.00273104019338 0.0 0.0
544 -0.00273104019338 0.0 0.0
545 -0.00273104019338 0.0 0.0
546 -0.00273104019338 0.0 0.0
547 -0.00273104019338 0.0 0.0
548 -0.00273104019338 0.0 0.0
549 -0.00273104019338 0.0 0.0
550 -0.00273104019338 0.0 0.0
551 -0.00273104019338 0.0 0.0
552 -0.00273104019338 0.0 0.0
553 -0.00273104019338 0.0 0.0
554 -0.00273104019338 0.0 0.0
555 -0.00273104019338 0.0 0.0
556 -0.00273104019338 0.0 0.0
557 -0.00273104019338 0.0 0.0
558 -0.00273104019338 0.0 0.0
559 -0.00273104019338 0.0 0.0
560 -0.00273104019338 0.0 0.0
561 -0.00273104019338 0.0 0.0
562 -0.00273104019338 0.0 0.0
563 -0.00273104019338 0.0 0.0
564 -0.00273104019338 0.0 0.0
565 -0.00273104019338 0.0 0.0
566 -0.00273104019338 0.0 0.0
567 -0.00273104019338 0.0 0.0
568 -0.00273104019338 0.0 0.0
569 -0.00273104019338 0.0 0.0
570 -0.00273104019338 0.0 0.0
571 -0.00273104019338 0.0 0.0
572 -0.00273104019338 0.0 0.0
573 -0.00273104019338 0.0 0.0
574 -0.00273104019338 0.0 0.0
575 -0.00273104019338 0.0 0.0
576 -0.00123627432816 0.0 0.0
577 -0.00123627432816 0.0 0.0
578 -0.00123627432816 0.0 0.0
579 -0.00123627432816 0.0 0.0
580 -0.00123627432816 0.0 0.0
581 -0.00123627432816 0.0 0.0
582 -0.00123627432816 0.0 0.0
583 -0.00123627432816 0.0 0.0
584 -0.00123627432816 0.0 0.0
585 -0.00123627432816 0.0 0.0
586 -0.00123627432816 0.0 0.0
587 -0.00123627432816 0.0 0.0
588 -0.00123627432816 0.0 0.0
589 -0.00123627432816 0.0 0.0
590 -0.00123627432816 0.0 0.0
591 -0.00123627432816 0.0 0.0
592 -0.00123627432816 0.0 0.0
593 -0.00123627432816 0.0 0.0
594 -0.00123627432816 0.0 0.0
595 -0.00123627432816 0.0 0.0
596 -0.00123627432816 0.0 0.0
597 -0.00123627432816 0.0 0.0
598 -0.00123627432816 0.0 0.0
599 -0.00123627432816 0.0 0.0
600 -0.00123627432816 0.0 0.0
601 -0.00123627432816 0.0 0.0
602 -0.00123627432816 0.0 0.0
603 -0.00123627432816 0.0 0.0
604 -0.00123627432816 0.0 0.0
605 -0.00123627432816 0.0 0.0
606 -0.00123627432816 0.0 0.0
607 -0.00123627432816 0.0 0.0
608 -0.00123627432816 0.0 0.0
609 -0.00123627432816 0.0 0.0
610 -0.00123627432816 0.0 0.0
611 -0.00123627432816 0.0 0.0
612 -0.00123627432816 0.0 0.0
613 -0.00123627432816 0.0 0.0
614 -0.00123627432816 0.0 0.0
615 -0.00123627432816 0.0 0.0
616 -0.00123627432816 0.0 0.0
617 -0.00123627432816 0.0 0.0
618 -0.00123627432816 0.0 0.0
619 -0.00123627432816 0.0 0.0
620 -0.00123627432816 0.0 0.0
621 -0.00123627432816 0.0 0.0
622 -0.00123627432816 0.0 0.0
623 -0.00123627432816 0.0 0.0
624 -0.00123627432816 0.0 0.0
625 -0.00123627432816 0.0 0.0
626 -0.000487395232767 0.0 0.0
627 -0.000487395232767 0.0 0.0
628 -0.000487395232767 0.0 0.0
629 -0.000487395232767 0.0 0.0
630 -0.000487395232767 0.0 0.0
631 -0.000487395232767 0.0 0.0
632 -0.000487395232767 0.0 0.0
633 -0.000487395232767 0.0 0.0
634 -0.000487395232767 0.0 0.0
635 -0.000487395232767 0.0 0.0
636 -0.000487395232767 0.0 0.0
637 -0.000487395232767 0.0 0.0
638 -0.000487395232767 0.0 0.0
639 -0.000487395232767 0.0 0.0
640 -0.000487395232767 0.0 0.0
641 -0.000487395232767 0.0 0.0
642 -0.000487395232767 0.0 0.0
643 -0.000487395232767 0.0 0.0
644 -0.000487395232767 0.0 0.0
645 -0.000487395232767 0.0 0.0
646 -0.000487395232767 0.0 0.0
647 -0.000487395232767 0.0 0.0
648 -0.000487395232767 0.0 0.0
649 -0.000487395232767 0.0 0.0
650 -0.000487395232767 0.0 0.0
651 -0.000487395232767 0.0 0.0
652 -0.000487395232767 0.0 0.0
653 -0.000487395232767 0.0 0.0
654 -0.000487395232767 0.0 0.0
655 -0.000487395232767 0.0 0.0
656 -0.000487395232767 0.0 0.0
657 -0.000487395232767 0.0 0.0
658 -0.000487395232767 0.0 0.0
659 -0.000487395232767 0.0 0.0
660 -0.000487395232767 0.0 0.0
661 -0.000487395232767 0.0 0.0
662 -0.000487395232767 0.0 0.0
663 -0.000487395232767 0.0 0.0
664 -0.000487395232767 0.0 0.0
665 -0.000487395232767 0.0 0.0
666 -0.000487395232767 0.0 0.0
667 -0.000487395232767 0.0 0.0
668 -0.000487395232767 0.0 0.0
669 -0.000487395232767 0.0 0.0
670 -0.000487395232767 0.0 0.0
671 -0.000487395232767 0.0 0.0
672 -0.000487395232767 0.0 0.0
673 -0.000487395232767 0.0 0.0
674 -0.000487395232767 0.0 0.0
675 -0.000487395232767 0.0 0.0
676 -0.000986565767187 0.0 0.0
677 -0.000986565767187 0.0 0.0
678 -0.000986565767187 0.0 0.0
679 -0.000986565767187 0.0 0.0
680 -0.000986565767187 0.0 0.0
681 -0.000986565767187 0.0 0.0
682 -0.000986565767187 0.0 0.0
683 -0.000986565767187 0.0 0.0
684 -0.000986565767187 0.0 0.0
685 -0.000986565767187 0.0 0.0
686 -0.000986565767187 0.0 0.0
687 -0.000986565767187 0.0 0.0
688 -0.000986565767187 0.0 0.0
689 -0.000986565767187 0.0 0.0
690 -0.000986565767187 0.0 0.0
691 -0.000986565767187 0.0 0.0
692 -0.000986565767187 0.0 0.0
693 -0.000986565767187 0.0 0.0
694 -0.000986565767187 0.0 0.0
695 -0.000986565767187 0.0 0.0
696 -0.000986565767187 0.0 0.0
697 -0.000986565767187 0.0 0.0
698 -0.000986565767187 0.0 0.0
699 -0.000986565767187 0.0 0.0
700 -0.000986565767187 0.0 0.0
701 -0.000986565767187 0.0 0.0
702 -0.000986565767187 0.0 0.0
703 -0.000986565767187 0.0 0.0
704 -0.000986565767187 0.0 0.0
705 -0.000986565767187 0.0 0.0
706 -0.000986565767187 0.0 0.0
707 -0.000986565767187 0.0 0.0
708 -0.000986565767187 0.0 0.0
709 -0.000986565767187 0.0 0.0
710 -0.000986565767187 0.0 0.0
711 -0.000986565767187 0.0 0.0
712 -0.000986565767187 0.0 0.0
713 -0.000986565767187 0.0 0.0
714 -0.000986565767187 0.0 0.0
715 -0.000986565767187 0.0 0.0
716 -0.000986565767187 0.0 0.0
717 -0.000986565767187 0.0 0.0
718 -0.000986565767187 0.0 0.0
719 -0.000986565767187 0.0 0.0
720 -0.000986565767187 0.0 0.0
721 -0.000986565767187 0.0 0.0
722 -0.000986565767187 0.0 0.0
723 -0.000986565767187 0.0 0.0
724 -0.000986565767187 0.0 0.0
725 -0.000986565767187 0.0 0.0
726 -0.000710444061519 0.0 0.0
727 -0.000710444061519 0.0 0.0
728 -0.000710444061519 0.0 0.0
729 -0.000710444061519 0.0 0.0
730 -0.000710444061519 0.0 0.0
731 -0.000710444061519 0.0 0.0
732 -0.000710444061519 0.0 0.0
733 -0.000710444061519 0.0 0.0
734 -0.000710444061519 0.0 0.0
735 -0.000710444061519 0.0 0.0
736 -0.000710444061519 0.0 0.0
737 -0.000710444061519 0.0 0.0
738 -0.000710444061519 0.0 0.0
739 -0.000710444061519 0.0 0.0
740 -0.000710444061519 0.0 0.0
741 -0.000710444061519 0.0 0.0
742 -0.000710444061519 0.0 0.0
743 -0.000710444061519 0.0 0.0
744 -0.000710444061519 0.0 0.0
745 -0.000710444061519 0.0 0.0
746 -0.000710444061519 0.0 0.0
747 -0.000710444061519 0.0 0.0
748 -0.000710444061519 0.0 0.0
749 -0.000710444061519 0.0 0.0
750 -0.000710444061519 0.0 0.0
751 -0.000710444061519 0.0 0.0
752 -0.000710444061519 0.0 0.0
753 -0.000710444061519 0.0 0.0
754 -0.000710444061519 0.0 0.0
755 -0.000710444061519 0.0 0.0
756 -0.000710444061519 0.0 0.0
757 -0.000710444061519 0.0 0.0
758 -0.000710444061519 0.0 0.0
759 -0.000710444061519 0.0 0.0
760 -0.000710444061519 0.0 0.0
761 -0.000710444061519 0.0 0.0
762 -0.000710444061519 0.0 0.0
763 -0.000710444061519 0.0 0.0
764 -0.000710444061519 0.0 0.0
765 -0.000710444061519 0.0 0.0
766 -0.000710444061519 0.0 0.0
767 -0.000710444061519 0.0 0.0
768 -0.000710444061519 0.0 0.0
769 -0.000710444061519 0.0 0.0
770 -0.000710444061519 0.0 0.0
771 -0.000710444061519 0.0 0.0
772 -0.000710444061519 0.0 0.0
773 -0.000710444061519 0.0 0.0
774 -0.000710444061519 0.0 0.0
775 -0.000710444061519 0.0 0.0
776 0.000238765227504 0.0 0.0
777 0.000238765227504 0.0 0.0
778 0.000238765227504 0.0 0.0
779 0.000238765227504 0.0 0.0
780 0.000238765227504 0.0 0.0
781 0.000238765227504 0.0 0.0
782 0.000238765227504 0.0 0.0
783 0.000238765227504 0.0 0.0
784 0.000238765227504 0.0 0.0
785 0.000238765227504 0.0 0.0
786 0.000238765227504 0.0 0.0
787 0.000238765227504 0.0 0.0
788 0.000238765227504 0.0 0.0
789 0.000238765227504 0.0 0.0
790 0.000238765227504 0.0 0.0
791 0.000238765227504 0.0 0.0
792 0.000238765227504 0.0 0.0
793 0.000238765227504 0.0 0.0
794 0.000238765227504 0.0 0.0
795 0.000238765227504 0.0 0.0
796 0.000238765227504 0.0 0.0
797 0.000238765227504 0.0 0.0
798 0.000238765227504 0.0 0.0
799 0.000238765227504 0.0 0.0
800 0.000238765227504 0.0 0.0
801 0.000238765227504 0.0 0.0
802 0.000238765227504 0.0 0.0
803 0.000238765227504 0.0 0.0
804 0.000238765227504 0.0 0.0
805 0.000238765227504 0.0 0.0
806 0.000238765227504 0.0 0.0
807 0.000238765227504 0.0 0.0
808 0.000238765227504 0.0 0.0
809 0.000238765227504 0.0 0.0
810 0.000238765227504 0.0 0.0
811 0.000238765227504 0.0 0.0
812 0.000238765227504 0.0 0.0
813 0.000238765227504 0.0 0.0
814 0.000238765227504 0.0 0.0
815 0.000238765227504 0.0 0.0
816 0.000238765227504 0.0 0.0
817 0.000238765227504 0.0 0.0
818 0.000238765227504 0.0 0.0
819 0.000238765227504 0.0 0.0
820 0.000238765227504 0.0 0.0
821 0.000238765227504 0.0 0.0
822 0.000238765227504 0.0 0.0
823 0.000238765227504 0.0 0.0
824 0.000238765227504 0.0 0.0
825 0.000238765227504 0.0 0.0
826 -0.000131852562749 0.0 0.0
827 -0.000131852562749 0.0 0.0
828 -0.000131852562749 0.0 0.0
829 -0.000131852562749 0.0 0.0
830 -0.000131852562749 0.0 0.0
831 -0.000131852562749 0.0 0.0
832 -0.000131852562749 0.0 0.0
833 -0.000131852562749 0.0 0.0
834 -0.000131852562749 0.0 0.0
835 -0.000131852562749 0.0 0.0
836 -0.000131852562749 0.0 0.0
837 -0.000131852562749 0.0 0.0
838 -0.000131852562749 0.0 0.0
839 -0.000131852562749 0.0 0.0
840 -0.000131852562749 0.0 0.0
841 -0.000131852562749 0.0 0.0
842 -0.000131852562749 0.0 0.0
843 -0.000131852562749 0.0 0.0
844 -0.000131852562749 0.0 0.0
845 -0.000131852562749 0.0 0.0
846 -0.000131852562749 0.0 0.0
847 -0.000131852562749 0.0 0.0
848 -0.000131852562749 0.0 0.0
849 -0.000131852562749 0.0 0.0
850 -0.000131852562749 0.0 0.0
851 -0.000131852562749 0.0 0.0
852 -0.000131852562749 0.0 0.0
853 -0.000131852562749 0.0 0.0
854 -0.000131852562749 0.0 0.0
855 -0.000131852562749 0.0 0.0
856 -0.000131852562749 0.0 0.0
857 -0.000131852562749 0.0 0.0
858 -0.000131852562749 0.0 0.0
859 -0.000131852562749 0.0 0.0
860 -0.000131852562749 0.0 0.0
861 -0.000131852562749 0.0 0.0
862 -0.000131852562749 0.0 0.0
863 -0.000131852562749 0.0 0.0
864 -0.000131852562749 0.0 0.0
865 -0.000131852562749 0.0 0.0
866 -0.000131852562749 0.0 0.0
867 -0.000131852562749 0.0 0.0
868 -0.000131852562749 0.0 0.0
869 -0.000131852562749 0.0 0.0
870 -0.000131852562749 0.0 0.0
871 -0.000131852562749 0.0 0.0
872 -0.000131852562749 0.0 0.0
873 -0.000131852562749 0.0 0.0
874 -0.000131852562749 0.0 0.0
875 -0.000131852562749 0.0 0.0
876 -0.000131852562749 0.0 0.0
877 -0.000131852562749 0.0 0.0
878 -0.000131852562749 0.0 0.0
879 -0.000131852562749 0.0 0.0
880 -0.000131852562749 0.0 0.0
881 -0.000131852562749 0.0 0.0
882 -0.000131852562749 0.0 0.0
883 -0.000131852562749 0.0 0.0
884 -0.000131852562749 0.0 0.0
885 -0.000131852562749 0.0 0.0
886 -0.000131852562749 0.0 0.0
887 -0.000131852562749 0.0 0.0
888 -0.000131852562749 0.0 0.0
889 -0.000131852562749 0.0 0.0
890 -0.000131852562749 0.0 0.0
891 -0.000131852562749 0.0 0.0
892 -0.000131852562749 0.0 0.0
893 -0.000131852562749 0.0 0.0
894 -0.000131852562749 0.0 0.0
895 -0.000131852562749 0.0 0.0
896 -0.000131852562749 0.0 0.0
897 -0.000131852562749 0.0 0.0
898 -0.000131852562749 0.0 0.0
899 -0.000131852562749 0.0 0.0
900 -0.000131852562749 0.0 0.0
901 -0.000131852562749 0.0 0.0
902 -0.000131852562749 0.0 0.0
903 -0.000131852562749 0.0 0.0
904 -0.000131852562749 0.0 0.0
905 -0.000131852562749 0.0 0.0
906 -0.000131852562749 0.0 0.0
907 -0.000131852562749 0.0 0.0
908 -0.000131852562749 0.0 0.0
909 -0.000131852562749 0.0 0.0
910 -0.000131852562749 0.0 0.0
911 -0.000131852562749 0.0 0.0
912 -0.000131852562749 0.0 0.0
913 -0.000131852562749 0.0 0.0
914 -0.000131852562749 0.0 0.0
915 -0.000131852562749 0.0 0.0
916 -0.000131852562749 0.0 0.0
917 -0.000131852562749 0.0 0.0
918 -0.000131852562749 0.0 0.0
919 -0.000131852562749 0.0 0.0
920 -0.000131852562749 0.0 0.0
921 -0.000131852562749 0.0 0.0
922 -0.000131852562749 0.0 0.0
923 -0.000131852562749 0.0 0.0
924 -0.000131852562749 0.0 0.0
925 -0.000131852562749 0.0 0.0
926 -0.000131852562749 0.0 0.0
927 -0.000131852562749 0.0 0.0
928 -0.000131852562749 0.0 0.0
929 -0.000131852562749 0.0 0.0
930 -0.000131852562749 0.0 0.0
931 -0.000131852562749 0.0 0.0
932 -0.000131852562749 0.0 0.0
933 -0.000131852562749 0.0 0.0
934 -0.000131852562749 0.0 0.0
935 -0.000131852562749 0.0 0.0
936 -0.000131852562749 0.0 0.0
937 -0.000131852562749 0.0 0.0
938 -0.000131852562749 0.0 0.0
939 -0.000131852562749 0.0 0.0
940 -0.000131852562749 0.0 0.0
941 -0.000131852562749 0.0 0.0
942 -0.000131852562749 0.0 0.0
943 -0.000131852562749 0.0 0.0
944 -0.000131852562749 0.0 0.0
945 -0.000131852562749 0.0 0.0
946 -0.000131852562749 0.0 0.0
947 -0.000131852562749 0.0 0.0
948 -0.000131852562749 0.0 0.0
949 -0.000131852562749 0.0 0.0
950 -0.000131852562749 0.0 0.0
951 -0.000131852562749 0.0 0.0
952 -0.000131852562749 0.0 0.0
953 -0.000131852562749 0.0 0.0
954 -0.000131852562749 0.0 0.0
955 -0.000131852562749 0.0 0.0
956 -0.000131852562749 0.0 0.0
957 -0.000131852562749 0.0 0.0
958 -0.000131852562749 0.0 0.0
959 -0.000131852562749 0.0 0.0
960 -0.000131852562749 0.0 0.0
961 -0.000131852562749 0.0 0.0
962 -0.000131852562749 0.0 0.0
963 -0.000131852562749 0.0 0.0
964 -0.000131852562749 0.0 0.0
965 -0.000131852562749 0.0 0.0
966 -0.000131852562749 0.0 0.0
967 -0.000131852562749 0.0 0.0
968 -0.000131852562749 0.0 0.0
969 -0.000131852562749 0.0 0.0
970 -0.000131852562749 0.0 0.0
971 -0.000131852562749 0.0 0.0
972 -0.000131852562749 0.0 0.0
973 -0.000131852562749 0.0 0.0
974 -0.000131852562749 0.0 0.0
975 -0.000131852562749 0.0 0.0
976 -0.000131852562749 0.0 0.0
977 -0.000131852562749 0.0 0.0
978 -0.000131852562749 0.0 0.0
979 -0.000131852562749 0.0 0.0
980 -0.000131852562749 0.0 0.0
981 -0.000131852562749 0.0 0.0
982 -0.000131852562749 0.0 0.0
983 -0.000131852562749 0.0 0.0
984 -0.000131852562749 0.0 0.0
985 -0.000131852562749 0.0 0.0
986 -0.000131852562749 0.0 0.0
987 -0.000131852562749 0.0 0.0
988 -0.000131852562749 0.0 0.0
989 -0.000131852562749 0.0 0.0
990 -0.000131852562749 0.0 0.0
991 -0.000131852562749 0.0 0.0
992 -0.000131852562749 0.0 0.0
993 -0.000131852562749 0.0 0.0
994 -0.000131852562749 0.0 0.0
995 -0.000131852562749 0.0 0.0
996 -0.000131852562749 0.0 0.0
997 -0.000131852562749 0.0 0.0
998 -0.000131852562749 0.0 0.0
999 -0.000131852562749 0.0 0.0
1000 -0.000131852562749 0.0 0.0
1001 -0.000131852562749 0.0 0.0
1002 -0.000131852562749 0.0 0.0
1003 -0.000131852562749 0.0 0.0
1004 -0.000131852562749 0.0 0.0
1005 -0.000131852562749 0.0 0.0
1006 -0.000131852562749 0.0 0.0
1007 -0.000131852562749 0.0 0.0
1008 -0.000131852562749 0.0 0.0
1009 -0.000131852562749 0.0 0.0
1010 -0.000131852562749 0.0 0.0
1011 -0.000131852562749 0.0 0.0
1012 -0.000131852562749 0.0 0.0
1013 -0.000131852562749 0.0 0.0
1014 -0.000131852562749 0.0 0.0
1015 -0.000131852562749 0.0 0.0
1016 -0.000131852562749 0.0 0.0
1017 -0.000131852562749 0.0 0.0
1018 -0.000131852562749 0.0 0.0
1019 -0.000131852562749 0.0 0.0
1020 -0.000131852562749 0.0 0.0
1021 -0.000131852562749 0.0 0.0
1022 -0.000131852562749 0.0 0.0
1023 -0.000131852562749 0.0 0.0
1024 -0.000131852562749 0.0 0.0
1025 -0.000131852562749 0.0 0.0
1026 -0.000131852562749 0.0 0.0
1027 -0.000131852562749 0.0 0.0
1028 -0.000131852562749 0.0 0.0
1029 -0.000131852562749 0.0 0.0
1030 -0.000131852562749 0.0 0.0
1031 -0.000131852562749 0.0 0.0
1032 -0.000131852562749 0.0 0.0
1033 -0.000131852562749 0.0 0.0
1034 -0.000131852562749 0.0 0.0
1035 -0.000131852562749 0.0 0.0
1036 -0.000131852562749 0.0 0.0
1037 -0.000131852562749 0.0 0.0
1038 -0.000131852562749 0.0 0.0
1039 -0.000131852562749 0.0 0.0
1040 -0.000131852562749 0.0 0.0
1041 -0.000131852562749 0.0 0.0
1042 -0.000131852562749 0.0 0.0
1043 -0.000131852562749 0.0 0.0
1044 -0.000131852562749 0.0 0.0
1045 -0.000131852562749 0.0 0.0
1046 -0.000131852562749 0.0 0.0
1047 -0.000131852562749 0.0 0.0
1048 -0.000131852562749 0.0 0.0
1049 -0.000131852562749 0.0 0.0
1050 -0.000131852562749 0.0 0.0
1051 -5.50191549394e-05 0.0 0.0
1052 -5.50191549394e-05 0.0 0.0
1053 -5.50191549394e-05 0.0 0.0
1054 -5.50191549394e-05 0.0 0.0
1055 -5.50191549394e-05 0.0 0.0
1056 -5.50191549394e-05 0.0 0.0
1057 -5.50191549394e-05 0.0 0.0
1058 -5.50191549394e-05 0.0 0.0
1059 -5.50191549394e-05 0.0 0.0
1060 -5.50191549394e-05 0.0 0.0
1061 -5.50191549394e-05 0.0 0.0
1062 -5.50191549394e-05 0.0 0.0
1063 -5.50191549394e-05 0.0 0.0
1064 -5.50191549394e-05 0.0 0.0
1065 -5.50191549394e-05 0.0 0.0
1066 -5.50191549394e-05 0.0 0.0
1067 -5.50191549394e-05 0.0 0.0
1068 -5.50191549394e-05 0.0 0.0
1069 -5.50191549394e-05 0.0 0.0
1070 -5.50191549394e-05 0.0 0.0
1071 -5.50191549394e-05 0.0 0.0
1072 -5.50191549394e-05 0.0 0.0
1073 -5.50191549394e-05 0.0 0.0
1074 -5.50191549394e-05 0.0 0.0
1075 -5.50191549394e-05 0.0 0.0
1076 -5.50191549394e-05 0.0 0.0
1077 -5.50191549394e-05 0.0 0.0
1078 -5.50191549394e-05 0.0 0.0
1079 -5.50191549394e-05 0.0 0.0
1080 -5.50191549394e-05 0.0 0.0
1081 -5.50191549394e-05 0.0 0.0
1082 -5.50191549394e-05 0.0 0.0
1083 -5.50191549394e-05 0.0 0.0
1084 -5.50191549394e-05 0.0 0.0
1085 -5.50191549394e-05 0.0 0.0
1086 -5.50191549394e-05 0.0 0.0
1087 -5.50191549394e-05 0.0 0.0
1088 -5.50191549394e-05 0.0 0.0
1089 -5.50191549394e-05 0.0 0.0
1090 -5.50191549394e-05 0.0 0.0
1091 -5.50191549394e-05 0.0 0.0
1092 -5.50191549394e-05 0.0 0.0
1093 -5.50191549394e-05 0.0 0.0
1094 -5.50191549394e-05 0.0 0.0
1095 -5.50191549394e-05 0.0 0.0
1096 -5.50191549394e-05 0.0 0.0
1097 -5.50191549394e-05 0.0 0.0
1098 -5.50191549394e-05 0.0 0.0
1099 -5.50191549394e-05 0.0 0.0
1100 -5.50191549394e-05 0.0 0.0
1101 -5.50191549394e-05 0.0 0.0
1102 -5.50191549394e-05 0.0 0.0
1103 -5.50191549394e-05 0.0 0.0
1104 -5.50191549394e-05 0.0 0.0
1105 -5.50191549394e-05 0.0 0.0
1106 -5.50191549394e-05 0.0 0.0
1107 -5.50191549394e-05 0.0 0.0
1108 -5.50191549394e-05 0.0 0.0
1109 -5.50191549394e-05 0.0 0.0
1110 -5.50191549394e-05 0.0 0.0
1111 -5.50191549394e-05 0.0 0.0
1112 -5.50191549394e-05 0.0 0.0
1113 -5.50191549394e-05 0.0 0.0
1114 -5.50191549394e-05 0.0 0.0
1115 -5.50191549394e-05 0.0 0.0
1116 -5.50191549394e-05 0.0 0.0
1117 -5.50191549394e-05 0.0 0.0
1118 -5.50191549394e-05 0.0 0.0
1119 -5.50191549394e-05 0.0 0.0
1120 -5.50191549394e-05 0.0 0.0
1121 -5.50191549394e-05 0.0 0.0
1122 -5.50191549394e-05 0.0 0.0
1123 -5.50191549394e-05 0.0 0.0
1124 -5.50191549394e-05 0.0 0.0
1125 -5.50191549394e-05 0.0 0.0
1126 -5.50191549394e-05 0.0 0.0
1127 -5.50191549394e-05 0.0 0.0
1128 -5.50191549394e-05 0.0 0.0
1129 -5.50191549394e-05 0.0 0.0
1130 -5.50191549394e-05 0.0 0.0
1131 -5.50191549394e-05 0.0 0.0
1132 -5.50191549394e-05 0.0 0.0
1133 -5.50191549394e-05 0.0 0.0
1134 -5.50191549394e-05 0.0 0.0
1135 -5.50191549394e-05 0.0 0.0
1136 -5.50191549394e-05 0.0 0.0
1137 -5.50191549394e-05 0.0 0.0
1138 -5.50191549394e-05 0.0 0.0
1139 -5.50191549394e-05 0.0 0.0
1140 -5.50191549394e-05 0.0 0.0
1141 -5.50191549394e-05 0.0 0.0
1142 -5.50191549394e-05 0.0 0.0
1143 -5.50191549394e-05 0.0 0.0
1144 -5.50191549394e-05 0.0 0.0
1145 -5.50191549394e-05 0.0 0.0
1146 -5.50191549394e-05 0.0 0.0
1147 -5.50191549394e-05 0.0 0.0
1148 -5.50191549394e-05 0.0 0.0
1149 -5.50191549394e-05 0.0 0.0
1150 -5.50191549394e-05 0.0 0.0
1151 5.08081777058e-05 0.0 0.0
1152 5.08081777058e-05 0.0 0.0
1153 5.08081777058e-05 0.0 0.0
1154 5.08081777058e-05 0.0 0.0
1155 5.08081777058e-05 0.0 0.0
1156 5.08081777058e-05 0.0 0.0
1157 5.08081777058e-05 0.0 0.0
1158 5.08081777058e-05 0.0 0.0
1159 5.08081777058e-05 0.0 0.0
1160 5.08081777058e-05 0.0 0.0
1161 5.08081777058e-05 0.0 0.0
1162 5.08081777058e-05 0.0 0.0
1163 5.08081777058e-05 0.0 0.0
1164 5.08081777058e-05 0.0 0.0
1165 5.08081777058e-05 0.0 0.0
1166 5.08081777058e-05 0.0 0.0
1167 5.08081777058e-05 0.0 0.0
1168 5.08081777058e-05 0.0 0.0
1169 5.08081777058e-05 0.0 0.0
1170 5.08081777058e-05 0.0 0.0
1171 5.08081777058e-05 0.0 0.0
1172 5.08081777058e-05 0.0 0.0
1173 5.08081777058e-05 0.0 0.0
1174 5.08081777058e-05 0.0 0.0
1175 5.08081777058e-05 0.0 0.0
1176 5.08081777058e-05 0.0 0.0
1177 5.08081777058e-05 0.0 0.0
1178 5.08081777058e-05 0.0 0.0
1179 5.08081777058e-05 0.0 0.0
1180 5.08081777058e-05 0.0 0.0
1181 5.08081777058e-05 0.0 0.0
1182 5.08081777058e-05 0.0 0.0
1183 5.08081777058e-05 0.0 0.0
1184 5.08081777058e-05 0.0 0.0
1185 5.08081777058e-05 0.0 0.0
1186 5.08081777058e-05 0.0 0.0
1187 5.08081777058e-05 0.0 0.0
1188 5.08081777058e-05 0.0 0.0
1189 5.08081777058e-05 0.0 0.0
1190 5.08081777058e-05 0.0 0.0
1191 5.08081777058e-05 0.0 0.0
1192 5.08081777058e-05 0.0 0.0
1193 5.08081777058e-05 0.0 0.0
1194 5.08081777058e-05 0.0 0.0
1195 5.08081777058e-05 0.0 0.0
1196 5.08081777058e-05 0.0 0.0
1197 5.08081777058e-05 0.0 0.0
1198 5.08081777058e-05 0.0 0.0
1199 5.08081777058e-05 0.0 0.0
1200 5.08081777058e-05 0.0 0.0
1201 5.08081777058e-05 0.0 0.0
1202 5.08081777058e-05 0.0 0.0
1203 5.08081777058e-05 0.0 0.0
1204 5.08081777058e-05 0.0 0.0
1205 5.08081777058e-05 0.0 0.0
1206 5.08081777058e-05 0.0 0.0
1207 5.08081777058e-05 0.0 0.0
1208 5.08081777058e-05 0.0 0.0
1209 5.08081777058e-05 0.0 0.0
1210 5.08081777058e-05 0.0 0.0
1211 5.08081777058e-05 0.0 0.0
1212 5.08081777058e-05 0.0 0.0
1213 5.08081777058e-05 0.0 0.0
1214 5.08081777058e-05 0.0 0.0
1215 5.08081777058e-05 0.0 0.0
1216 5.08081777058e-05 0.0 0.0
1217 5.08081777058e-05 0.0 0.0
1218 5.08081777058e-05 0.0 0.0
1219 5.08081777058e-05 0.0 0.0
1220 5.08081777058e-05 0.0 0.0
1221 5.08081777058e-05 0.0 0.0
1222 5.08081777058e-05 0.0 0.0
1223 5.08081777058e-05 0.0 0.0
1224 5.08081777058e-05 0.0 0.0
1225 5.08081777058e-05 0.0 0.0
1226 5.08081777058e-05 0.0 0.0
1227 5.08081777058e-05 0.0 0.0
1228 5.08081777058e-05 0.0 0.0
1229 5.08081777058e-05 0.0 0.0
1230 5.08081777058e-05 0.0 0.0
1231 5.08081777058e-05 0.0 0.0
1232 5.08081777058e-05 0.0 0.0
1233 5.08081777058e-05 0.0 0.0
1234 5.08081777058e-05 0.0 0.0
1235 5.08081777058e-05 0.0 0.0
1236 5.08081777058e-05 0.0 0.0
1237 5.08081777058e-05 0.0 0.0
1238 5.08081777058e-05 0.0 0.0
1239 5.08081777058e-05 0.0 0.0
1240 5.08081777058e-05 0.0 0.0
1241 5.08081777058e-05 0.0 0.0
1242 5.08081777058e-05 0.0 0.0
1243 5.08081777058e-05 0.0 0.0
1244 5.08081777058e-05 0.0 0.0
1245 5.08081777058e-05 0.0 0.0
1246 5.08081777058e-05 0.0 0.0
1247 5.08081777058e-05 0.0 0.0
1248 5.08081777058e-05 0.0 0.0
1249 5.08081777058e-05 0.0 0.0
1250 5.08081777058e-05 0.0 0.0
1251 5.08081777058e-05 0.0 0.0
1252 5.08081777058e-05 0.0 0.0
1253 5.08081777058e-05 0.0 0.0
1254 5.08081777058e-05 0.0 0.0
1255 5.08081777058e-05 0.0 0.0
1256 5.08081777058e-05 0.0 0.0
1257 5.08081777058e-05 0.0 0.0
1258 5.08081777058e-05 0.0 0.0
1259 5.08081777058e-05 0.0 0.0
1260 5.08081777058e-05 0.0 0.0
1261 5.08081777058e-05 0.0 0.0
1262 5.08081777058e-05 0.0 0.0
1263 5.08081777058e-05 0.0 0.0
1264 5.08081777058e-05 0.0 0.0
1265 5.08081777058e-05 0.0 0.0
1266 5.08081777058e-05 0.0 0.0
1267 5.08081777058e-05 0.0 0.0
1268 5.08081777058e-05 0.0 0.0
1269 5.08081777058e-05 0.0 0.0
1270 5.08081777058e-05 0.0 0.0
1271 5.08081777058e-05 0.0 0.0
1272 5.08081777058e-05 0.0 0.0
1273 5.08081777058e-05 0.0 0.0
1274 5.08081777058e-05 0.0 0.0
1275 5.08081777058e-05 0.0 0.0
1276 5.08081777058e-05 0.0 0.0
1277 5.08081777058e-05 0.0 0.0
1278 5.08081777058e-05 0.0 0.0
1279 5.08081777058e-05 0.0 0.0
1280 5.08081777058e-05 0.0 0.0
1281 5.08081777058e-05 0.0 0.0
1282 5.08081777058e-05 0.0 0.0
1283 5.08081777058e-05 0.0 0.0
1284 5.08081777058e-05 0.0 0.0
1285 5.08081777058e-05 0.0 0.0
1286 5.08081777058e-05 0.0 0.0
1287 5.08081777058e-05 0.0 0.0
1288 5.08081777058e-05 0.0 0.0
1289 5.08081777058e-05 0.0 0.0
1290 5.08081777058e-05 0.0 0.0
1291 5.08081777058e-05 0.0 0.0
1292 5.08081777058e-05 0.0 0.0
1293 5.08081777058e-05 0.0 0.0
1294 5.08081777058e-05 0.0 0.0
1295 5.08081777058e-05 0.0 0.0
1296 5.08081777058e-05 0.0 0.0
1297 5.08081777058e-05 0.0 0.0
1298 5.08081777058e-05 0.0 0.0
1299 5.08081777058e-05 0.0 0.0
1300 5.08081777058e-05 0.0 0.0
1301 5.08081777058e-05 0.0 0.0
1302 5.08081777058e-05 0.0 0.0
1303 5.08081777058e-05 0.0 0.0
1304 5.08081777058e-05 0.0 0.0
1305 5.08081777058e-05 0.0 0.0
1306 5.08081777058e-05 0.0 0.0
1307 5.08081777058e-05 0.0 0.0
1308 5.08081777058e-05 0.0 0.0
1309 5.08081777058e-05 0.0 0.0
1310 5.08081777058e-05 0.0 0.0
1311 5.08081777058e-05 0.0 0.0
1312 5.08081777058e-05 0.0 0.0
1313 5.08081777058e-05 0.0 0.0
1314 5.08081777058e-05 0.0 0.0
1315 5.08081777058e-05 0.0 0.0
1316 5.08081777058e-05 0.0 0.0
1317 5.08081777058e-05 0.0 0.0
1318 5.08081777058e-05 0.0 0.0
1319 5.08081777058e-05 0.0 0.0
1320 5.08081777058e-05 0.0 0.0
1321 5.08081777058e-05 0.0 0.0
1322 5.08081777058e-05 0.0 0.0
1323 5.08081777058e-05 0.0 0.0
1324 5.08081777058e-05 0.0 0.0
1325 5.08081777058e-05 0.0 0.0
1326 5.08081777058e-05 0.0 0.0
1327 5.08081777058e-05 0.0 0.0
1328 5.08081777058e-05 0.0 0.0
1329 5.08081777058e-05 0.0 0.0
1330 5.08081777058e-05 0.0 0.0
1331 5.08081777058e-05 0.0 0.0
1332 5.08081777058e-05 0.0 0.0
1333 5.08081777058e-05 0.0 0.0
1334 5.08081777058e-05 0.0 0.0
1335 5.08081777058e-05 0.0 0.0
1336 5.08081777058e-05 0.0 0.0
1337 5.08081777058e-05 0.0 0.0
1338 5.08081777058e-05 0.0 0.0
1339 5.08081777058e-05 0.0 0.0
1340 5.08081777058e-05 0.0 0.0
1341 5.08081777058e-05 0.0 0.0
1342 5.08081777058e-05 0.0 0.0
1343 5.08081777058e-05 0.0 0.0
1344 5.08081777058e-05 0.0 0.0
1345 5.08081777058e-05 0.0 0.0
1346 5.08081777058e-05 0.0 0.0
1347 5.08081777058e-05 0.0 0.0
1348 5.08081777058e-05 0.0 0.0
1349 5.08081777058e-05 0.0 0.0
1350 5.08081777058e-05 0.0 0.0
1351 5.08081777058e-05 0.0 0.0
1352 5.08081777058e-05 0.0 0.0
1353 5.08081777058e-05 0.0 0.0
1354 5.08081777058e-05 0.0 0.0
1355 5.08081777058e-05 0.0 0.0
1356 5.08081777058e-05 0.0 0.0
1357 5.08081777058e-05 0.0 0.0
1358 5.08081777058e-05 0.0 0.0
1359 5.08081777058e-05 0.0 0.0
1360 5.08081777058e-05 0.0 0.0
1361 5.08081777058e-05 0.0 0.0
1362 5.08081777058e-05 0.0 0.0
1363 5.08081777058e-05 0.0 0.0
1364 5.08081777058e-05 0.0 0.0
1365 5.08081777058e-05 0.0 0.0
1366 5.08081777058e-05 0.0 0.0
1367 5.08081777058e-05 0.0 0.0
1368 5.08081777058e-05 0.0 0.0
1369 5.08081777058e-05 0.0 0.0
1370 5.08081777058e-05 0.0 0.0
1371 5.08081777058e-05 0.0 0.0
1372 5.08081777058e-05 0.0 0.0
1373 5.08081777058e-05 0.0 0.0
1374 5.08081777058e-05 0.0 0.0
1375 5.08081777058e-05 0.0 0.0
1376 5.08081777058e-05 0.0 0.0
1377 5.08081777058e-05 0.0 0.0
1378 5.08081777058e-05 0.0 0.0
1379 5.08081777058e-05 0.0 0.0
1380 5.08081777058e-05 0.0 0.0
1381 5.08081777058e-05 0.0 0.0
1382 5.08081777058e-05 0.0 0.0
1383 5.08081777058e-05 0.0 0.0
1384 5.08081777058e-05 0.0 0.0
1385 5.08081777058e-05 0.0 0.0
1386 5.08081777058e-05 0.0 0.0
1387 5.08081777058e-05 0.0 0.0
1388 5.08081777058e-05 0.0 0.0
1389 5.08081777058e-05 0.0 0.0
1390 5.08081777058e-05 0.0 0.0
1391 5.08081777058e-05 0.0 0.0
1392 5.08081777058e-05 0.0 0.0
1393 5.08081777058e-05 0.0 0.0
1394 5.08081777058e-05 0.0 0.0
1395 5.08081777058e-05 0.0 0.0
1396 5.08081777058e-05 0.0 0.0
1397 5.08081777058e-05 0.0 0.0
1398 5.08081777058e-05 0.0 0.0
1399 5.08081777058e-05 0.0 0.0
1400 5.08081777058e-05 0.0 0.0
1401 5.08081777058e-05 0.0 0.0
1402 5.08081777058e-05 0.0 0.0
1403 5.08081777058e-05 0.0 0.0
1404 5.08081777058e-05 0.0 0.0
1405 5.08081777058e-05 0.0 0.0
1406 5.08081777058e-05 0.0 0.0
1407 5.08081777058e-05 0.0 0.0
1408 5.08081777058e-05 0.0 0.0
1409 5.08081777058e-05 0.0 0.0
1410 5.08081777058e-05 0.0 0.0
1411 5.08081777058e-05 0.0 0.0
1412 5.08081777058e-05 0.0 0.0
1413 5.08081777058e-05 0.0 0.0
1414 5.08081777058e-05 0.0 0.0
1415 5.08081777058e-05 0.0 0.0
1416 5.08081777058e-05 0.0 0.0
1417 5.08081777058e-05 0.0 0.0
1418 5.08081777058e-05 0.0 0.0
1419 5.08081777058e-05 0.0 0.0
1420 5.08081777058e-05 0.0 0.0
1421 5.08081777058e-05 0.0 0.0
1422 5.08081777058e-05 0.0 0.0
1423 5.08081777058e-05 0.0 0.0
1424 5.08081777058e-05 0.0 0.0
1425 5.08081777058e-05 0.0 0.0
1426 5.08081777058e-05 0.0 0.0
1427 5.08081777058e-05 0.0 0.0
1428 5.08081777058e-05 0.0 0.0
1429 5.08081777058e-05 0.0 0.0
1430 5.08081777058e-05 0.0 0.0
1431 5.08081777058e-05 0.0 0.0
1432 5.08081777058e-05 0.0 0.0
1433 5.08081777058e-05 0.0 0.0
1434 5.08081777058e-05 0.0 0.0
1435 5.08081777058e-05 0.0 0.0
1436 5.08081777058e-05 0.0 0.0
1437 5.08081777058e-05 0.0 0.0
1438 5.08081777058e-05 0.0 0.0
1439 5.08081777058e-05 0.0 0.0
1440 5.08081777058e-05 0.0 0.0
1441 5.08081777058e-05 0.0 0.0
1442 5.08081777058e-05 0.0 0.0
1443 5.08081777058e-05 0.0 0.0
1444 5.08081777058e-05 0.0 0.0
1445 5.08081777058e-05 0.0 0.0
1446 5.08081777058e-05 0.0 0.0
1447 5.08081777058e-05 0.0 0.0
1448 5.08081777058e-05 0.0 0.0
1449 5.08081777058e-05 0.0 0.0
1450 5.08081777058e-05 0.0 0.0
1451 5.05068442827e-05 0.0 0.0
1452 5.05068442827e-05 0.0 0.0
1453 5.05068442827e-05 0.0 0.0
1454 5.05068442827e-05 0.0 0.0
1455 5.05068442827e-05 0.0 0.0
1456 5.05068442827e-05 0.0 0.0
1457 5.05068442827e-05 0.0 0.0
1458 5.05068442827e-05 0.0 0.0
1459 5.05068442827e-05 0.0 0.0
1460 5.05068442827e-05 0.0 0.0
1461 5.05068442827e-05 0.0 0.0
1462 5.05068442827e-05 0.0 0.0
1463 5.05068442827e-05 0.0 0.0
1464 5.05068442827e-05 0.0 0.0
1465 5.05068442827e-05 0.0 0.0
1466 5.05068442827e-05 0.0 0.0
1467 5.05068442827e-05 0.0 0.0
1468 5.05068442827e-05 0.0 0.0
1469 5.05068442827e-05 0.0 0.0
1470 5.05068442827e-05 0.0 0.0
1471 5.05068442827e-05 0.0 0.0
1472 5.05068442827e-05 0.0 0.0
1473 5.05068442827e-05 0.0 0.0
1474 5.05068442827e-05 0.0 0.0
1475 5.05068442827e-05 0.0 0.0
1476 5.05068442827e-05 0.0 0.0
1477 5.05068442827e-05 0.0 0.0
1478 5.05068442827e-05 0.0 0.0
1479 5.05068442827e-05 0.0 0.0
1480 5.05068442827e-05 0.0 0.0
1481 5.05068442827e-05 0.0 0.0
1482 5.05068442827e-05 0.0 0.0
1483 5.05068442827e-05 0.0 0.0
1484 5.05068442827e-05 0.0 0.0
1485 5.05068442827e-05 0.0 0.0
1486 5.05068442827e-05 0.0 0.0
1487 5.05068442827e-05 0.0 0.0
1488 5.05068442827e-05 0.0 0.0
1489 5.05068442827e-05 0.0 0.0
1490 5.05068442827e-05 0.0 0.0
1491 5.05068442827e-05 0.0 0.0
1492 5.05068442827e-05 0.0 0.0
1493 5.05068442827e-05 0.0 0.0
1494 5.05068442827e-05 0.0 0.0
1495 5.05068442827e-05 0.0 0.0
1496 5.05068442827e-05 0.0 0.0
1497 5.05068442827e-05 0.0 0.0
1498 5.05068442827e-05 0.0 0.0
1499 5.05068442827e-05 0.0 0.0
1500 5.05068442827e-05 0.0 0.0
1501 5.05068442827e-05 0.0 0.0
1502 5.05068442827e-05 0.0 0.0
1503 5.05068442827e-05 0.0 0.0
1504 5.05068442827e-05 0.0 0.0
1505 5.05068442827e-05 0.0 0.0
1506 5.05068442827e-05 0.0 0.0
1507 5.05068442827e-05 0.0 0.0
1508 5.05068442827e-05 0.0 0.0
1509 5.05068442827e-05 0.0 0.0
1510 5.05068442827e-05 0.0 0.0
1511 5.05068442827e-05 0.0 0.0
1512 5.05068442827e-05 0.0 0.0
1513 5.05068442827e-05 0.0 0.0
1514 5.05068442827e-05 0.0 0.0
1515 5.05068442827e-05 0.0 0.0
1516 5.05068442827e-05 0.0 0.0
1517 5.05068442827e-05 0.0 0.0
1518 5.05068442827e-05 0.0 0.0
1519 5.05068442827e-05 0.0 0.0
1520 5.05068442827e-05 0.0 0.0
1521 5.05068442827e-05 0.0 0.0
1522 5.05068442827e-05 0.0 0.0
1523 5.05068442827e-05 0.0 0.0
1524 5.05068442827e-05 0.0 0.0
1525 5.05068442827e-05 0.0 0.0
1526 5.05068442827e-05 0.0 0.0
1527 5.05068442827e-05 0.0 0.0
1528 5.05068442827e-05 0.0 0.0
1529 5.05068442827e-05 0.0 0.0
1530 5.05068442827e-05 0.0 0.0
1531 5.05068442827e-05 0.0 0.0
1532 5.05068442827e-05 0.0 0.0
1533 5.05068442827e-05 0.0 0.0
1534 5.05068442827e-05 0.0 0.0
1535 5.05068442827e-05 0.0 0.0
1536 5.05068442827e-05 0.0 0.0
1537 5.05068442827e-05 0.0 0.0
1538 5.05068442827e-05 0.0 0.0
1539 5.05068442827e-05 0.0 0.0
1540 5.05068442827e-05 0.0 0.0
1541 5.05068442827e-05 0.0 0.0
1542 5.05068442827e-05 0.0 0.0
1543 5.05068442827e-05 0.0 0.0
1544 5.05068442827e-05 0.0 0.0
1545 5.05068442827e-05 0.0 0.0
1546 5.05068442827e-05 0.0 0.0
1547 5.05068442827e-05 0.0 0.0
1548 5.05068442827e-05 0.0 0.0
1549 5.05068442827e-05 0.0 0.0
1550 5.05068442827e-05 0.0 0.0
1551 8.03618298065e-05 0.0 0.0
1552 8.03618298065e-05 0.0 0.0
1553 8.03618298065e-05 0.0 0.0
1554 8.03618298065e-05 0.0 0.0
1555 8.03618298065e-05 0.0 0.0
1556 8.03618298065e-05 0.0 0.0
1557 8.03618298065e-05 0.0 0.0
1558 8.03618298065e-05 0.0 0.0
1559 8.03618298065e-05 0.0 0.0
1560 8.03618298065e-05 0.0 0.0
1561 8.03618298065e-05 0.0 0.0
1562 8.03618298065e-05 0.0 0.0
1563 8.03618298065e-05 0.0 0.0
1564 8.03618298065e-05 0.0 0.0
1565 8.03618298065e-05 0.0 0.0
1566 8.03618298065e-05 0.0 0.0
1567 8.03618298065e-05 0.0 0.0
1568 8.03618298065e-05 0.0 0.0
1569 8.03618298065e-05 0.0 0.0
1570 8.03618298065e-05 0.0 0.0
1571 8.03618298065e-05 0.0 0.0
1572 8.03618298065e-05 0.0 0.0
1573 8.03618298065e-05 0.0 0.0
1574 8.03618298065e-05 0.0 0.0
1575 8.03618298065e-05 0.0 0.0
1576 8.03618298065e-05 0.0 0.0
1577 8.03618298065e-05 0.0 0.0
1578 8.03618298065e-05 0.0 0.0
1579 8.03618298065e-05 0.0 0.0
1580 8.03618298065e-05 0.0 0.0
1581 8.03618298065e-05 0.0 0.0
1582 8.03618298065e-05 0.0 0.0
1583 8.03618298065e-05 0.0 0.0
1584 8.03618298065e-05 0.0 0.0
1585 8.03618298065e-05 0.0 0.0
1586 8.03618298065e-05 0.0 0.0
1587 8.03618298065e-05 0.0 0.0
1588 8.03618298065e-05 0.0 0.0
1589 8.03618298065e-05 0.0 0.0
1590 8.03618298065e-05 0.0 0.0
1591 8.03618298065e-05 0.0 0.0
1592 8.03618298065e-05 0.0 0.0
1593 8.03618298065e-05 0.0 0.0
1594 8.03618298065e-05 0.0 0.0
1595 8.03618298065e-05 0.0 0.0
1596 8.03618298065e-05 0.0 0.0
1597 8.03618298065e-05 0.0 0.0
1598 8.03618298065e-05 0.0 0.0
1599 8.03618298065e-05 0.0 0.0
1600 8.03618298065e-05 0.0 0.0
1601 8.03618298065e-05 0.0 0.0
1602 8.03618298065e-05 0.0 0.0
1603 8.03618298065e-05 0.0 0.0
1604 8.03618298065e-05 0.0 0.0
1605 8.03618298065e-05 0.0 0.0
1606 8.03618298065e-05 0.0 0.0
1607 8.03618298065e-05 0.0 0.0
1608 8.03618298065e-05 0.0 0.0
1609 8.03618298065e-05 0.0 0.0
1610 8.03618298065e-05 0.0 0.0
1611 8.03618298065e-05 0.0 0.0
1612 8.03618298065e-05 0.0 0.0
1613 8.03618298065e-05 0.0 0.0
1614 8.03618298065e-05 0.0 0.0
1615 8.03618298065e-05 0.0 0.0
1616 8.03618298065e-05 0.0 0.0
1617 8.03618298065e-05 0.0 0.0
1618 8.03618298065e-05 0.0 0.0
1619 8.03618298065e-05 0.0 0.0
1620 8.03618298065e-05 0.0 0.0
1621 8.03618298065e-05 0.0 0.0
1622 8.03618298065e-05 0.0 0.0
1623 8.03618298065e-05 0.0 0.0
1624 8.03618298065e-05 0.0 0.0
1625 8.03618298065e-05 0.0 0.0
1626 8.03618298065e-05 0.0 0.0
1627 8.03618298065e-05 0.0 0.0
1628 8.03618298065e-05 0.0 0.0
1629 8.03618298065e-05 0.0 0.0
1630 8.03618298065e-05 0.0 0.0
1631 8.03618298065e-05 0.0 0.0
1632 8.03618298065e-05 0.0 0.0
1633 8.03618298065e-05 0.0 0.0
1634 8.03618298065e-05 0.0 0.0
1635 8.03618298065e-05 0.0 0.0
1636 8.03618298065e-05 0.0 0.0
1637 8.03618298065e-05 0.0 0.0
1638 8.03618298065e-05 0.0 0.0
1639 8.03618298065e-05 0.0 0.0
1640 8.03618298065e-05 0.0 0.0
1641 8.03618298065e-05 0.0 0.0
1642 8.03618298065e-05 0.0 0.0
1643 8.03618298065e-05 0.0 0.0
1644 8.03618298065e-05 0.0 0.0
1645 8.03618298065e-05 0.0 0.0
1646 8.03618298065e-05 0.0 0.0
1647 8.03618298065e-05 0.0 0.0
1648 8.03618298065e-05 0.0 0.0
1649 8.03618298065e-05 0.0 0.0
1650 8.03618298065e-05 0.0 0.0
1651 8.03618298065e-05 0.0 0.0
1652 8.03618298065e-05 0.0 0.0
1653 8.03618298065e-05 0.0 0.0
1654 8.03618298065e-05 0.0 0.0
1655 8.03618298065e-05 0.0 0.0
1656 8.03618298065e-05 0.0 0.0
1657 8.03618298065e-05 0.0 0.0
1658 8.03618298065e-05 0.0 0.0
1659 8.03618298065e-05 0.0 0.0
1660 8.03618298065e-05 0.0 0.0
1661 8.03618298065e-05 0.0 0.0
1662 8.03618298065e-05 0.0 0.0
1663 8.03618298065e-05 0.0 0.0
1664 8.03618298065e-05 0.0 0.0
1665 8.03618298065e-05 0.0 0.0
1666 8.03618298065e-05 0.0 0.0
1667 8.03618298065e-05 0.0 0.0
1668 8.03618298065e-05 0.0 0.0
1669 8.03618298065e-05 0.0 0.0
1670 8.03618298065e-05 0.0 0.0
1671 8.03618298065e-05 0.0 0.0
1672 8.03618298065e-05 0.0 0.0
1673 8.03618298065e-05 0.0 0.0
1674 8.03618298065e-05 0.0 0.0
1675 8.03618298065e-05 0.0 0.0
1676 8.03618298065e-05 0.0 0.0
1677 8.03618298065e-05 0.0 0.0
1678 8.03618298065e-05 0.0 0.0
1679 8.03618298065e-05 0.0 0.0
1680 8.03618298065e-05 0.0 0.0
1681 8.03618298065e-05 0.0 0.0
1682 8.03618298065e-05 0.0 0.0
1683 8.03618298065e-05 0.0 0.0
1684 8.03618298065e-05 0.0 0.0
1685 8.03618298065e-05 0.0 0.0
1686 8.03618298065e-05 0.0 0.0
1687 8.03618298065e-05 0.0 0.0
1688 8.03618298065e-05 0.0 0.0
1689 8.03618298065e-05 0.0 0.0
1690 8.03618298065e-05 0.0 0.0
1691 8.03618298065e-05 0.0 0.0
1692 8.03618298065e-05 0.0 0.0
1693 8.03618298065e-05 0.0 0.0
1694 8.03618298065e-05 0.0 0.0
1695 8.03618298065e-05 0.0 0.0
1696 8.03618298065e-05 0.0 0.0
1697 8.03618298065e-05 0.0 0.0
1698 8.03618298065e-05 0.0 0.0
1699 8.03618298065e-05 0.0 0.0
1700 8.03618298065e-05 0.0 0.0
1701 8.03618298065e-05 0.0 0.0
1702 8.03618298065e-05 0.0 0.0
1703 8.03618298065e-05 0.0 0.0
1704 8.03618298065e-05 0.0 0.0
1705 8.03618298065e-05 0.0 0.0
1706 8.03618298065e-05 0.0 0.0
1707 8.03618298065e-05 0.0 0.0
1708 8.03618298065e-05 0.0 0.0
1709 8.03618298065e-05 0.0 0.0
1710 8.03618298065e-05 0.0 0.0
1711 8.03618298065e-05 0.0 0.0
1712 8.03618298065e-05 0.0 0.0
1713 8.03618298065e-05 0.0 0.0
1714 8.03618298065e-05 0.0 0.0
1715 8.03618298065e-05 0.0 0.0
1716 8.03618298065e-05 0.0 0.0
1717 8.03618298065e-05 0.0 0.0
1718 8.03618298065e-05 0.0 0.0
1719 8.03618298065e-05 0.0 0.0
1720 8.03618298065e-05 0.0 0.0
1721 8.03618298065e-05 0.0 0.0
1722 8.03618298065e-05 0.0 0.0
1723 8.03618298065e-05 0.0 0.0
1724 8.03618298065e-05 0.0 0.0
1725 8.03618298065e-05 0.0 0.0
1726 8.03618298065e-05 0.0 0.0
1727 8.03618298065e-05 0.0 0.0
1728 8.03618298065e-05 0.0 0.0
1729 8.03618298065e-05 0.0 0.0
1730 8.03618298065e-05 0.0 0.0
1731 8.03618298065e-05 0.0 0.0
1732 8.03618298065e-05 0.0 0.0
1733 8.03618298065e-05 0.0 0.0
1734 8.03618298065e-05 0.0 0.0
1735 8.03618298065e-05 0.0 0.0
1736 8.03618298065e-05 0.0 0.0
1737 8.03618298065e-05 0.0 0.0
1738 8.03618298065e-05 0.0 0.0
1739 8.03618298065e-05 0.0 0.0
1740 8.03618298065e-05 0.0 0.0
1741 8.03618298065e-05 0.0 0.0
1742 8.03618298065e-05 0.0 0.0
1743 8.03618298065e-05 0.0 0.0
1744 8.03618298065e-05 0.0 0.0
1745 8.03618298065e-05 0.0 0.0
1746 8.03618298065e-05 0.0 0.0
1747 8.03618298065e-05 0.0 0.0
1748 8.03618298065e-05 0.0 0.0
1749 8.03618298065e-05 0.0 0.0
1750 8.03618298065e-05 0.0 0.0
