0 0.0 0.0 0.0
1 0.0 0.0 0.0
2 0.0145449938639 0.0 0.0
3 0.0145449938639 0.0 0.0
4 -0.00772746378765 0.0 0.0
5 -0.00772746378765 0.0 0.0
6 -0.00921290291157 0.0 0.0
7 -0.00921290291157 0.0 0.0
8 -0.00921290291157 0.0 0.0
9 -0.00921290291157 0.0 0.0
10 -0.00921290291157 0.0 0.0
11 -0.00921290291157 0.0 0.0
12 -0.00322491578231 0.0 0.0
13 -0.00322491578231 0.0 0.0
14 -0.00322491578231 0.0 0.0
15 -0.00322491578231 0.0 0.0
16 -0.00322491578231 0.0 0.0
17 -0.00322491578231 0.0 0.0
18 -0.00322491578231 0.0 0.0
19 -0.00322491578231 0.0 0.0
20 -0.00322491578231 0.0 0.0
21 -0.00322491578231 0.0 0.0
22 -0.00322491578231 0.0 0.0
23 -0.00322491578231 0.0 0.0
24 -0.00322491578231 0.0 0.0
25 -0.00322491578231 0.0 0.0
26 -0.00322491578231 0.0 0.0
27 -0.00322491578231 0.0 0.0
28 -0.00322491578231 0.0 0.0
29 -0.00322491578231 0.0 0.0
30 -0.000178603687249 0.0 0.0
31 -0.000178603687249 0.0 0.0
32 -0.000178603687249 0.0 0.0
33 -0.000178603687249 0.0 0.0
34 -0.000178603687249 0.0 0.0
35 -0.000178603687249 0.0 0.0
36 -0.000178603687249 0.0 0.0
37 -0.000178603687249 0.0 0.0
38 -0.000178603687249 0.0 0.0
39 -0.000178603687249 0.0 0.0
40 -0.000178603687249 0.0 0.0
41 -0.000178603687249 0.0 0.0
42 -0.000178603687249 0.0 0.0
43 -0.000178603687249 0.0 0.0
44 -0.000178603687249 0.0 0.0
45 -0.000178603687249 0.0 0.0
46 -0.000199421889323 0.0 0.0
47 -0.000199421889323 0.0 0.0
48 -0.000199421889323 0.0 0.0
49 -0.000199421889323 0.0 0.0
50 -0.000199421889323 0.0 0.0
51 -0.000199421889323 0.0 0.0
52 -0.000199421889323 0.0 0.0
53 -0.000199421889323 0.0 0.0
54 -0.000199421889323 0.0 0.0
55 -0.000199421889323 0.0 0.0
56 -0.000199421889323 0.0 0.0
57 -0.000199421889323 0.0 0.0
58 -0.000199421889323 0.0 0.0
59 -0.000199421889323 0.0 0.0
60 -0.000199421889323 0.0 0.0
61 -0.000199421889323 0.0 0.0
62 -0.000199421889323 0.0 0.0
63 -0.000199421889323 0.0 0.0
64 -0.000199421889323 0.0 0.0
65 -0.000199421889323 0.0 0.0
66 -0.000199421889323 0.0 0.0
67 -0.000199421889323 0.0 0.0
68 -0.000199421889323 0.0 0.0
69 -0.000199421889323 0.0 0.0
70 -0.000199421889323 0.0 0.0
71 -0.000199421889323 0.0 0.0
72 -0.000199421889323 0.0 0.0
73 -0.000199421889323 0.0 0.0
74 -0.000199421889323 0.0 0.0
75 -0.000199421889323 0.0 0.0
76 -0.000330779403572 0.0 0.0
77 -0.000330779403572 0.0 0.0
78 -0.000330779403572 0.0 0.0
79 -0.000330779403572 0.0 0.0
80 -0.000330779403572 0.0 0.0
81 -0.000330779403572 0.0 0.0
82 -0.000330779403572 0.0 0.0
83 -0.000330779403572 0.0 0.0
84 -0.000330779403572 0.0 0.0
85 -0.000330779403572 0.0 0.0
86 -0.000330779403572 0.0 0.0
87 -0.000330779403572 0.0 0.0
88 -0.000330779403572 0.0 0.0
89 -0.000330779403572 0.0 0.0
90 -0.000330779403572 0.0 0.0
91 -0.000321024096131 0.0 0.0
92 -0.000321024096131 0.0 0.0
93 -0.000321024096131 0.0 0.0
94 -0.000321024096131 0.0 0.0
95 -0.000321024096131 0.0 0.0
96 -0.000321024096131 0.0 0.0
97 -0.000321024096131 0.0 0.0
98 -0.000321024096131 0.0 0.0
99 -0.000321024096131 0.0 0.0
100 -0.000321024096131 0.0 0.0
101 -0.000321024096131 0.0 0.0
102 -0.000321024096131 0.0 0.0
103 -0.000321024096131 0.0 0.0
104 -0.000321024096131 0.0 0.0
105 -0.000321024096131 0.0 0.0
106 -0.000321024096131 0.0 0.0
107 -0.000321024096131 0.0 0.0
108 -0.000321024096131 0.0 0.0
109 -0.000321024096131 0.0 0.0
110 -0.000321024096131 0.0 0.0
111 -0.000321024096131 0.0 0.0
112 -0.000321024096131 0.0 0.0
113 -0.000321024096131 0.0 0.0
114 -0.000321024096131 0.0 0.0
115 -0.000321024096131 0.0 0.0
116 -0.000321024096131 0.0 0.0
117 -0.000321024096131 0.0 0.0
118 -0.000321024096131 0.0 0.0
119 -0.000321024096131 0.0 0.0
120 -0.000321024096131 0.0 0.0
121 -0.000369455290894 0.0 0.0
122 -0.000369455290894 0.0 0.0
123 -0.000369455290894 0.0 0.0
124 -0.000369455290894 0.0 0.0
125 -0.000369455290894 0.0 0.0
126 -0.000369455290894 0.0 0.0
127 -0.000369455290894 0.0 0.0
128 -0.000369455290894 0.0 0.0
129 -0.000369455290894 0.0 0.0
130 -0.000369455290894 0.0 0.0
131 -0.000369455290894 0.0 0.0
132 -0.000369455290894 0.0 0.0
133 -0.000369455290894 0.0 0.0
134 -0.000369455290894 0.0 0.0
135 -0.000369455290894 0.0 0.0
136 -0.000349918116797 0.0 0.0
137 -0.000349918116797 0.0 0.0
138 -0.000349918116797 0.0 0.0
139 -0.000349918116797 0.0 0.0
140 -0.000349918116797 0.0 0.0
141 -0.000349918116797 0.0 0.0
142 -0.000349918116797 0.0 0.0
143 -0.000349918116797 0.0 0.0
144 -0.000349918116797 0.0 0.0
145 -0.000349918116797 0.0 0.0
146 -0.000349918116797 0.0 0.0
147 -0.000349918116797 0.0 0.0
148 -0.000349918116797 0.0 0.0
149 -0.000349918116797 0.0 0.0
150 -0.000349918116797 0.0 0.0
151 -0.000349918116797 0.0 0.0
152 -0.000349918116797 0.0 0.0
153 -0.000349918116797 0.0 0.0
154 -0.000349918116797 0.0 0.0
155 -0.000349918116797 0.0 0.0
156 -0.000349918116797 0.0 0.0
157 -0.000349918116797 0.0 0.0
158 -0.000349918116797 0.0 0.0
159 -0.000349918116797 0.0 0.0
160 -0.000349918116797 0.0 0.0
161 -0.000344187977627 0.0 0.0
162 -0.000344187977627 0.0 0.0
163 -0.000344187977627 0.0 0.0
164 -0.000344187977627 0.0 0.0
165 -0.000344187977627 0.0 0.0
166 -0.000344187977627 0.0 0.0
167 -0.000344187977627 0.0 0.0
168 -0.000344187977627 0.0 0.0
169 -0.000344187977627 0.0 0.0
170 -0.000344187977627 0.0 0.0
171 -0.000344187977627 0.0 0.0
172 -0.000344187977627 0.0 0.0
173 -0.000344187977627 0.0 0.0
174 -0.000344187977627 0.0 0.0
175 -0.000344187977627 0.0 0.0
176 -0.000344187977627 0.0 0.0
177 -0.000344187977627 0.0 0.0
178 -0.000344187977627 0.0 0.0
179 -0.000344187977627 0.0 0.0
180 -0.000344187977627 0.0 0.0
181 -0.000344187977627 0.0 0.0
182 -0.000344187977627 0.0 0.0
183 -0.000344187977627 0.0 0.0
184 -0.000344187977627 0.0 0.0
185 -0.000344187977627 0.0 0.0
186 -0.000344187977627 0.0 0.0
187 -0.000344187977627 0.0 0.0
188 -0.000344187977627 0.0 0.0
189 -0.000344187977627 0.0 0.0
190 -0.000344187977627 0.0 0.0
191 -0.000344187977627 0.0 0.0
192 -0.000344187977627 0.0 0.0
193 -0.000344187977627 0.0 0.0
194 -0.000344187977627 0.0 0.0
195 -0.000344187977627 0.0 0.0
196 -0.000344187977627 0.0 0.0
197 -0.000344187977627 0.0 0.0
198 -0.000344187977627 0.0 0.0
199 -0.000344187977627 0.0 0.0
200 -0.000344187977627 0.0 0.0
201 -0.000636717434814 0.0 0.0
202 -0.000636717434814 0.0 0.0
203 -0.000636717434814 0.0 0.0
204 -0.000636717434814 0.0 0.0
205 -0.000636717434814 0.0 0.0
206 -0.000636717434814 0.0 0.0
207 -0.000636717434814 0.0 0.0
208 -0.000636717434814 0.0 0.0
209 -0.000636717434814 0.0 0.0
210 -0.000636717434814 0.0 0.0
211 -0.000636717434814 0.0 0.0
212 -0.000636717434814 0.0 0.0
213 -0.000636717434814 0.0 0.0
214 -0.000636717434814 0.0 0.0
215 -0.000636717434814 0.0 0.0
216 -0.000636717434814 0.0 0.0
217 -0.000636717434814 0.0 0.0
218 -0.000636717434814 0.0 0.0
219 -0.000636717434814 0.0 0.0
220 -0.000636717434814 0.0 0.0
221 -0.000636717434814 0.0 0.0
222 -0.000636717434814 0.0 0.0
223 -0.000636717434814 0.0 0.0
224 -0.000636717434814 0.0 0.0
225 -0.000636717434814 0.0 0.0
226 -0.000636717434814 0.0 0.0
227 -0.000636717434814 0.0 0.0
228 -0.000636717434814 0.0 0.0
229 -0.000636717434814 0.0 0.0
230 -0.000636717434814 0.0 0.0
231 -0.000636717434814 0.0 0.0
232 -0.000636717434814 0.0 0.0
233 -0.000636717434814 0.0 0.0
234 -0.000636717434814 0.0 0.0
235 -0.000636717434814 0.0 0.0
236 -0.000636717434814 0.0 0.0
237 -0.000636717434814 0.0 0.0
238 -0.000636717434814 0.0 0.0
239 -0.000636717434814 0.0 0.0
240 -0.000636717434814 0.0 0.0
241 -0.000636717434814 0.0 0.0
242 -0.000636717434814 0.0 0.0
243 -0.000636717434814 0.0 0.0
244 -0.000636717434814 0.0 0.0
245 -0.000636717434814 0.0 0.0
246 -0.000636717434814 0.0 0.0
247 -0.000636717434814 0.0 0.0
248 -0.000636717434814 0.0 0.0
249 -0.000636717434814 0.0 0.0
250 -0.000636717434814 0.0 0.0
251 -0.000636717434814 0.0 0.0
252 -0.000636717434814 0.0 0.0
253 -0.000636717434814 0.0 0.0
254 -0.000636717434814 0.0 0.0
255 -0.000636717434814 0.0 0.0
256 -0.000636717434814 0.0 0.0
257 -0.000636717434814 0.0 0.0
258 -0.000636717434814 0.0 0.0
259 -0.000636717434814 0.0 0.0
260 -0.000636717434814 0.0 0.0
261 -0.000636717434814 0.0 0.0
262 -0.000636717434814 0.0 0.0
263 -0.000636717434814 0.0 0.0
264 -0.000636717434814 0.0 0.0
265 -0.000636717434814 0.0 0.0
266 -0.000636717434814 0.0 0.0
267 -0.000636717434814 0.0 0.0
268 -0.000636717434814 0.0 0.0
269 -0.000636717434814 0.0 0.0
270 -0.000636717434814 0.0 0.0
271 -0.0009175865241 0.0 0.0
272 -0.0009175865241 0.0 0.0
273 -0.0009175865241 0.0 0.0
274 -0.0009175865241 0.0 0.0
275 -0.0009175865241 0.0 0.0
276 -0.0009175865241 0.0 0.0
277 -0.0009175865241 0.0 0.0
278 -0.0009175865241 0.0 0.0
279 -0.0009175865241 0.0 0.0
280 -0.0009175865241 0.0 0.0
281 -0.0009175865241 0.0 0.0
282 -0.0009175865241 0.0 0.0
283 -0.0009175865241 0.0 0.0
284 -0.0009175865241 0.0 0.0
285 -0.0009175865241 0.0 0.0
286 -0.0009175865241 0.0 0.0
287 -0.0009175865241 0.0 0.0
288 -0.0009175865241 0.0 0.0
289 -0.0009175865241 0.0 0.0
290 -0.0009175865241 0.0 0.0
291 -0.0009175865241 0.0 0.0
292 -0.0009175865241 0.0 0.0
293 -0.0009175865241 0.0 0.0
294 -0.0009175865241 0.0 0.0
295 -0.0009175865241 0.0 0.0
296 -0.0009175865241 0.0 0.0
297 -0.0009175865241 0.0 0.0
298 -0.0009175865241 0.0 0.0
299 -0.0009175865241 0.0 0.0
300 -0.0009175865241 0.0 0.0
301 -0.0009175865241 0.0 0.0
302 -0.0009175865241 0.0 0.0
303 -0.0009175865241 0.0 0.0
304 -0.0009175865241 0.0 0.0
305 -0.0009175865241 0.0 0.0
306 -0.0009175865241 0.0 0.0
307 -0.0009175865241 0.0 0.0
308 -0.0009175865241 0.0 0.0
309 -0.0009175865241 0.0 0.0
310 -0.0009175865241 0.0 0.0
311 -0.0009175865241 0.0 0.0
312 -0.0009175865241 0.0 0.0
313 -0.0009175865241 0.0 0.0
314 -0.0009175865241 0.0 0.0
315 -0.0009175865241 0.0 0.0
316 -0.0009175865241 0.0 0.0
317 -0.0009175865241 0.0 0.0
318 -0.0009175865241 0.0 0.0
319 -0.0009175865241 0.0 0.0
320 -0.0009175865241 0.0 0.0
321 -0.0009175865241 0.0 0.0
322 -0.0009175865241 0.0 0.0
323 -0.0009175865241 0.0 0.0
324 -0.0009175865241 0.0 0.0
325 -0.0009175865241 0.0 0.0
326 -0.00183576536033 0.0 0.0
327 -0.00183576536033 0.0 0.0
328 -0.00183576536033 0.0 0.0
329 -0.00183576536033 0.0 0.0
330 -0.00183576536033 0.0 0.0
331 -0.00183576536033 0.0 0.0
332 -0.00183576536033 0.0 0.0
333 -0.00183576536033 0.0 0.0
334 -0.00183576536033 0.0 0.0
335 -0.00183576536033 0.0 0.0
336 -0.00183576536033 0.0 0.0
337 -0.00183576536033 0.0 0.0
338 -0.00183576536033 0.0 0.0
339 -0.00183576536033 0.0 0.0
340 -0.00183576536033 0.0 0.0
341 -0.00183576536033 0.0 0.0
342 -0.00183576536033 0.0 0.0
343 -0.00183576536033 0.0 0.0
344 -0.00183576536033 0.0 0.0
345 -0.00183576536033 0.0 0.0
346 -0.00183576536033 0.0 0.0
347 -0.00183576536033 0.0 0.0
348 -0.00183576536033 0.0 0.0
349 -0.00183576536033 0.0 0.0
350 -0.00183576536033 0.0 0.0
351 -0.00183576536033 0.0 0.0
352 -0.00183576536033 0.0 0.0
353 -0.00183576536033 0.0 0.0
354 -0.00183576536033 0.0 0.0
355 -0.00183576536033 0.0 0.0
356 -0.00183576536033 0.0 0.0
357 -0.00183576536033 0.0 0.0
358 -0.00183576536033 0.0 0.0
359 -0.00183576536033 0.0 0.0
360 -0.00183576536033 0.0 0.0
361 -0.00183576536033 0.0 0.0
362 -0.00183576536033 0.0 0.0
363 -0.00183576536033 0.0 0.0
364 -0.00183576536033 0.0 0.0
365 -0.00183576536033 0.0 0.0
366 -0.00183576536033 0.0 0.0
367 -0.00183576536033 0.0 0.0
368 -0.00183576536033 0.0 0.0
369 -0.00183576536033 0.0 0.0
370 -0.00183576536033 0.0 0.0
371 -0.00183576536033 0.0 0.0
372 -0.00183576536033 0.0 0.0
373 -0.00183576536033 0.0 0.0
374 -0.00183576536033 0.0 0.0
375 -0.00183576536033 0.0 0.0
376 -7.22721412392e-07 0.0 0.0
377 -7.22721412392e-07 0.0 0.0
378 -7.22721412392e-07 0.0 0.0
379 -7.22721412392e-07 0.0 0.0
380 -7.22721412392e-07 0.0 0.0
381 -7.22721412392e-07 0.0 0.0
382 -7.22721412392e-07 0.0 0.0
383 -7.22721412392e-07 0.0 0.0
384 -7.22721412392e-07 0.0 0.0
385 -7.22721412392e-07 0.0 0.0
386 -7.22721412392e-07 0.0 0.0
387 -7.22721412392e-07 0.0 0.0
388 -7.22721412392e-07 0.0 0.0
389 -7.22721412392e-07 0.0 0.0
390 -7.22721412392e-07 0.0 0.0
391 -7.22721412392e-07 0.0 0.0
392 -7.22721412392e-07 0.0 0.0
393 -7.22721412392e-07 0.0 0.0
394 -7.22721412392e-07 0.0 0.0
395 -7.22721412392e-07 0.0 0.0
396 -7.22721412392e-07 0.0 0.0
397 -7.22721412392e-07 0.0 0.0
398 -7.22721412392e-07 0.0 0.0
399 -7.22721412392e-07 0.0 0.0
400 -7.22721412392e-07 0.0 0.0
401 -7.22721412392e-07 0.0 0.0
402 -7.22721412392e-07 0.0 0.0
403 -7.22721412392e-07 0.0 0.0
404 -7.22721412392e-07 0.0 0.0
405 -7.22721412392e-07 0.0 0.0
406 -7.22721412392e-07 0.0 0.0
407 -7.22721412392e-07 0.0 0.0
408 -7.22721412392e-07 0.0 0.0
409 -7.22721412392e-07 0.0 0.0
410 -7.22721412392e-07 0.0 0.0
411 -7.22721412392e-07 0.0 0.0
412 -7.22721412392e-07 0.0 0.0
413 -7.22721412392e-07 0.0 0.0
414 -7.22721412392e-07 0.0 0.0
415 -7.22721412392e-07 0.0 0.0
416 -7.22721412392e-07 0.0 0.0
417 -7.22721412392e-07 0.0 0.0
418 -7.22721412392e-07 0.0 0.0
419 -7.22721412392e-07 0.0 0.0
420 -7.22721412392e-07 0.0 0.0
421 -7.22721412392e-07 0.0 0.0
422 -7.22721412392e-07 0.0 0.0
423 -7.22721412392e-07 0.0 0.0
424 -7.22721412392e-07 0.0 0.0
425 -7.22721412392e-07 0.0 0.0
426 0.0204081632653 0.0 0.0
427 0.0204081632653 0.0 0.0
428 0.0204081632653 0.0 0.0
429 0.0204081632653 0.0 0.0
430 0.0204081632653 0.0 0.0
431 0.0204081632653 0.0 0.0
432 0.0204081632653 0.0 0.0
433 0.0204081632653 0.0 0.0
434 0.0204081632653 0.0 0.0
435 0.0204081632653 0.0 0.0
436 0.0204081632653 0.0 0.0
437 0.0204081632653 0.0 0.0
438 0.0204081632653 0.0 0.0
439 0.0204081632653 0.0 0.0
440 0.0204081632653 0.0 0.0
441 0.0204081632653 0.0 0.0
442 0.0204081632653 0.0 0.0
443 0.0204081632653 0.0 0.0
444 0.0204081632653 0.0 0.0
445 0.0204081632653 0.0 0.0
446 0.0204081632653 0.0 0.0
447 0.0204081632653 0.0 0.0
448 0.0204081632653 0.0 0.0
449 0.0204081632653 0.0 0.0
450 0.0204081632653 0.0 0.0
451 0.0204081632653 0.0 0.0
452 0.0204081632653 0.0 0.0
453 0.0204081632653 0.0 0.0
454 0.0204081632653 0.0 0.0
455 0.0204081632653 0.0 0.0
456 0.0204081632653 0.0 0.0
457 0.0204081632653 0.0 0.0
458 0.0204081632653 0.0 0.0
459 0.0204081632653 0.0 0.0
460 0.0204081632653 0.0 0.0
461 0.0204081632653 0.0 0.0
462 0.0204081632653 0.0 0.0
463 0.0204081632653 0.0 0.0
464 0.0204081632653 0.0 0.0
465 0.0204081632653 0.0 0.0
466 0.0204081632653 0.0 0.0
467 0.0204081632653 0.0 0.0
468 0.0204081632653 0.0 0.0
469 0.0204081632653 0.0 0.0
470 0.0204081632653 0.0 0.0
471 0.0204081632653 0.0 0.0
472 0.0204081632653 0.0 0.0
473 0.0204081632653 0.0 0.0
474 0.0204081632653 0.0 0.0
475 0.0204081632653 0.0 0.0
476 0.000646796345353 0.0 0.0
477 0.000646796345353 0.0 0.0
478 0.000646796345353 0.0 0.0
479 0.000646796345353 0.0 0.0
480 0.000646796345353 0.0 0.0
481 0.000646796345353 0.0 0.0
482 0.000646796345353 0.0 0.0
483 0.000646796345353 0.0 0.0
484 0.000646796345353 0.0 0.0
485 0.000646796345353 0.0 0.0
486 0.000646796345353 0.0 0.0
487 0.000646796345353 0.0 0.0
488 0.000646796345353 0.0 0.0
489 0.000646796345353 0.0 0.0
490 0.000646796345353 0.0 0.0
491 0.000646796345353 0.0 0.0
492 0.000646796345353 0.0 0.0
493 0.000646796345353 0.0 0.0
494 0.000646796345353 0.0 0.0
495 0.000646796345353 0.0 0.0
496 0.000646796345353 0.0 0.0
497 0.000646796345353 0.0 0.0
498 0.000646796345353 0.0 0.0
499 0.000646796345353 0.0 0.0
500 0.000646796345353 0.0 0.0
501 0.000646796345353 0.0 0.0
502 0.000646796345353 0.0 0.0
503 0.000646796345353 0.0 0.0
504 0.000646796345353 0.0 0.0
505 0.000646796345353 0.0 0.0
506 0.000646796345353 0.0 0.0
507 0.000646796345353 0.0 0.0
508 0.000646796345353 0.0 0.0
509 0.000646796345353 0.0 0.0
510 0.000646796345353 0.0 0.0
511 0.000646796345353 0.0 0.0
512 0.000646796345353 0.0 0.0
513 0.000646796345353 0.0 0.0
514 0.000646796345353 0.0 0.0
515 0.000646796345353 0.0 0.0
516 0.000646796345353 0.0 0.0
517 0.000646796345353 0.0 0.0
518 0.000646796345353 0.0 0.0
519 0.000646796345353 0.0 0.0
520 0.000646796345353 0.0 0.0
521 0.000646796345353 0.0 0.0
522 0.000646796345353 0.0 0.0
523 0.000646796345353 0.0 0.0
524 0.000646796345353 0.0 0.0
525 0.000646796345353 0.0 0.0
526 -0.00215428951331 0.0 0.0
527 -0.00215428951331 0.0 0.0
528 -0.00215428951331 0.0 0.0
529 -0.00215428951331 0.0 0.0
530 -0.00215428951331 0.0 0.0
531 -0.00215428951331 0.0 0.0
532 -0.00215428951331 0.0 0.0
533 -0.00215428951331 0.0 0.0
534 -0.00215428951331 0.0 0.0
535 -0.00215428951331 0.0 0.0
536 -0.00215428951331 0.0 0.0
537 -0.00215428951331 0.0 0.0
538 -0.00215428951331 0.0 0.0
539 -0.00215428951331 0.0 0.0
540 -0.00215428951331 0.0 0.0
541 -0.00215428951331 0.0 0.0
542 -0.00215428951331 0.0 0.0
543 -0.00215428951331 0.0 0.0
544 -0.00215428951331 0.0 0.0
545 -0.00215428951331 0.0 0.0
546 -0.00215428951331 0.0 0.0
547 -0.00215428951331 0.0 0.0
548 -0.00215428951331 0.0 0.0
549 -0.00215428951331 0.0 0.0
550 -0.00215428951331 0.0 0.0
551 -0.00215428951331 0.0 0.0
552 -0.00215428951331 0.0 0.0
553 -0.00215428951331 0.0 0.0
554 -0.00215428951331 0.0 0.0
555 -0.00215428951331 0.0 0.0
556 -0.00215428951331 0.0 0.0
557 -0.00215428951331 0.0 0.0
558 -0.00215428951331 0.0 0.0
559 -0.00215428951331 0.0 0.0
560 -0.00215428951331 0.0 0.0
561 -0.00215428951331 0.0 0.0
562 -0.00215428951331 0.0 0.0
563 -0.00215428951331 0.0 0.0
564 -0.00215428951331 0.0 0.0
565 -0.00215428951331 0.0 0.0
566 -0.00215428951331 0.0 0.0
567 -0.00215428951331 0.0 0.0
568 -0.00215428951331 0.0 0.0
569 -0.00215428951331 0.0 0.0
570 -0.00215428951331 0.0 0.0
571 -0.00215428951331 0.0 0.0
572 -0.00215428951331 0.0 0.0
573 -0.00215428951331 0.0 0.0
574 -0.00215428951331 0.0 0.0
575 -0.00215428951331 0.0 0.0
576 -0.00237111688156 0.0 0.0
577 -0.00237111688156 0.0 0.0
578 -0.00237111688156 0.0 0.0
579 -0.00237111688156 0.0 0.0
580 -0.00237111688156 0.0 0.0
581 -0.00237111688156 0.0 0.0
582 -0.00237111688156 0.0 0.0
583 -0.00237111688156 0.0 0.0
584 -0.00237111688156 0.0 0.0
585 -0.00237111688156 0.0 0.0
586 -0.00237111688156 0.0 0.0
587 -0.00237111688156 0.0 0.0
588 -0.00237111688156 0.0 0.0
589 -0.00237111688156 0.0 0.0
590 -0.00237111688156 0.0 0.0
591 -0.00237111688156 0.0 0.0
592 -0.00237111688156 0.0 0.0
593 -0.00237111688156 0.0 0.0
594 -0.00237111688156 0.0 0.0
595 -0.00237111688156 0.0 0.0
596 -0.00237111688156 0.0 0.0
597 -0.00237111688156 0.0 0.0
598 -0.00237111688156 0.0 0.0
599 -0.00237111688156 0.0 0.0
600 -0.00237111688156 0.0 0.0
601 -0.00237111688156 0.0 0.0
602 -0.00237111688156 0.0 0.0
603 -0.00237111688156 0.0 0.0
604 -0.00237111688156 0.0 0.0
605 -0.00237111688156 0.0 0.0
606 -0.00237111688156 0.0 0.0
607 -0.00237111688156 0.0 0.0
608 -0.00237111688156 0.0 0.0
609 -0.00237111688156 0.0 0.0
610 -0.00237111688156 0.0 0.0
611 -0.00237111688156 0.0 0.0
612 -0.00237111688156 0.0 0.0
613 -0.00237111688156 0.0 0.0
614 -0.00237111688156 0.0 0.0
615 -0.00237111688156 0.0 0.0
616 -0.00237111688156 0.0 0.0
617 -0.00237111688156 0.0 0.0
618 -0.00237111688156 0.0 0.0
619 -0.00237111688156 0.0 0.0
620 -0.00237111688156 0.0 0.0
621 -0.00237111688156 0.0 0.0
622 -0.00237111688156 0.0 0.0
623 -0.00237111688156 0.0 0.0
624 -0.00237111688156 0.0 0.0
625 -0.00237111688156 0.0 0.0
626 -0.000802513436446 0.0 0.0
627 -0.000802513436446 0.0 0.0
628 -0.000802513436446 0.0 0.0
629 -0.000802513436446 0.0 0.0
630 -0.000802513436446 0.0 0.0
631 -0.000802513436446 0.0 0.0
632 -0.000802513436446 0.0 0.0
633 -0.000802513436446 0.0 0.0
634 -0.000802513436446 0.0 0.0
635 -0.000802513436446 0.0 0.0
636 -0.000802513436446 0.0 0.0
637 -0.000802513436446 0.0 0.0
638 -0.000802513436446 0.0 0.0
639 -0.000802513436446 0.0 0.0
640 -0.000802513436446 0.0 0.0
641 -0.000802513436446 0.0 0.0
642 -0.000802513436446 0.0 0.0
643 -0.000802513436446 0.0 0.0
644 -0.000802513436446 0.0 0.0
645 -0.000802513436446 0.0 0.0
646 -0.000802513436446 0.0 0.0
647 -0.000802513436446 0.0 0.0
648 -0.000802513436446 0.0 0.0
649 -0.000802513436446 0.0 0.0
650 -0.000802513436446 0.0 0.0
651 -0.000802513436446 0.0 0.0
652 -0.000802513436446 0.0 0.0
653 -0.000802513436446 0.0 0.0
654 -0.000802513436446 0.0 0.0
655 -0.000802513436446 0.0 0.0
656 -0.000802513436446 0.0 0.0
657 -0.000802513436446 0.0 0.0
658 -0.000802513436446 0.0 0.0
659 -0.000802513436446 0.0 0.0
660 -0.000802513436446 0.0 0.0
661 -0.000802513436446 0.0 0.0
662 -0.000802513436446 0.0 0.0
663 -0.000802513436446 0.0 0.0
664 -0.000802513436446 0.0 0.0
665 -0.000802513436446 0.0 0.0
666 -0.000802513436446 0.0 0.0
667 -0.000802513436446 0.0 0.0
668 -0.000802513436446 0.0 0.0
669 -0.000802513436446 0.0 0.0
670 -0.000802513436446 0.0 0.0
671 -0.000802513436446 0.0 0.0
672 -0.000802513436446 0.0 0.0
673 -0.000802513436446 0.0 0.0
674 -0.000802513436446 0.0 0.0
675 -0.000802513436446 0.0 0.0
676 -0.000674815296499 0.0 0.0
677 -0.000674815296499 0.0 0.0
678 -0.000674815296499 0.0 0.0
679 -0.000674815296499 0.0 0.0
680 -0.000674815296499 0.0 0.0
681 -0.000674815296499 0.0 0.0
682 -0.000674815296499 0.0 0.0
683 -0.000674815296499 0.0 0.0
684 -0.000674815296499 0.0 0.0
685 -0.000674815296499 0.0 0.0
686 -0.000674815296499 0.0 0.0
687 -0.000674815296499 0.0 0.0
688 -0.000674815296499 0.0 0.0
689 -0.000674815296499 0.0 0.0
690 -0.000674815296499 0.0 0.0
691 -0.000674815296499 0.0 0.0
692 -0.000674815296499 0.0 0.0
693 -0.000674815296499 0.0 0.0
694 -0.000674815296499 0.0 0.0
695 -0.000674815296499 0.0 0.0
696 -0.000674815296499 0.0 0.0
697 -0.000674815296499 0.0 0.0
698 -0.000674815296499 0.0 0.0
699 -0.000674815296499 0.0 0.0
700 -0.000674815296499 0.0 0.0
701 -0.000674815296499 0.0 0.0
702 -0.000674815296499 0.0 0.0
703 -0.000674815296499 0.0 0.0
704 -0.000674815296499 0.0 0.0
705 -0.000674815296499 0.0 0.0
706 -0.000674815296499 0.0 0.0
707 -0.000674815296499 0.0 0.0
708 -0.000674815296499 0.0 0.0
709 -0.000674815296499 0.0 0.0
710 -0.000674815296499 0.0 0.0
711 -0.000674815296499 0.0 0.0
712 -0.000674815296499 0.0 0.0
713 -0.000674815296499 0.0 0.0
714 -0.000674815296499 0.0 0.0
715 -0.000674815296499 0.0 0.0
716 -0.000674815296499 0.0 0.0
717 -0.000674815296499 0.0 0.0
718 -0.000674815296499 0.0 0.0
719 -0.000674815296499 0.0 0.0
720 -0.000674815296499 0.0 0.0
721 -0.000674815296499 0.0 0.0
722 -0.000674815296499 0.0 0.0
723 -0.000674815296499 0.0 0.0
724 -0.000674815296499 0.0 0.0
725 -0.000674815296499 0.0 0.0
726 -0.000502399322322 0.0 0.0
727 -0.000502399322322 0.0 0.0
728 -0.000502399322322 0.0 0.0
729 -0.000502399322322 0.0 0.0
730 -0.000502399322322 0.0 0.0
731 -0.000502399322322 0.0 0.0
732 -0.000502399322322 0.0 0.0
733 -0.000502399322322 0.0 0.0
734 -0.000502399322322 0.0 0.0
735 -0.000502399322322 0.0 0.0
736 -0.000502399322322 0.0 0.0
737 -0.000502399322322 0.0 0.0
738 -0.000502399322322 0.0 0.0
739 -0.000502399322322 0.0 0.0
740 -0.000502399322322 0.0 0.0
741 -0.000502399322322 0.0 0.0
742 -0.000502399322322 0.0 0.0
743 -0.000502399322322 0.0 0.0
744 -0.000502399322322 0.0 0.0
745 -0.000502399322322 0.0 0.0
746 -0.000502399322322 0.0 0.0
747 -0.000502399322322 0.0 0.0
748 -0.000502399322322 0.0 0.0
749 -0.000502399322322 0.0 0.0
750 -0.000502399322322 0.0 0.0
751 -0.000502399322322 0.0 0.0
752 -0.000502399322322 0.0 0.0
753 -0.000502399322322 0.0 0.0
754 -0.000502399322322 0.0 0.0
755 -0.000502399322322 0.0 0.0
756 -0.000502399322322 0.0 0.0
757 -0.000502399322322 0.0 0.0
758 -0.000502399322322 0.0 0.0
759 -0.000502399322322 0.0 0.0
760 -0.000502399322322 0.0 0.0
761 -0.000502399322322 0.0 0.0
762 -0.000502399322322 0.0 0.0
763 -0.000502399322322 0.0 0.0
764 -0.000502399322322 0.0 0.0
765 -0.000502399322322 0.0 0.0
766 -0.000502399322322 0.0 0.0
767 -0.000502399322322 0.0 0.0
768 -0.000502399322322 0.0 0.0
769 -0.000502399322322 0.0 0.0
770 -0.000502399322322 0.0 0.0
771 -0.000502399322322 0.0 0.0
772 -0.000502399322322 0.0 0.0
773 -0.000502399322322 0.0 0.0
774 -0.000502399322322 0.0 0.0
775 -0.000502399322322 0.0 0.0
776 -0.000876675687747 0.0 0.0
777 -0.000876675687747 0.0 0.0
778 -0.000876675687747 0.0 0.0
779 -0.000876675687747 0.0 0.0
780 -0.000876675687747 0.0 0.0
781 -0.000876675687747 0.0 0.0
782 -0.000876675687747 0.0 0.0
783 -0.000876675687747 0.0 0.0
784 -0.000876675687747 0.0 0.0
785 -0.000876675687747 0.0 0.0
786 -0.000876675687747 0.0 0.0
787 -0.000876675687747 0.0 0.0
788 -0.000876675687747 0.0 0.0
789 -0.000876675687747 0.0 0.0
790 -0.000876675687747 0.0 0.0
791 -0.000876675687747 0.0 0.0
792 -0.000876675687747 0.0 0.0
793 -0.000876675687747 0.0 0.0
794 -0.000876675687747 0.0 0.0
795 -0.000876675687747 0.0 0.0
796 -0.000876675687747 0.0 0.0
797 -0.000876675687747 0.0 0.0
798 -0.000876675687747 0.0 0.0
799 -0.000876675687747 0.0 0.0
800 -0.000876675687747 0.0 0.0
801 -0.000876675687747 0.0 0.0
802 -0.000876675687747 0.0 0.0
803 -0.000876675687747 0.0 0.0
804 -0.000876675687747 0.0 0.0
805 -0.000876675687747 0.0 0.0
806 -0.000876675687747 0.0 0.0
807 -0.000876675687747 0.0 0.0
808 -0.000876675687747 0.0 0.0
809 -0.000876675687747 0.0 0.0
810 -0.000876675687747 0.0 0.0
811 -0.000876675687747 0.0 0.0
812 -0.000876675687747 0.0 0.0
813 -0.000876675687747 0.0 0.0
814 -0.000876675687747 0.0 0.0
815 -0.000876675687747 0.0 0.0
816 -0.000876675687747 0.0 0.0
817 -0.000876675687747 0.0 0.0
818 -0.000876675687747 0.0 0.0
819 -0.000876675687747 0.0 0.0
820 -0.000876675687747 0.0 0.0
821 -0.000876675687747 0.0 0.0
822 -0.000876675687747 0.0 0.0
823 -0.000876675687747 0.0 0.0
824 -0.000876675687747 0.0 0.0
825 -0.000876675687747 0.0 0.0
826 -6.28561929715e-05 0.0 0.0
827 -6.28561929715e-05 0.0 0.0
828 -6.28561929715e-05 0.0 0.0
829 -6.28561929715e-05 0.0 0.0
830 -6.28561929715e-05 0.0 0.0
831 -6.28561929715e-05 0.0 0.0
832 -6.28561929715e-05 0.0 0.0
833 -6.28561929715e-05 0.0 0.0
834 -6.28561929715e-05 0.0 0.0
835 -6.28561929715e-05 0.0 0.0
836 -6.28561929715e-05 0.0 0.0
837 -6.28561929715e-05 0.0 0.0
838 -6.28561929715e-05 0.0 0.0
839 -6.28561929715e-05 0.0 0.0
840 -6.28561929715e-05 0.0 0.0
841 -6.28561929715e-05 0.0 0.0
842 -6.28561929715e-05 0.0 0.0
843 -6.28561929715e-05 0.0 0.0
844 -6.28561929715e-05 0.0 0.0
845 -6.28561929715e-05 0.0 0.0
846 -6.28561929715e-05 0.0 0.0
847 -6.28561929715e-05 0.0 0.0
848 -6.28561929715e-05 0.0 0.0
849 -6.28561929715e-05 0.0 0.0
850 -6.28561929715e-05 0.0 0.0
851 -6.28561929715e-05 0.0 0.0
852 -6.28561929715e-05 0.0 0.0
853 -6.28561929715e-05 0.0 0.0
854 -6.28561929715e-05 0.0 0.0
855 -6.28561929715e-05 0.0 0.0
856 -6.28561929715e-05 0.0 0.0
857 -6.28561929715e-05 0.0 0.0
858 -6.28561929715e-05 0.0 0.0
859 -6.28561929715e-05 0.0 0.0
860 -6.28561929715e-05 0.0 0.0
861 -6.28561929715e-05 0.0 0.0
862 -6.28561929715e-05 0.0 0.0
863 -6.28561929715e-05 0.0 0.0
864 -6.28561929715e-05 0.0 0.0
865 -6.28561929715e-05 0.0 0.0
866 -6.28561929715e-05 0.0 0.0
867 -6.28561929715e-05 0.0 0.0
868 -6.28561929715e-05 0.0 0.0
869 -6.28561929715e-05 0.0 0.0
870 -6.28561929715e-05 0.0 0.0
871 -6.28561929715e-05 0.0 0.0
872 -6.28561929715e-05 0.0 0.0
873 -6.28561929715e-05 0.0 0.0
874 -6.28561929715e-05 0.0 0.0
875 -6.28561929715e-05 0.0 0.0
876 -6.28561929715e-05 0.0 0.0
877 -6.28561929715e-05 0.0 0.0
878 -6.28561929715e-05 0.0 0.0
879 -6.28561929715e-05 0.0 0.0
880 -6.28561929715e-05 0.0 0.0
881 -6.28561929715e-05 0.0 0.0
882 -6.28561929715e-05 0.0 0.0
883 -6.28561929715e-05 0.0 0.0
884 -6.28561929715e-05 0.0 0.0
885 -6.28561929715e-05 0.0 0.0
886 -6.28561929715e-05 0.0 0.0
887 -6.28561929715e-05 0.0 0.0
888 -6.28561929715e-05 0.0 0.0
889 -6.28561929715e-05 0.0 0.0
890 -6.28561929715e-05 0.0 0.0
891 -6.28561929715e-05 0.0 0.0
892 -6.28561929715e-05 0.0 0.0
893 -6.28561929715e-05 0.0 0.0
894 -6.28561929715e-05 0.0 0.0
895 -6.28561929715e-05 0.0 0.0
896 -6.28561929715e-05 0.0 0.0
897 -6.28561929715e-05 0.0 0.0
898 -6.28561929715e-05 0.0 0.0
899 -6.28561929715e-05 0.0 0.0
900 -6.28561929715e-05 0.0 0.0
901 -6.28561929715e-05 0.0 0.0
902 -6.28561929715e-05 0.0 0.0
903 -6.28561929715e-05 0.0 0.0
904 -6.28561929715e-05 0.0 0.0
905 -6.28561929715e-05 0.0 0.0
906 -6.28561929715e-05 0.0 0.0
907 -6.28561929715e-05 0.0 0.0
908 -6.28561929715e-05 0.0 0.0
909 -6.28561929715e-05 0.0 0.0
910 -6.28561929715e-05 0.0 0.0
911 -6.28561929715e-05 0.0 0.0
912 -6.28561929715e-05 0.0 0.0
913 -6.28561929715e-05 0.0 0.0
914 -6.28561929715e-05 0.0 0.0
915 -6.28561929715e-05 0.0 0.0
916 -6.28561929715e-05 0.0 0.0
917 -6.28561929715e-05 0.0 0.0
918 -6.28561929715e-05 0.0 0.0
919 -6.28561929715e-05 0.0 0.0
920 -6.28561929715e-05 0.0 0.0
921 -6.28561929715e-05 0.0 0.0
922 -6.28561929715e-05 0.0 0.0
923 -6.28561929715e-05 0.0 0.0
924 -6.28561929715e-05 0.0 0.0
925 -6.28561929715e-05 0.0 0.0
926 -6.28561929715e-05 0.0 0.0
927 -6.28561929715e-05 0.0 0.0
928 -6.28561929715e-05 0.0 0.0
929 -6.28561929715e-05 0.0 0.0
930 -6.28561929715e-05 0.0 0.0
931 -6.28561929715e-05 0.0 0.0
932 -6.28561929715e-05 0.0 0.0
933 -6.28561929715e-05 0.0 0.0
934 -6.28561929715e-05 0.0 0.0
935 -6.28561929715e-05 0.0 0.0
936 -6.28561929715e-05 0.0 0.0
937 -6.28561929715e-05 0.0 0.0
938 -6.28561929715e-05 0.0 0.0
939 -6.28561929715e-05 0.0 0.0
940 -6.28561929715e-05 0.0 0.0
941 -6.28561929715e-05 0.0 0.0
942 -6.28561929715e-05 0.0 0.0
943 -6.28561929715e-05 0.0 0.0
944 -6.28561929715e-05 0.0 0.0
945 -6.28561929715e-05 0.0 0.0
946 -6.28561929715e-05 0.0 0.0
947 -6.28561929715e-05 0.0 0.0
948 -6.28561929715e-05 0.0 0.0
949 -6.28561929715e-05 0.0 0.0
950 -6.28561929715e-05 0.0 0.0
951 -6.28561929715e-05 0.0 0.0
952 -6.28561929715e-05 0.0 0.0
953 -6.28561929715e-05 0.0 0.0
954 -6.28561929715e-05 0.0 0.0
955 -6.28561929715e-05 0.0 0.0
956 -6.28561929715e-05 0.0 0.0
957 -6.28561929715e-05 0.0 0.0
958 -6.28561929715e-05 0.0 0.0
959 -6.28561929715e-05 0.0 0.0
960 -6.28561929715e-05 0.0 0.0
961 -6.28561929715e-05 0.0 0.0
962 -6.28561929715e-05 0.0 0.0
963 -6.28561929715e-05 0.0 0.0
964 -6.28561929715e-05 0.0 0.0
965 -6.28561929715e-05 0.0 0.0
966 -6.28561929715e-05 0.0 0.0
967 -6.28561929715e-05 0.0 0.0
968 -6.28561929715e-05 0.0 0.0
969 -6.28561929715e-05 0.0 0.0
970 -6.28561929715e-05 0.0 0.0
971 -6.28561929715e-05 0.0 0.0
972 -6.28561929715e-05 0.0 0.0
973 -6.28561929715e-05 0.0 0.0
974 -6.28561929715e-05 0.0 0.0
975 -6.28561929715e-05 0.0 0.0
976 -6.28561929715e-05 0.0 0.0
977 -6.28561929715e-05 0.0 0.0
978 -6.28561929715e-05 0.0 0.0
979 -6.28561929715e-05 0.0 0.0
980 -6.28561929715e-05 0.0 0.0
981 -6.28561929715e-05 0.0 0.0
982 -6.28561929715e-05 0.0 0.0
983 -6.28561929715e-05 0.0 0.0
984 -6.28561929715e-05 0.0 0.0
985 -6.28561929715e-05 0.0 0.0
986 -6.28561929715e-05 0.0 0.0
987 -6.28561929715e-05 0.0 0.0
988 -6.28561929715e-05 0.0 0.0
989 -6.28561929715e-05 0.0 0.0
990 -6.28561929715e-05 0.0 0.0
991 -6.28561929715e-05 0.0 0.0
992 -6.28561929715e-05 0.0 0.0
993 -6.28561929715e-05 0.0 0.0
994 -6.28561929715e-05 0.0 0.0
995 -6.28561929715e-05 0.0 0.0
996 -6.28561929715e-05 0.0 0.0
997 -6.28561929715e-05 0.0 0.0
998 -6.28561929715e-05 0.0 0.0
999 -6.28561929715e-05 0.0 0.0
1000 -6.28561929715e-05 0.0 0.0
1001 -6.28561929715e-05 0.0 0.0
1002 -6.28561929715e-05 0.0 0.0
1003 -6.28561929715e-05 0.0 0.0
1004 -6.28561929715e-05 0.0 0.0
1005 -6.28561929715e-05 0.0 0.0
1006 -6.28561929715e-05 0.0 0.0
1007 -6.28561929715e-05 0.0 0.0
1008 -6.28561929715e-05 0.0 0.0
1009 -6.28561929715e-05 0.0 0.0
1010 -6.28561929715e-05 0.0 0.0
1011 -6.28561929715e-05 0.0 0.0
1012 -6.28561929715e-05 0.0 0.0
1013 -6.28561929715e-05 0.0 0.0
1014 -6.28561929715e-05 0.0 0.0
1015 -6.28561929715e-05 0.0 0.0
1016 -6.28561929715e-05 0.0 0.0
1017 -6.28561929715e-05 0.0 0.0
1018 -6.28561929715e-05 0.0 0.0
1019 -6.28561929715e-05 0.0 0.0
1020 -6.28561929715e-05 0.0 0.0
1021 -6.28561929715e-05 0.0 0.0
1022 -6.28561929715e-05 0.0 0.0
1023 -6.28561929715e-05 0.0 0.0
1024 -6.28561929715e-05 0.0 0.0
1025 -6.28561929715e-05 0.0 0.0
1026 -6.28561929715e-05 0.0 0.0
1027 -6.28561929715e-05 0.0 0.0
1028 -6.28561929715e-05 0.0 0.0
1029 -6.28561929715e-05 0.0 0.0
1030 -6.28561929715e-05 0.0 0.0
1031 -6.28561929715e-05 0.0 0.0
1032 -6.28561929715e-05 0.0 0.0
1033 -6.28561929715e-05 0.0 0.0
1034 -6.28561929715e-05 0.0 0.0
1035 -6.28561929715e-05 0.0 0.0
1036 -6.28561929715e-05 0.0 0.0
1037 -6.28561929715e-05 0.0 0.0
1038 -6.28561929715e-05 0.0 0.0
1039 -6.28561929715e-05 0.0 0.0
1040 -6.28561929715e-05 0.0 0.0
1041 -6.28561929715e-05 0.0 0.0
1042 -6.28561929715e-05 0.0 0.0
1043 -6.28561929715e-05 0.0 0.0
1044 -6.28561929715e-05 0.0 0.0
1045 -6.28561929715e-05 0.0 0.0
1046 -6.28561929715e-05 0.0 0.0
1047 -6.28561929715e-05 0.0 0.0
1048 -6.28561929715e-05 0.0 0.0
1049 -6.28561929715e-05 0.0 0.0
1050 -6.28561929715e-05 0.0 0.0
1051 -0.000140970917197 0.0 0.0
1052 -0.000140970917197 0.0 0.0
1053 -0.000140970917197 0.0 0.0
1054 -0.000140970917197 0.0 0.0
1055 -0.000140970917197 0.0 0.0
1056 -0.000140970917197 0.0 0.0
1057 -0.000140970917197 0.0 0.0
1058 -0.000140970917197 0.0 0.0
1059 -0.000140970917197 0.0 0.0
1060 -0.000140970917197 0.0 0.0
1061 -0.000140970917197 0.0 0.0
1062 -0.000140970917197 0.0 0.0
1063 -0.000140970917197 0.0 0.0
1064 -0.000140970917197 0.0 0.0
1065 -0.000140970917197 0.0 0.0
1066 -0.000140970917197 0.0 0.0
1067 -0.000140970917197 0.0 0.0
1068 -0.000140970917197 0.0 0.0
1069 -0.000140970917197 0.0 0.0
1070 -0.000140970917197 0.0 0.0
1071 -0.000140970917197 0.0 0.0
1072 -0.000140970917197 0.0 0.0
1073 -0.000140970917197 0.0 0.0
1074 -0.000140970917197 0.0 0.0
1075 -0.000140970917197 0.0 0.0
1076 -0.000140970917197 0.0 0.0
1077 -0.000140970917197 0.0 0.0
1078 -0.000140970917197 0.0 0.0
1079 -0.000140970917197 0.0 0.0
1080 -0.000140970917197 0.0 0.0
1081 -0.000140970917197 0.0 0.0
1082 -0.000140970917197 0.0 0.0
1083 -0.000140970917197 0.0 0.0
1084 -0.000140970917197 0.0 0.0
1085 -0.000140970917197 0.0 0.0
1086 -0.000140970917197 0.0 0.0
1087 -0.000140970917197 0.0 0.0
1088 -0.000140970917197 0.0 0.0
1089 -0.000140970917197 0.0 0.0
1090 -0.000140970917197 0.0 0.0
1091 -0.000140970917197 0.0 0.0
1092 -0.000140970917197 0.0 0.0
1093 -0.000140970917197 0.0 0.0
1094 -0.000140970917197 0.0 0.0
1095 -0.000140970917197 0.0 0.0
1096 -0.000140970917197 0.0 0.0
1097 -0.000140970917197 0.0 0.0
1098 -0.000140970917197 0.0 0.0
1099 -0.000140970917197 0.0 0.0
1100 -0.000140970917197 0.0 0.0
1101 -0.000140970917197 0.0 0.0
1102 -0.000140970917197 0.0 0.0
1103 -0.000140970917197 0.0 0.0
1104 -0.000140970917197 0.0 0.0
1105 -0.000140970917197 0.0 0.0
1106 -0.000140970917197 0.0 0.0
1107 -0.000140970917197 0.0 0.0
1108 -0.000140970917197 0.0 0.0
1109 -0.000140970917197 0.0 0.0
1110 -0.000140970917197 0.0 0.0
1111 -0.000140970917197 0.0 0.0
1112 -0.000140970917197 0.0 0.0
1113 -0.000140970917197 0.0 0.0
1114 -0.000140970917197 0.0 0.0
1115 -0.000140970917197 0.0 0.0
1116 -0.000140970917197 0.0 0.0
1117 -0.000140970917197 0.0 0.0
1118 -0.000140970917197 0.0 0.0
1119 -0.000140970917197 0.0 0.0
1120 -0.000140970917197 0.0 0.0
1121 -0.000140970917197 0.0 0.0
1122 -0.000140970917197 0.0 0.0
1123 -0.000140970917197 0.0 0.0
1124 -0.000140970917197 0.0 0.0
1125 -0.000140970917197 0.0 0.0
1126 -0.000140970917197 0.0 0.0
1127 -0.000140970917197 0.0 0.0
1128 -0.000140970917197 0.0 0.0
1129 -0.000140970917197 0.0 0.0
1130 -0.000140970917197 0.0 0.0
1131 -0.000140970917197 0.0 0.0
1132 -0.000140970917197 0.0 0.0
1133 -0.000140970917197 0.0 0.0
1134 -0.000140970917197 0.0 0.0
1135 -0.000140970917197 0.0 0.0
1136 -0.000140970917197 0.0 0.0
1137 -0.000140970917197 0.0 0.0
1138 -0.000140970917197 0.0 0.0
1139 -0.000140970917197 0.0 0.0
1140 -0.000140970917197 0.0 0.0
1141 -0.000140970917197 0.0 0.0
1142 -0.000140970917197 0.0 0.0
1143 -0.000140970917197 0.0 0.0
1144 -0.000140970917197 0.0 0.0
1145 -0.000140970917197 0.0 0.0
1146 -0.000140970917197 0.0 0.0
1147 -0.000140970917197 0.0 0.0
1148 -0.000140970917197 0.0 0.0
1149 -0.000140970917197 0.0 0.0
1150 -0.000140970917197 0.0 0.0
1151 -1.96436784547e-05 0.0 0.0
1152 -1.96436784547e-05 0.0 0.0
1153 -1.96436784547e-05 0.0 0.0
1154 -1.96436784547e-05 0.0 0.0
1155 -1.96436784547e-05 0.0 0.0
1156 -1.96436784547e-05 0.0 0.0
1157 -1.96436784547e-05 0.0 0.0
1158 -1.96436784547e-05 0.0 0.0
1159 -1.96436784547e-05 0.0 0.0
1160 -1.96436784547e-05 0.0 0.0
1161 -1.96436784547e-05 0.0 0.0
1162 -1.96436784547e-05 0.0 0.0
1163 -1.96436784547e-05 0.0 0.0
1164 -1.96436784547e-05 0.0 0.0
1165 -1.96436784547e-05 0.0 0.0
1166 -1.96436784547e-05 0.0 0.0
1167 -1.96436784547e-05 0.0 0.0
1168 -1.96436784547e-05 0.0 0.0
1169 -1.96436784547e-05 0.0 0.0
1170 -1.96436784547e-05 0.0 0.0
1171 -1.96436784547e-05 0.0 0.0
1172 -1.96436784547e-05 0.0 0.0
1173 -1.96436784547e-05 0.0 0.0
1174 -1.96436784547e-05 0.0 0.0
1175 -1.96436784547e-05 0.0 0.0
1176 -1.96436784547e-05 0.0 0.0
1177 -1.96436784547e-05 0.0 0.0
1178 -1.96436784547e-05 0.0 0.0
1179 -1.96436784547e-05 0.0 0.0
1180 -1.96436784547e-05 0.0 0.0
1181 -1.96436784547e-05 0.0 0.0
1182 -1.96436784547e-05 0.0 0.0
1183 -1.96436784547e-05 0.0 0.0
1184 -1.96436784547e-05 0.0 0.0
1185 -1.96436784547e-05 0.0 0.0
1186 -1.96436784547e-05 0.0 0.0
1187 -1.96436784547e-05 0.0 0.0
1188 -1.96436784547e-05 0.0 0.0
1189 -1.96436784547e-05 0.0 0.0
1190 -1.96436784547e-05 0.0 0.0
1191 -1.96436784547e-05 0.0 0.0
1192 -1.96436784547e-05 0.0 0.0
1193 -1.96436784547e-05 0.0 0.0
1194 -1.96436784547e-05 0.0 0.0
1195 -1.96436784547e-05 0.0 0.0
1196 -1.96436784547e-05 0.0 0.0
1197 -1.96436784547e-05 0.0 0.0
1198 -1.96436784547e-05 0.0 0.0
1199 -1.96436784547e-05 0.0 0.0
1200 -1.96436784547e-05 0.0 0.0
1201 -1.96436784547e-05 0.0 0.0
1202 -1.96436784547e-05 0.0 0.0
1203 -1.96436784547e-05 0.0 0.0
1204 -1.96436784547e-05 0.0 0.0
1205 -1.96436784547e-05 0.0 0.0
1206 -1.96436784547e-05 0.0 0.0
1207 -1.96436784547e-05 0.0 0.0
1208 -1.96436784547e-05 0.0 0.0
1209 -1.96436784547e-05 0.0 0.0
1210 -1.96436784547e-05 0.0 0.0
1211 -1.96436784547e-05 0.0 0.0
1212 -1.96436784547e-05 0.0 0.0
1213 -1.96436784547e-05 0.0 0.0
1214 -1.96436784547e-05 0.0 0.0
1215 -1.96436784547e-05 0.0 0.0
1216 -1.96436784547e-05 0.0 0.0
1217 -1.96436784547e-05 0.0 0.0
1218 -1.96436784547e-05 0.0 0.0
1219 -1.96436784547e-05 0.0 0.0
1220 -1.96436784547e-05 0.0 0.0
1221 -1.96436784547e-05 0.0 0.0
1222 -1.96436784547e-05 0.0 0.0
1223 -1.96436784547e-05 0.0 0.0
1224 -1.96436784547e-05 0.0 0.0
1225 -1.96436784547e-05 0.0 0.0
1226 -1.96436784547e-05 0.0 0.0
1227 -1.96436784547e-05 0.0 0.0
1228 -1.96436784547e-05 0.0 0.0
1229 -1.96436784547e-05 0.0 0.0
1230 -1.96436784547e-05 0.0 0.0
1231 -1.96436784547e-05 0.0 0.0
1232 -1.96436784547e-05 0.0 0.0
1233 -1.96436784547e-05 0.0 0.0
1234 -1.96436784547e-05 0.0 0.0
1235 -1.96436784547e-05 0.0 0.0
1236 -1.96436784547e-05 0.0 0.0
1237 -1.96436784547e-05 0.0 0.0
1238 -1.96436784547e-05 0.0 0.0
1239 -1.96436784547e-05 0.0 0.0
1240 -1.96436784547e-05 0.0 0.0
1241 -1.96436784547e-05 0.0 0.0
1242 -1.96436784547e-05 0.0 0.0
1243 -1.96436784547e-05 0.0 0.0
1244 -1.96436784547e-05 0.0 0.0
1245 -1.96436784547e-05 0.0 0.0
1246 -1.96436784547e-05 0.0 0.0
1247 -1.96436784547e-05 0.0 0.0
1248 -1.96436784547e-05 0.0 0.0
1249 -1.96436784547e-05 0.0 0.0
1250 -1.96436784547e-05 0.0 0.0
1251 -1.96436784547e-05 0.0 0.0
1252 -1.96436784547e-05 0.0 0.0
1253 -1.96436784547e-05 0.0 0.0
1254 -1.96436784547e-05 0.0 0.0
1255 -1.96436784547e-05 0.0 0.0
1256 -1.96436784547e-05 0.0 0.0
1257 -1.96436784547e-05 0.0 0.0
1258 -1.96436784547e-05 0.0 0.0
1259 -1.96436784547e-05 0.0 0.0
1260 -1.96436784547e-05 0.0 0.0
1261 -1.96436784547e-05 0.0 0.0
1262 -1.96436784547e-05 0.0 0.0
1263 -1.96436784547e-05 0.0 0.0
1264 -1.96436784547e-05 0.0 0.0
1265 -1.96436784547e-05 0.0 0.0
1266 -1.96436784547e-05 0.0 0.0
1267 -1.96436784547e-05 0.0 0.0
1268 -1.96436784547e-05 0.0 0.0
1269 -1.96436784547e-05 0.0 0.0
1270 -1.96436784547e-05 0.0 0.0
1271 -1.96436784547e-05 0.0 0.0
1272 -1.96436784547e-05 0.0 0.0
1273 -1.96436784547e-05 0.0 0.0
1274 -1.96436784547e-05 0.0 0.0
1275 -1.96436784547e-05 0.0 0.0
1276 -1.96436784547e-05 0.0 0.0
1277 -1.96436784547e-05 0.0 0.0
1278 -1.96436784547e-05 0.0 0.0
1279 -1.96436784547e-05 0.0 0.0
1280 -1.96436784547e-05 0.0 0.0
1281 -1.96436784547e-05 0.0 0.0
1282 -1.96436784547e-05 0.0 0.0
1283 -1.96436784547e-05 0.0 0.0
1284 -1.96436784547e-05 0.0 0.0
1285 -1.96436784547e-05 0.0 0.0
1286 -1.96436784547e-05 0.0 0.0
1287 -1.96436784547e-05 0.0 0.0
1288 -1.96436784547e-05 0.0 0.0
1289 -1.96436784547e-05 0.0 0.0
1290 -1.96436784547e-05 0.0 0.0
1291 -1.96436784547e-05 0.0 0.0
1292 -1.96436784547e-05 0.0 0.0
1293 -1.96436784547e-05 0.0 0.0
1294 -1.96436784547e-05 0.0 0.0
1295 -1.96436784547e-05 0.0 0.0
1296 -1.96436784547e-05 0.0 0.0
1297 -1.96436784547e-05 0.0 0.0
1298 -1.96436784547e-05 0.0 0.0
1299 -1.96436784547e-05 0.0 0.0
1300 -1.96436784547e-05 0.0 0.0
1301 -1.96436784547e-05 0.0 0.0
1302 -1.96436784547e-05 0.0 0.0
1303 -1.96436784547e-05 0.0 0.0
1304 -1.96436784547e-05 0.0 0.0
1305 -1.96436784547e-05 0.0 0.0
1306 -1.96436784547e-05 0.0 0.0
1307 -1.96436784547e-05 0.0 0.0
1308 -1.96436784547e-05 0.0 0.0
1309 -1.96436784547e-05 0.0 0.0
1310 -1.96436784547e-05 0.0 0.0
1311 -1.96436784547e-05 0.0 0.0
1312 -1.96436784547e-05 0.0 0.0
1313 -1.96436784547e-05 0.0 0.0
1314 -1.96436784547e-05 0.0 0.0
1315 -1.96436784547e-05 0.0 0.0
1316 -1.96436784547e-05 0.0 0.0
1317 -1.96436784547e-05 0.0 0.0
1318 -1.96436784547e-05 0.0 0.0
1319 -1.96436784547e-05 0.0 0.0
1320 -1.96436784547e-05 0.0 0.0
1321 -1.96436784547e-05 0.0 0.0
1322 -1.96436784547e-05 0.0 0.0
1323 -1.96436784547e-05 0.0 0.0
1324 -1.96436784547e-05 0.0 0.0
1325 -1.96436784547e-05 0.0 0.0
1326 -1.96436784547e-05 0.0 0.0
1327 -1.96436784547e-05 0.0 0.0
1328 -1.96436784547e-05 0.0 0.0
1329 -1.96436784547e-05 0.0 0.0
1330 -1.96436784547e-05 0.0 0.0
1331 -1.96436784547e-05 0.0 0.0
1332 -1.96436784547e-05 0.0 0.0
1333 -1.96436784547e-05 0.0 0.0
1334 -1.96436784547e-05 0.0 0.0
1335 -1.96436784547e-05 0.0 0.0
1336 -1.96436784547e-05 0.0 0.0
1337 -1.96436784547e-05 0.0 0.0
1338 -1.96436784547e-05 0.0 0.0
1339 -1.96436784547e-05 0.0 0.0
1340 -1.96436784547e-05 0.0 0.0
1341 -1.96436784547e-05 0.0 0.0
1342 -1.96436784547e-05 0.0 0.0
1343 -1.96436784547e-05 0.0 0.0
1344 -1.96436784547e-05 0.0 0.0
1345 -1.96436784547e-05 0.0 0.0
1346 -1.96436784547e-05 0.0 0.0
1347 -1.96436784547e-05 0.0 0.0
1348 -1.96436784547e-05 0.0 0.0
1349 -1.96436784547e-05 0.0 0.0
1350 -1.96436784547e-05 0.0 0.0
1351 -1.96436784547e-05 0.0 0.0
1352 -1.96436784547e-05 0.0 0.0
1353 -1.96436784547e-05 0.0 0.0
1354 -1.96436784547e-05 0.0 0.0
1355 -1.96436784547e-05 0.0 0.0
1356 -1.96436784547e-05 0.0 0.0
1357 -1.96436784547e-05 0.0 0.0
1358 -1.96436784547e-05 0.0 0.0
1359 -1.96436784547e-05 0.0 0.0
1360 -1.96436784547e-05 0.0 0.0
1361 -1.96436784547e-05 0.0 0.0
1362 -1.96436784547e-05 0.0 0.0
1363 -1.96436784547e-05 0.0 0.0
1364 -1.96436784547e-05 0.0 0.0
1365 -1.96436784547e-05 0.0 0.0
1366 -1.96436784547e-05 0.0 0.0
1367 -1.96436784547e-05 0.0 0.0
1368 -1.96436784547e-05 0.0 0.0
1369 -1.96436784547e-05 0.0 0.0
1370 -1.96436784547e-05 0.0 0.0
1371 -1.96436784547e-05 0.0 0.0
1372 -1.96436784547e-05 0.0 0.0
1373 -1.96436784547e-05 0.0 0.0
1374 -1.96436784547e-05 0.0 0.0
1375 -1.96436784547e-05 0.0 0.0
1376 -1.96436784547e-05 0.0 0.0
1377 -1.96436784547e-05 0.0 0.0
1378 -1.96436784547e-05 0.0 0.0
1379 -1.96436784547e-05 0.0 0.0
1380 -1.96436784547e-05 0.0 0.0
1381 -1.96436784547e-05 0.0 0.0
1382 -1.96436784547e-05 0.0 0.0
1383 -1.96436784547e-05 0.0 0.0
1384 -1.96436784547e-05 0.0 0.0
1385 -1.96436784547e-05 0.0 0.0
1386 -1.96436784547e-05 0.0 0.0
1387 -1.96436784547e-05 0.0 0.0
1388 -1.96436784547e-05 0.0 0.0
1389 -1.96436784547e-05 0.0 0.0
1390 -1.96436784547e-05 0.0 0.0
1391 -1.96436784547e-05 0.0 0.0
1392 -1.96436784547e-05 0.0 0.0
1393 -1.96436784547e-05 0.0 0.0
1394 -1.96436784547e-05 0.0 0.0
1395 -1.96436784547e-05 0.0 0.0
1396 -1.96436784547e-05 0.0 0.0
1397 -1.96436784547e-05 0.0 0.0
1398 -1.96436784547e-05 0.0 0.0
1399 -1.96436784547e-05 0.0 0.0
1400 -1.96436784547e-05 0.0 0.0
1401 -1.96436784547e-05 0.0 0.0
1402 -1.96436784547e-05 0.0 0.0
1403 -1.96436784547e-05 0.0 0.0
1404 -1.96436784547e-05 0.0 0.0
1405 -1.96436784547e-05 0.0 0.0
1406 -1.96436784547e-05 0.0 0.0
1407 -1.96436784547e-05 0.0 0.0
1408 -1.96436784547e-05 0.0 0.0
1409 -1.96436784547e-05 0.0 0.0
1410 -1.96436784547e-05 0.0 0.0
1411 -1.96436784547e-05 0.0 0.0
1412 -1.96436784547e-05 0.0 0.0
1413 -1.96436784547e-05 0.0 0.0
1414 -1.96436784547e-05 0.0 0.0
1415 -1.96436784547e-05 0.0 0.0
1416 -1.96436784547e-05 0.0 0.0
1417 -1.96436784547e-05 0.0 0.0
1418 -1.96436784547e-05 0.0 0.0
1419 -1.96436784547e-05 0.0 0.0
1420 -1.96436784547e-05 0.0 0.0
1421 -1.96436784547e-05 0.0 0.0
1422 -1.96436784547e-05 0.0 0.0
1423 -1.96436784547e-05 0.0 0.0
1424 -1.96436784547e-05 0.0 0.0
1425 -1.96436784547e-05 0.0 0.0
1426 -1.96436784547e-05 0.0 0.0
1427 -1.96436784547e-05 0.0 0.0
1428 -1.96436784547e-05 0.0 0.0
1429 -1.96436784547e-05 0.0 0.0
1430 -1.96436784547e-05 0.0 0.0
1431 -1.96436784547e-05 0.0 0.0
1432 -1.96436784547e-05 0.0 0.0
1433 -1.96436784547e-05 0.0 0.0
1434 -1.96436784547e-05 0.0 0.0
1435 -1.96436784547e-05 0.0 0.0
1436 -1.96436784547e-05 0.0 0.0
1437 -1.96436784547e-05 0.0 0.0
1438 -1.96436784547e-05 0.0 0.0
1439 -1.96436784547e-05 0.0 0.0
1440 -1.96436784547e-05 0.0 0.0
1441 -1.96436784547e-05 0.0 0.0
1442 -1.96436784547e-05 0.0 0.0
1443 -1.96436784547e-05 0.0 0.0
1444 -1.96436784547e-05 0.0 0.0
1445 -1.96436784547e-05 0.0 0.0
1446 -1.96436784547e-05 0.0 0.0
1447 -1.96436784547e-05 0.0 0.0
1448 -1.96436784547e-05 0.0 0.0
1449 -1.96436784547e-05 0.0 0.0
1450 -1.96436784547e-05 0.0 0.0
1451 -3.2492177584e-05 0.0 0.0
1452 -3.2492177584e-05 0.0 0.0
1453 -3.2492177584e-05 0.0 0.0
1454 -3.2492177584e-05 0.0 0.0
1455 -3.2492177584e-05 0.0 0.0
1456 -3.2492177584e-05 0.0 0.0
1457 -3.2492177584e-05 0.0 0.0
1458 -3.2492177584e-05 0.0 0.0
1459 -3.2492177584e-05 0.0 0.0
1460 -3.2492177584e-05 0.0 0.0
1461 -3.2492177584e-05 0.0 0.0
1462 -3.2492177584e-05 0.0 0.0
1463 -3.2492177584e-05 0.0 0.0
1464 -3.2492177584e-05 0.0 0.0
1465 -3.2492177584e-05 0.0 0.0
1466 -3.2492177584e-05 0.0 0.0
1467 -3.2492177584e-05 0.0 0.0
1468 -3.2492177584e-05 0.0 0.0
1469 -3.2492177584e-05 0.0 0.0
1470 -3.2492177584e-05 0.0 0.0
1471 -3.2492177584e-05 0.0 0.0
1472 -3.2492177584e-05 0.0 0.0
1473 -3.2492177584e-05 0.0 0.0
1474 -3.2492177584e-05 0.0 0.0
1475 -3.2492177584e-05 0.0 0.0
1476 -3.2492177584e-05 0.0 0.0
1477 -3.2492177584e-05 0.0 0.0
1478 -3.2492177584e-05 0.0 0.0
1479 -3.2492177584e-05 0.0 0.0
1480 -3.2492177584e-05 0.0 0.0
1481 -3.2492177584e-05 0.0 0.0
1482 -3.2492177584e-05 0.0 0.0
1483 -3.2492177584e-05 0.0 0.0
1484 -3.2492177584e-05 0.0 0.0
1485 -3.2492177584e-05 0.0 0.0
1486 -3.2492177584e-05 0.0 0.0
1487 -3.2492177584e-05 0.0 0.0
1488 -3.2492177584e-05 0.0 0.0
1489 -3.2492177584e-05 0.0 0.0
1490 -3.2492177584e-05 0.0 0.0
1491 -3.2492177584e-05 0.0 0.0
1492 -3.2492177584e-05 0.0 0.0
1493 -3.2492177584e-05 0.0 0.0
1494 -3.2492177584e-05 0.0 0.0
1495 -3.2492177584e-05 0.0 0.0
1496 -3.2492177584e-05 0.0 0.0
1497 -3.2492177584e-05 0.0 0.0
1498 -3.2492177584e-05 0.0 0.0
1499 -3.2492177584e-05 0.0 0.0
1500 -3.2492177584e-05 0.0 0.0
1501 -3.2492177584e-05 0.0 0.0
1502 -3.2492177584e-05 0.0 0.0
1503 -3.2492177584e-05 0.0 0.0
1504 -3.2492177584e-05 0.0 0.0
1505 -3.2492177584e-05 0.0 0.0
1506 -3.2492177584e-05 0.0 0.0
1507 -3.2492177584e-05 0.0 0.0
1508 -3.2492177584e-05 0.0 0.0
1509 -3.2492177584e-05 0.0 0.0
1510 -3.2492177584e-05 0.0 0.0
1511 -3.2492177584e-05 0.0 0.0
1512 -3.2492177584e-05 0.0 0.0
1513 -3.2492177584e-05 0.0 0.0
1514 -3.2492177584e-05 0.0 0.0
1515 -3.2492177584e-05 0.0 0.0
1516 -3.2492177584e-05 0.0 0.0
1517 -3.2492177584e-05 0.0 0.0
1518 -3.2492177584e-05 0.0 0.0
1519 -3.2492177584e-05 0.0 0.0
1520 -3.2492177584e-05 0.0 0.0
1521 -3.2492177584e-05 0.0 0.0
1522 -3.2492177584e-05 0.0 0.0
1523 -3.2492177584e-05 0.0 0.0
1524 -3.2492177584e-05 0.0 0.0
1525 -3.2492177584e-05 0.0 0.0
1526 -3.2492177584e-05 0.0 0.0
1527 -3.2492177584e-05 0.0 0.0
1528 -3.2492177584e-05 0.0 0.0
1529 -3.2492177584e-05 0.0 0.0
1530 -3.2492177584e-05 0.0 0.0
1531 -3.2492177584e-05 0.0 0.0
1532 -3.2492177584e-05 0.0 0.0
1533 -3.2492177584e-05 0.0 0.0
1534 -3.2492177584e-05 0.0 0.0
1535 -3.2492177584e-05 0.0 0.0
1536 -3.2492177584e-05 0.0 0.0
1537 -3.2492177584e-05 0.0 0.0
1538 -3.2492177584e-05 0.0 0.0
1539 -3.2492177584e-05 0.0 0.0
1540 -3.2492177584e-05 0.0 0.0
1541 -3.2492177584e-05 0.0 0.0
1542 -3.2492177584e-05 0.0 0.0
1543 -3.2492177584e-05 0.0 0.0
1544 -3.2492177584e-05 0.0 0.0
1545 -3.2492177584e-05 0.0 0.0
1546 -3.2492177584e-05 0.0 0.0
1547 -3.2492177584e-05 0.0 0.0
1548 -3.2492177584e-05 0.0 0.0
1549 -3.2492177584e-05 0.0 0.0
1550 -3.2492177584e-05 0.0 0.0
1551 -2.4020601269e-05 0.0 0.0
1552 -2.4020601269e-05 0.0 0.0
1553 -2.4020601269e-05 0.0 0.0
1554 -2.4020601269e-05 0.0 0.0
1555 -2.4020601269e-05 0.0 0.0
1556 -2.4020601269e-05 0.0 0.0
1557 -2.4020601269e-05 0.0 0.0
1558 -2.4020601269e-05 0.0 0.0
1559 -2.4020601269e-05 0.0 0.0
1560 -2.4020601269e-05 0.0 0.0
1561 -2.4020601269e-05 0.0 0.0
1562 -2.4020601269e-05 0.0 0.0
1563 -2.4020601269e-05 0.0 0.0
1564 -2.4020601269e-05 0.0 0.0
1565 -2.4020601269e-05 0.0 0.0
1566 -2.4020601269e-05 0.0 0.0
1567 -2.4020601269e-05 0.0 0.0
1568 -2.4020601269e-05 0.0 0.0
1569 -2.4020601269e-05 0.0 0.0
1570 -2.4020601269e-05 0.0 0.0
1571 -2.4020601269e-05 0.0 0.0
1572 -2.4020601269e-05 0.0 0.0
1573 -2.4020601269e-05 0.0 0.0
1574 -2.4020601269e-05 0.0 0.0
1575 -2.4020601269e-05 0.0 0.0
1576 -2.4020601269e-05 0.0 0.0
1577 -2.4020601269e-05 0.0 0.0
1578 -2.4020601269e-05 0.0 0.0
1579 -2.4020601269e-05 0.0 0.0
1580 -2.4020601269e-05 0.0 0.0
1581 -2.4020601269e-05 0.0 0.0
1582 -2.4020601269e-05 0.0 0.0
1583 -2.4020601269e-05 0.0 0.0
1584 -2.4020601269e-05 0.0 0.0
1585 -2.4020601269e-05 0.0 0.0
1586 -2.4020601269e-05 0.0 0.0
1587 -2.4020601269e-05 0.0 0.0
1588 -2.4020601269e-05 0.0 0.0
1589 -2.4020601269e-05 0.0 0.0
1590 -2.4020601269e-05 0.0 0.0
1591 -2.4020601269e-05 0.0 0.0
1592 -2.4020601269e-05 0.0 0.0
1593 -2.4020601269e-05 0.0 0.0
1594 -2.4020601269e-05 0.0 0.0
1595 -2.4020601269e-05 0.0 0.0
1596 -2.4020601269e-05 0.0 0.0
1597 -2.4020601269e-05 0.0 0.0
1598 -2.4020601269e-05 0.0 0.0
1599 -2.4020601269e-05 0.0 0.0
1600 -2.4020601269e-05 0.0 0.0
1601 -2.4020601269e-05 0.0 0.0
1602 -2.4020601269e-05 0.0 0.0
1603 -2.4020601269e-05 0.0 0.0
1604 -2.4020601269e-05 0.0 0.0
1605 -2.4020601269e-05 0.0 0.0
1606 -2.4020601269e-05 0.0 0.0
1607 -2.4020601269e-05 0.0 0.0
1608 -2.4020601269e-05 0.0 0.0
1609 -2.4020601269e-05 0.0 0.0
1610 -2.4020601269e-05 0.0 0.0
1611 -2.4020601269e-05 0.0 0.0
1612 -2.4020601269e-05 0.0 0.0
1613 -2.4020601269e-05 0.0 0.0
1614 -2.4020601269e-05 0.0 0.0
1615 -2.4020601269e-05 0.0 0.0
1616 -2.4020601269e-05 0.0 0.0
1617 -2.4020601269e-05 0.0 0.0
1618 -2.4020601269e-05 0.0 0.0
1619 -2.4020601269e-05 0.0 0.0
1620 -2.4020601269e-05 0.0 0.0
1621 -2.4020601269e-05 0.0 0.0
1622 -2.4020601269e-05 0.0 0.0
1623 -2.4020601269e-05 0.0 0.0
1624 -2.4020601269e-05 0.0 0.0
1625 -2.4020601269e-05 0.0 0.0
1626 -2.4020601269e-05 0.0 0.0
1627 -2.4020601269e-05 0.0 0.0
1628 -2.4020601269e-05 0.0 0.0
1629 -2.4020601269e-05 0.0 0.0
1630 -2.4020601269e-05 0.0 0.0
1631 -2.4020601269e-05 0.0 0.0
1632 -2.4020601269e-05 0.0 0.0
1633 -2.4020601269e-05 0.0 0.0
1634 -2.4020601269e-05 0.0 0.0
1635 -2.4020601269e-05 0.0 0.0
1636 -2.4020601269e-05 0.0 0.0
1637 -2.4020601269e-05 0.0 0.0
1638 -2.4020601269e-05 0.0 0.0
1639 -2.4020601269e-05 0.0 0.0
1640 -2.4020601269e-05 0.0 0.0
1641 -2.4020601269e-05 0.0 0.0
1642 -2.4020601269e-05 0.0 0.0
1643 -2.4020601269e-05 0.0 0.0
1644 -2.4020601269e-05 0.0 0.0
1645 -2.4020601269e-05 0.0 0.0
1646 -2.4020601269e-05 0.0 0.0
1647 -2.4020601269e-05 0.0 0.0
1648 -2.4020601269e-05 0.0 0.0
1649 -2.4020601269e-05 0.0 0.0
1650 -2.4020601269e-05 0.0 0.0
1651 -2.4020601269e-05 0.0 0.0
1652 -2.4020601269e-05 0.0 0.0
1653 -2.4020601269e-05 0.0 0.0
1654 -2.4020601269e-05 0.0 0.0
1655 -2.4020601269e-05 0.0 0.0
1656 -2.4020601269e-05 0.0 0.0
1657 -2.4020601269e-05 0.0 0.0
1658 -2.4020601269e-05 0.0 0.0
1659 -2.4020601269e-05 0.0 0.0
1660 -2.4020601269e-05 0.0 0.0
1661 -2.4020601269e-05 0.0 0.0
1662 -2.4020601269e-05 0.0 0.0
1663 -2.4020601269e-05 0.0 0.0
1664 -2.4020601269e-05 0.0 0.0
1665 -2.4020601269e-05 0.0 0.0
1666 -2.4020601269e-05 0.0 0.0
1667 -2.4020601269e-05 0.0 0.0
1668 -2.4020601269e-05 0.0 0.0
1669 -2.4020601269e-05 0.0 0.0
1670 -2.4020601269e-05 0.0 0.0
1671 -2.4020601269e-05 0.0 0.0
1672 -2.4020601269e-05 0.0 0.0
1673 -2.4020601269e-05 0.0 0.0
1674 -2.4020601269e-05 0.0 0.0
1675 -2.4020601269e-05 0.0 0.0
1676 -2.4020601269e-05 0.0 0.0
1677 -2.4020601269e-05 0.0 0.0
1678 -2.4020601269e-05 0.0 0.0
1679 -2.4020601269e-05 0.0 0.0
1680 -2.4020601269e-05 0.0 0.0
1681 -2.4020601269e-05 0.0 0.0
1682 -2.4020601269e-05 0.0 0.0
1683 -2.4020601269e-05 0.0 0.0
1684 -2.4020601269e-05 0.0 0.0
1685 -2.4020601269e-05 0.0 0.0
1686 -2.4020601269e-05 0.0 0.0
1687 -2.4020601269e-05 0.0 0.0
1688 -2.4020601269e-05 0.0 0.0
1689 -2.4020601269e-05 0.0 0.0
1690 -2.4020601269e-05 0.0 0.0
1691 -2.4020601269e-05 0.0 0.0
1692 -2.4020601269e-05 0.0 0.0
1693 -2.4020601269e-05 0.0 0.0
1694 -2.4020601269e-05 0.0 0.0
1695 -2.4020601269e-05 0.0 0.0
1696 -2.4020601269e-05 0.0 0.0
1697 -2.4020601269e-05 0.0 0.0
1698 -2.4020601269e-05 0.0 0.0
1699 -2.4020601269e-05 0.0 0.0
1700 -2.4020601269e-05 0.0 0.0
1701 -2.4020601269e-05 0.0 0.0
1702 -2.4020601269e-05 0.0 0.0
1703 -2.4020601269e-05 0.0 0.0
1704 -2.4020601269e-05 0.0 0.0
1705 -2.4020601269e-05 0.0 0.0
1706 -2.4020601269e-05 0.0 0.0
1707 -2.4020601269e-05 0.0 0.0
1708 -2.4020601269e-05 0.0 0.0
1709 -2.4020601269e-05 0.0 0.0
1710 -2.4020601269e-05 0.0 0.0
1711 -2.4020601269e-05 0.0 0.0
1712 -2.4020601269e-05 0.0 0.0
1713 -2.4020601269e-05 0.0 0.0
1714 -2.4020601269e-05 0.0 0.0
1715 -2.4020601269e-05 0.0 0.0
1716 -2.4020601269e-05 0.0 0.0
1717 -2.4020601269e-05 0.0 0.0
1718 -2.4020601269e-05 0.0 0.0
1719 -2.4020601269e-05 0.0 0.0
1720 -2.4020601269e-05 0.0 0.0
1721 -2.4020601269e-05 0.0 0.0
1722 -2.4020601269e-05 0.0 0.0
1723 -2.4020601269e-05 0.0 0.0
1724 -2.4020601269e-05 0.0 0.0
1725 -2.4020601269e-05 0.0 0.0
1726 -2.4020601269e-05 0.0 0.0
1727 -2.4020601269e-05 0.0 0.0
1728 -2.4020601269e-05 0.0 0.0
1729 -2.4020601269e-05 0.0 0.0
1730 -2.4020601269e-05 0.0 0.0
1731 -2.4020601269e-05 0.0 0.0
1732 -2.4020601269e-05 0.0 0.0
1733 -2.4020601269e-05 0.0 0.0
1734 -2.4020601269e-05 0.0 0.0
1735 -2.4020601269e-05 0.0 0.0
1736 -2.4020601269e-05 0.0 0.0
1737 -2.4020601269e-05 0.0 0.0
1738 -2.4020601269e-05 0.0 0.0
1739 -2.4020601269e-05 0.0 0.0
1740 -2.4020601269e-05 0.0 0.0
1741 -2.4020601269e-05 0.0 0.0
1742 -2.4020601269e-05 0.0 0.0
1743 -2.4020601269e-05 0.0 0.0
1744 -2.4020601269e-05 0.0 0.0
1745 -2.4020601269e-05 0.0 0.0
1746 -2.4020601269e-05 0.0 0.0
1747 -2.4020601269e-05 0.0 0.0
1748 -2.4020601269e-05 0.0 0.0
1749 -2.4020601269e-05 0.0 0.0
1750 -2.4020601269e-05 0.0 0.0
