0 0.0 0.0 0.0
1 0.0 0.0 0.0
2 0.0290845612727 0.0 0.0
3 0.0290845612727 0.0 0.0
4 0.00640296614535 0.0 0.0
5 0.00640296614535 0.0 0.0
6 -0.0133974716945 0.0 0.0
7 -0.0133974716945 0.0 0.0
8 -0.0133974716945 0.0 0.0
9 -0.0133974716945 0.0 0.0
10 -0.0133974716945 0.0 0.0
11 -0.0133974716945 0.0 0.0
12 0.00824110659721 0.0 0.0
13 0.00824110659721 0.0 0.0
14 0.00824110659721 0.0 0.0
15 0.00824110659721 0.0 0.0
16 0.00824110659721 0.0 0.0
17 0.00824110659721 0.0 0.0
18 0.00824110659721 0.0 0.0
19 0.00824110659721 0.0 0.0
20 0.00824110659721 0.0 0.0
21 0.00824110659721 0.0 0.0
22 0.00824110659721 0.0 0.0
23 0.00824110659721 0.0 0.0
24 0.00824110659721 0.0 0.0
25 0.00824110659721 0.0 0.0
26 0.00824110659721 0.0 0.0
27 0.00824110659721 0.0 0.0
28 0.00824110659721 0.0 0.0
29 0.00824110659721 0.0 0.0
30 -0.000280716028895 0.0 0.0
31 -0.000280716028895 0.0 0.0
32 -0.000280716028895 0.0 0.0
33 -0.000280716028895 0.0 0.0
34 -0.000280716028895 0.0 0.0
35 -0.000280716028895 0.0 0.0
36 -0.000280716028895 0.0 0.0
37 -0.000280716028895 0.0 0.0
38 -0.000280716028895 0.0 0.0
39 -0.000280716028895 0.0 0.0
40 -0.000280716028895 0.0 0.0
41 -0.000280716028895 0.0 0.0
42 -0.000280716028895 0.0 0.0
43 -0.000280716028895 0.0 0.0
44 -0.000280716028895 0.0 0.0
45 -0.000280716028895 0.0 0.0
46 -9.66282922089e-05 0.0 0.0
47 -9.66282922089e-05 0.0 0.0
48 -9.66282922089e-05 0.0 0.0
49 -9.66282922089e-05 0.0 0.0
50 -9.66282922089e-05 0.0 0.0
51 -9.66282922089e-05 0.0 0.0
52 -9.66282922089e-05 0.0 0.0
53 -9.66282922089e-05 0.0 0.0
54 -9.66282922089e-05 0.0 0.0
55 -9.66282922089e-05 0.0 0.0
56 -9.66282922089e-05 0.0 0.0
57 -9.66282922089e-05 0.0 0.0
58 -9.66282922089e-05 0.0 0.0
59 -9.66282922089e-05 0.0 0.0
60 -9.66282922089e-05 0.0 0.0
61 -9.66282922089e-05 0.0 0.0
62 -9.66282922089e-05 0.0 0.0
63 -9.66282922089e-05 0.0 0.0
64 -9.66282922089e-05 0.0 0.0
65 -9.66282922089e-05 0.0 0.0
66 -9.66282922089e-05 0.0 0.0
67 -9.66282922089e-05 0.0 0.0
68 -9.66282922089e-05 0.0 0.0
69 -9.66282922089e-05 0.0 0.0
70 -9.66282922089e-05 0.0 0.0
71 -9.66282922089e-05 0.0 0.0
72 -9.66282922089e-05 0.0 0.0
73 -9.66282922089e-05 0.0 0.0
74 -9.66282922089e-05 0.0 0.0
75 -9.66282922089e-05 0.0 0.0
76 -0.000965008105888 0.0 0.0
77 -0.000965008105888 0.0 0.0
78 -0.000965008105888 0.0 0.0
79 -0.000965008105888 0.0 0.0
80 -0.000965008105888 0.0 0.0
81 -0.000965008105888 0.0 0.0
82 -0.000965008105888 0.0 0.0
83 -0.000965008105888 0.0 0.0
84 -0.000965008105888 0.0 0.0
85 -0.000965008105888 0.0 0.0
86 -0.000965008105888 0.0 0.0
87 -0.000965008105888 0.0 0.0
88 -0.000965008105888 0.0 0.0
89 -0.000965008105888 0.0 0.0
90 -0.000965008105888 0.0 0.0
91 -0.000981466334595 0.0 0.0
92 -0.000981466334595 0.0 0.0
93 -0.000981466334595 0.0 0.0
94 -0.000981466334595 0.0 0.0
95 -0.000981466334595 0.0 0.0
96 -0.000981466334595 0.0 0.0
97 -0.000981466334595 0.0 0.0
98 -0.000981466334595 0.0 0.0
99 -0.000981466334595 0.0 0.0
100 -0.000981466334595 0.0 0.0
101 -0.000981466334595 0.0 0.0
102 -0.000981466334595 0.0 0.0
103 -0.000981466334595 0.0 0.0
104 -0.000981466334595 0.0 0.0
105 -0.000981466334595 0.0 0.0
106 -0.000981466334595 0.0 0.0
107 -0.000981466334595 0.0 0.0
108 -0.000981466334595 0.0 0.0
109 -0.000981466334595 0.0 0.0
110 -0.000981466334595 0.0 0.0
111 -0.000981466334595 0.0 0.0
112 -0.000981466334595 0.0 0.0
113 -0.000981466334595 0.0 0.0
114 -0.000981466334595 0.0 0.0
115 -0.000981466334595 0.0 0.0
116 -0.000981466334595 0.0 0.0
117 -0.000981466334595 0.0 0.0
118 -0.000981466334595 0.0 0.0
119 -0.000981466334595 0.0 0.0
120 -0.000981466334595 0.0 0.0
121 -0.00134662799238 0.0 0.0
122 -0.00134662799238 0.0 0.0
123 -0.00134662799238 0.0 0.0
124 -0.00134662799238 0.0 0.0
125 -0.00134662799238 0.0 0.0
126 -0.00134662799238 0.0 0.0
127 -0.00134662799238 0.0 0.0
128 -0.00134662799238 0.0 0.0
129 -0.00134662799238 0.0 0.0
130 -0.00134662799238 0.0 0.0
131 -0.00134662799238 0.0 0.0
132 -0.00134662799238 0.0 0.0
133 -0.00134662799238 0.0 0.0
134 -0.00134662799238 0.0 0.0
135 -0.00134662799238 0.0 0.0
136 -0.00187184616923 0.0 0.0
137 -0.00187184616923 0.0 0.0
138 -0.00187184616923 0.0 0.0
139 -0.00187184616923 0.0 0.0
140 -0.00187184616923 0.0 0.0
141 -0.00187184616923 0.0 0.0
142 -0.00187184616923 0.0 0.0
143 -0.00187184616923 0.0 0.0
144 -0.00187184616923 0.0 0.0
145 -0.00187184616923 0.0 0.0
146 -0.00187184616923 0.0 0.0
147 -0.00187184616923 0.0 0.0
148 -0.00187184616923 0.0 0.0
149 -0.00187184616923 0.0 0.0
150 -0.00187184616923 0.0 0.0
151 -0.00187184616923 0.0 0.0
152 -0.00187184616923 0.0 0.0
153 -0.00187184616923 0.0 0.0
154 -0.00187184616923 0.0 0.0
155 -0.00187184616923 0.0 0.0
156 -0.00187184616923 0.0 0.0
157 -0.00187184616923 0.0 0.0
158 -0.00187184616923 0.0 0.0
159 -0.00187184616923 0.0 0.0
160 -0.00187184616923 0.0 0.0
161 -0.00202126561313 0.0 0.0
162 -0.00202126561313 0.0 0.0
163 -0.00202126561313 0.0 0.0
164 -0.00202126561313 0.0 0.0
165 -0.00202126561313 0.0 0.0
166 -0.00202126561313 0.0 0.0
167 -0.00202126561313 0.0 0.0
168 -0.00202126561313 0.0 0.0
169 -0.00202126561313 0.0 0.0
170 -0.00202126561313 0.0 0.0
171 -0.00202126561313 0.0 0.0
172 -0.00202126561313 0.0 0.0
173 -0.00202126561313 0.0 0.0
174 -0.00202126561313 0.0 0.0
175 -0.00202126561313 0.0 0.0
176 -0.00202126561313 0.0 0.0
177 -0.00202126561313 0.0 0.0
178 -0.00202126561313 0.0 0.0
179 -0.00202126561313 0.0 0.0
180 -0.00202126561313 0.0 0.0
181 -0.00202126561313 0.0 0.0
182 -0.00202126561313 0.0 0.0
183 -0.00202126561313 0.0 0.0
184 -0.00202126561313 0.0 0.0
185 -0.00202126561313 0.0 0.0
186 -0.00202126561313 0.0 0.0
187 -0.00202126561313 0.0 0.0
188 -0.00202126561313 0.0 0.0
189 -0.00202126561313 0.0 0.0
190 -0.00202126561313 0.0 0.0
191 -0.00202126561313 0.0 0.0
192 -0.00202126561313 0.0 0.0
193 -0.00202126561313 0.0 0.0
194 -0.00202126561313 0.0 0.0
195 -0.00202126561313 0.0 0.0
196 -0.00202126561313 0.0 0.0
197 -0.00202126561313 0.0 0.0
198 -0.00202126561313 0.0 0.0
199 -0.00202126561313 0.0 0.0
200 -0.00202126561313 0.0 0.0
201 -0.000571328057825 0.0 0.0
202 -0.000571328057825 0.0 0.0
203 -0.000571328057825 0.0 0.0
204 -0.000571328057825 0.0 0.0
205 -0.000571328057825 0.0 0.0
206 -0.000571328057825 0.0 0.0
207 -0.000571328057825 0.0 0.0
208 -0.000571328057825 0.0 0.0
209 -0.000571328057825 0.0 0.0
210 -0.000571328057825 0.0 0.0
211 -0.000571328057825 0.0 0.0
212 -0.000571328057825 0.0 0.0
213 -0.000571328057825 0.0 0.0
214 -0.000571328057825 0.0 0.0
215 -0.000571328057825 0.0 0.0
216 -0.000571328057825 0.0 0.0
217 -0.000571328057825 0.0 0.0
218 -0.000571328057825 0.0 0.0
219 -0.000571328057825 0.0 0.0
220 -0.000571328057825 0.0 0.0
221 -0.000571328057825 0.0 0.0
222 -0.000571328057825 0.0 0.0
223 -0.000571328057825 0.0 0.0
224 -0.000571328057825 0.0 0.0
225 -0.000571328057825 0.0 0.0
226 -0.000571328057825 0.0 0.0
227 -0.000571328057825 0.0 0.0
228 -0.000571328057825 0.0 0.0
229 -0.000571328057825 0.0 0.0
230 -0.000571328057825 0.0 0.0
231 -0.000571328057825 0.0 0.0
232 -0.000571328057825 0.0 0.0
233 -0.000571328057825 0.0 0.0
234 -0.000571328057825 0.0 0.0
235 -0.000571328057825 0.0 0.0
236 -0.000571328057825 0.0 0.0
237 -0.000571328057825 0.0 0.0
238 -0.000571328057825 0.0 0.0
239 -0.000571328057825 0.0 0.0
240 -0.000571328057825 0.0 0.0
241 -0.000571328057825 0.0 0.0
242 -0.000571328057825 0.0 0.0
243 -0.000571328057825 0.0 0.0
244 -0.000571328057825 0.0 0.0
245 -0.000571328057825 0.0 0.0
246 -0.000571328057825 0.0 0.0
247 -0.000571328057825 0.0 0.0
248 -0.000571328057825 0.0 0.0
249 -0.000571328057825 0.0 0.0
250 -0.000571328057825 0.0 0.0
251 -0.000571328057825 0.0 0.0
252 -0.000571328057825 0.0 0.0
253 -0.000571328057825 0.0 0.0
254 -0.000571328057825 0.0 0.0
255 -0.000571328057825 0.0 0.0
256 -0.000571328057825 0.0 0.0
257 -0.000571328057825 0.0 0.0
258 -0.000571328057825 0.0 0.0
259 -0.000571328057825 0.0 0.0
260 -0.000571328057825 0.0 0.0
261 -0.000571328057825 0.0 0.0
262 -0.000571328057825 0.0 0.0
263 -0.000571328057825 0.0 0.0
264 -0.000571328057825 0.0 0.0
265 -0.000571328057825 0.0 0.0
266 -0.000571328057825 0.0 0.0
267 -0.000571328057825 0.0 0.0
268 -0.000571328057825 0.0 0.0
269 -0.000571328057825 0.0 0.0
270 -0.000571328057825 0.0 0.0
271 0.0185185185185 0.0 0.0
272 0.0185185185185 0.0 0.0
273 0.0185185185185 0.0 0.0
274 0.0185185185185 0.0 0.0
275 0.0185185185185 0.0 0.0
276 0.0185185185185 0.0 0.0
277 0.0185185185185 0.0 0.0
278 0.0185185185185 0.0 0.0
279 0.0185185185185 0.0 0.0
280 0.0185185185185 0.0 0.0
281 0.0185185185185 0.0 0.0
282 0.0185185185185 0.0 0.0
283 0.0185185185185 0.0 0.0
284 0.0185185185185 0.0 0.0
285 0.0185185185185 0.0 0.0
286 0.0185185185185 0.0 0.0
287 0.0185185185185 0.0 0.0
288 0.0185185185185 0.0 0.0
289 0.0185185185185 0.0 0.0
290 0.0185185185185 0.0 0.0
291 0.0185185185185 0.0 0.0
292 0.0185185185185 0.0 0.0
293 0.0185185185185 0.0 0.0
294 0.0185185185185 0.0 0.0
295 0.0185185185185 0.0 0.0
296 0.0185185185185 0.0 0.0
297 0.0185185185185 0.0 0.0
298 0.0185185185185 0.0 0.0
299 0.0185185185185 0.0 0.0
300 0.0185185185185 0.0 0.0
301 0.0185185185185 0.0 0.0
302 0.0185185185185 0.0 0.0
303 0.0185185185185 0.0 0.0
304 0.0185185185185 0.0 0.0
305 0.0185185185185 0.0 0.0
306 0.0185185185185 0.0 0.0
307 0.0185185185185 0.0 0.0
308 0.0185185185185 0.0 0.0
309 0.0185185185185 0.0 0.0
310 0.0185185185185 0.0 0.0
311 0.0185185185185 0.0 0.0
312 0.0185185185185 0.0 0.0
313 0.0185185185185 0.0 0.0
314 0.0185185185185 0.0 0.0
315 0.0185185185185 0.0 0.0
316 0.0185185185185 0.0 0.0
317 0.0185185185185 0.0 0.0
318 0.0185185185185 0.0 0.0
319 0.0185185185185 0.0 0.0
320 0.0185185185185 0.0 0.0
321 0.0185185185185 0.0 0.0
322 0.0185185185185 0.0 0.0
323 0.0185185185185 0.0 0.0
324 0.0185185185185 0.0 0.0
325 0.0185185185185 0.0 0.0
326 -2.75355748769e-06 0.0 0.0
327 -2.75355748769e-06 0.0 0.0
328 -2.75355748769e-06 0.0 0.0
329 -2.75355748769e-06 0.0 0.0
330 -2.75355748769e-06 0.0 0.0
331 -2.75355748769e-06 0.0 0.0
332 -2.75355748769e-06 0.0 0.0
333 -2.75355748769e-06 0.0 0.0
334 -2.75355748769e-06 0.0 0.0
335 -2.75355748769e-06 0.0 0.0
336 -2.75355748769e-06 0.0 0.0
337 -2.75355748769e-06 0.0 0.0
338 -2.75355748769e-06 0.0 0.0
339 -2.75355748769e-06 0.0 0.0
340 -2.75355748769e-06 0.0 0.0
341 -2.75355748769e-06 0.0 0.0
342 -2.75355748769e-06 0.0 0.0
343 -2.75355748769e-06 0.0 0.0
344 -2.75355748769e-06 0.0 0.0
345 -2.75355748769e-06 0.0 0.0
346 -2.75355748769e-06 0.0 0.0
347 -2.75355748769e-06 0.0 0.0
348 -2.75355748769e-06 0.0 0.0
349 -2.75355748769e-06 0.0 0.0
350 -2.75355748769e-06 0.0 0.0
351 -2.75355748769e-06 0.0 0.0
352 -2.75355748769e-06 0.0 0.0
353 -2.75355748769e-06 0.0 0.0
354 -2.75355748769e-06 0.0 0.0
355 -2.75355748769e-06 0.0 0.0
356 -2.75355748769e-06 0.0 0.0
357 -2.75355748769e-06 0.0 0.0
358 -2.75355748769e-06 0.0 0.0
359 -2.75355748769e-06 0.0 0.0
360 -2.75355748769e-06 0.0 0.0
361 -2.75355748769e-06 0.0 0.0
362 -2.75355748769e-06 0.0 0.0
363 -2.75355748769e-06 0.0 0.0
364 -2.75355748769e-06 0.0 0.0
365 -2.75355748769e-06 0.0 0.0
366 -2.75355748769e-06 0.0 0.0
367 -2.75355748769e-06 0.0 0.0
368 -2.75355748769e-06 0.0 0.0
369 -2.75355748769e-06 0.0 0.0
370 -2.75355748769e-06 0.0 0.0
371 -2.75355748769e-06 0.0 0.0
372 -2.75355748769e-06 0.0 0.0
373 -2.75355748769e-06 0.0 0.0
374 -2.75355748769e-06 0.0 0.0
375 -2.75355748769e-06 0.0 0.0
376 -0.00491555345958 0.0 0.0
377 -0.00491555345958 0.0 0.0
378 -0.00491555345958 0.0 0.0
379 -0.00491555345958 0.0 0.0
380 -0.00491555345958 0.0 0.0
381 -0.00491555345958 0.0 0.0
382 -0.00491555345958 0.0 0.0
383 -0.00491555345958 0.0 0.0
384 -0.00491555345958 0.0 0.0
385 -0.00491555345958 0.0 0.0
386 -0.00491555345958 0.0 0.0
387 -0.00491555345958 0.0 0.0
388 -0.00491555345958 0.0 0.0
389 -0.00491555345958 0.0 0.0
390 -0.00491555345958 0.0 0.0
391 -0.00491555345958 0.0 0.0
392 -0.00491555345958 0.0 0.0
393 -0.00491555345958 0.0 0.0
394 -0.00491555345958 0.0 0.0
395 -0.00491555345958 0.0 0.0
396 -0.00491555345958 0.0 0.0
397 -0.00491555345958 0.0 0.0
398 -0.00491555345958 0.0 0.0
399 -0.00491555345958 0.0 0.0
400 -0.00491555345958 0.0 0.0
401 -0.00491555345958 0.0 0.0
402 -0.00491555345958 0.0 0.0
403 -0.00491555345958 0.0 0.0
404 -0.00491555345958 0.0 0.0
405 -0.00491555345958 0.0 0.0
406 -0.00491555345958 0.0 0.0
407 -0.00491555345958 0.0 0.0
408 -0.00491555345958 0.0 0.0
409 -0.00491555345958 0.0 0.0
410 -0.00491555345958 0.0 0.0
411 -0.00491555345958 0.0 0.0
412 -0.00491555345958 0.0 0.0
413 -0.00491555345958 0.0 0.0
414 -0.00491555345958 0.0 0.0
415 -0.00491555345958 0.0 0.0
416 -0.00491555345958 0.0 0.0
417 -0.00491555345958 0.0 0.0
418 -0.00491555345958 0.0 0.0
419 -0.00491555345958 0.0 0.0
420 -0.00491555345958 0.0 0.0
421 -0.00491555345958 0.0 0.0
422 -0.00491555345958 0.0 0.0
423 -0.00491555345958 0.0 0.0
424 -0.00491555345958 0.0 0.0
425 -0.00491555345958 0.0 0.0
426 -0.00363508827619 0.0 0.0
427 -0.00363508827619 0.0 0.0
428 -0.00363508827619 0.0 0.0
429 -0.00363508827619 0.0 0.0
430 -0.00363508827619 0.0 0.0
431 -0.00363508827619 0.0 0.0
432 -0.00363508827619 0.0 0.0
433 -0.00363508827619 0.0 0.0
434 -0.00363508827619 0.0 0.0
435 -0.00363508827619 0.0 0.0
436 -0.00363508827619 0.0 0.0
437 -0.00363508827619 0.0 0.0
438 -0.00363508827619 0.0 0.0
439 -0.00363508827619 0.0 0.0
440 -0.00363508827619 0.0 0.0
441 -0.00363508827619 0.0 0.0
442 -0.00363508827619 0.0 0.0
443 -0.00363508827619 0.0 0.0
444 -0.00363508827619 0.0 0.0
445 -0.00363508827619 0.0 0.0
446 -0.00363508827619 0.0 0.0
447 -0.00363508827619 0.0 0.0
448 -0.00363508827619 0.0 0.0
449 -0.00363508827619 0.0 0.0
450 -0.00363508827619 0.0 0.0
451 -0.00363508827619 0.0 0.0
452 -0.00363508827619 0.0 0.0
453 -0.00363508827619 0.0 0.0
454 -0.00363508827619 0.0 0.0
455 -0.00363508827619 0.0 0.0
456 -0.00363508827619 0.0 0.0
457 -0.00363508827619 0.0 0.0
458 -0.00363508827619 0.0 0.0
459 -0.00363508827619 0.0 0.0
460 -0.00363508827619 0.0 0.0
461 -0.00363508827619 0.0 0.0
462 -0.00363508827619 0.0 0.0
463 -0.00363508827619 0.0 0.0
464 -0.00363508827619 0.0 0.0
465 -0.00363508827619 0.0 0.0
466 -0.00363508827619 0.0 0.0
467 -0.00363508827619 0.0 0.0
468 -0.00363508827619 0.0 0.0
469 -0.00363508827619 0.0 0.0
470 -0.00363508827619 0.0 0.0
471 -0.00363508827619 0.0 0.0
472 -0.00363508827619 0.0 0.0
473 -0.00363508827619 0.0 0.0
474 -0.00363508827619 0.0 0.0
475 -0.00363508827619 0.0 0.0
476 -0.00368285656644 0.0 0.0
477 -0.00368285656644 0.0 0.0
478 -0.00368285656644 0.0 0.0
479 -0.00368285656644 0.0 0.0
480 -0.00368285656644 0.0 0.0
481 -0.00368285656644 0.0 0.0
482 -0.00368285656644 0.0 0.0
483 -0.00368285656644 0.0 0.0
484 -0.00368285656644 0.0 0.0
485 -0.00368285656644 0.0 0.0
486 -0.00368285656644 0.0 0.0
487 -0.00368285656644 0.0 0.0
488 -0.00368285656644 0.0 0.0
489 -0.00368285656644 0.0 0.0
490 -0.00368285656644 0.0 0.0
491 -0.00368285656644 0.0 0.0
492 -0.00368285656644 0.0 0.0
493 -0.00368285656644 0.0 0.0
494 -0.00368285656644 0.0 0.0
495 -0.00368285656644 0.0 0.0
496 -0.00368285656644 0.0 0.0
497 -0.00368285656644 0.0 0.0
498 -0.00368285656644 0.0 0.0
499 -0.00368285656644 0.0 0.0
500 -0.00368285656644 0.0 0.0
501 -0.00368285656644 0.0 0.0
502 -0.00368285656644 0.0 0.0
503 -0.00368285656644 0.0 0.0
504 -0.00368285656644 0.0 0.0
505 -0.00368285656644 0.0 0.0
506 -0.00368285656644 0.0 0.0
507 -0.00368285656644 0.0 0.0
508 -0.00368285656644 0.0 0.0
509 -0.00368285656644 0.0 0.0
510 -0.00368285656644 0.0 0.0
511 -0.00368285656644 0.0 0.0
512 -0.00368285656644 0.0 0.0
513 -0.00368285656644 0.0 0.0
514 -0.00368285656644 0.0 0.0
515 -0.00368285656644 0.0 0.0
516 -0.00368285656644 0.0 0.0
517 -0.00368285656644 0.0 0.0
518 -0.00368285656644 0.0 0.0
519 -0.00368285656644 0.0 0.0
520 -0.00368285656644 0.0 0.0
521 -0.00368285656644 0.0 0.0
522 -0.00368285656644 0.0 0.0
523 -0.00368285656644 0.0 0.0
524 -0.00368285656644 0.0 0.0
525 -0.00368285656644 0.0 0.0
526 -0.00361260632625 0.0 0.0
527 -0.00361260632625 0.0 0.0
528 -0.00361260632625 0.0 0.0
529 -0.00361260632625 0.0 0.0
530 -0.00361260632625 0.0 0.0
531 -0.00361260632625 0.0 0.0
532 -0.00361260632625 0.0 0.0
533 -0.00361260632625 0.0 0.0
534 -0.00361260632625 0.0 0.0
535 -0.00361260632625 0.0 0.0
536 -0.00361260632625 0.0 0.0
537 -0.00361260632625 0.0 0.0
538 -0.00361260632625 0.0 0.0
539 -0.00361260632625 0.0 0.0
540 -0.00361260632625 0.0 0.0
541 -0.00361260632625 0.0 0.0
542 -0.00361260632625 0.0 0.0
543 -0.00361260632625 0.0 0.0
544 -0.00361260632625 0.0 0.0
545 -0.00361260632625 0.0 0.0
546 -0.00361260632625 0.0 0.0
547 -0.00361260632625 0.0 0.0
548 -0.00361260632625 0.0 0.0
549 -0.00361260632625 0.0 0.0
550 -0.00361260632625 0.0 0.0
551 -0.00361260632625 0.0 0.0
552 -0.00361260632625 0.0 0.0
553 -0.00361260632625 0.0 0.0
554 -0.00361260632625 0.0 0.0
555 -0.00361260632625 0.0 0.0
556 -0.00361260632625 0.0 0.0
557 -0.00361260632625 0.0 0.0
558 -0.00361260632625 0.0 0.0
559 -0.00361260632625 0.0 0.0
560 -0.00361260632625 0.0 0.0
561 -0.00361260632625 0.0 0.0
562 -0.00361260632625 0.0 0.0
563 -0.00361260632625 0.0 0.0
564 -0.00361260632625 0.0 0.0
565 -0.00361260632625 0.0 0.0
566 -0.00361260632625 0.0 0.0
567 -0.00361260632625 0.0 0.0
568 -0.00361260632625 0.0 0.0
569 -0.00361260632625 0.0 0.0
570 -0.00361260632625 0.0 0.0
571 -0.00361260632625 0.0 0.0
572 -0.00361260632625 0.0 0.0
573 -0.00361260632625 0.0 0.0
574 -0.00361260632625 0.0 0.0
575 -0.00361260632625 0.0 0.0
576 -0.00190115232431 0.0 0.0
577 -0.00190115232431 0.0 0.0
578 -0.00190115232431 0.0 0.0
579 -0.00190115232431 0.0 0.0
580 -0.00190115232431 0.0 0.0
581 -0.00190115232431 0.0 0.0
582 -0.00190115232431 0.0 0.0
583 -0.00190115232431 0.0 0.0
584 -0.00190115232431 0.0 0.0
585 -0.00190115232431 0.0 0.0
586 -0.00190115232431 0.0 0.0
587 -0.00190115232431 0.0 0.0
588 -0.00190115232431 0.0 0.0
589 -0.00190115232431 0.0 0.0
590 -0.00190115232431 0.0 0.0
591 -0.00190115232431 0.0 0.0
592 -0.00190115232431 0.0 0.0
593 -0.00190115232431 0.0 0.0
594 -0.00190115232431 0.0 0.0
595 -0.00190115232431 0.0 0.0
596 -0.00190115232431 0.0 0.0
597 -0.00190115232431 0.0 0.0
598 -0.00190115232431 0.0 0.0
599 -0.00190115232431 0.0 0.0
600 -0.00190115232431 0.0 0.0
601 -0.00190115232431 0.0 0.0
602 -0.00190115232431 0.0 0.0
603 -0.00190115232431 0.0 0.0
604 -0.00190115232431 0.0 0.0
605 -0.00190115232431 0.0 0.0
606 -0.00190115232431 0.0 0.0
607 -0.00190115232431 0.0 0.0
608 -0.00190115232431 0.0 0.0
609 -0.00190115232431 0.0 0.0
610 -0.00190115232431 0.0 0.0
611 -0.00190115232431 0.0 0.0
612 -0.00190115232431 0.0 0.0
613 -0.00190115232431 0.0 0.0
614 -0.00190115232431 0.0 0.0
615 -0.00190115232431 0.0 0.0
616 -0.00190115232431 0.0 0.0
617 -0.00190115232431 0.0 0.0
618 -0.00190115232431 0.0 0.0
619 -0.00190115232431 0.0 0.0
620 -0.00190115232431 0.0 0.0
621 -0.00190115232431 0.0 0.0
622 -0.00190115232431 0.0 0.0
623 -0.00190115232431 0.0 0.0
624 -0.00190115232431 0.0 0.0
625 -0.00190115232431 0.0 0.0
626 -0.00175097697192 0.0 0.0
627 -0.00175097697192 0.0 0.0
628 -0.00175097697192 0.0 0.0
629 -0.00175097697192 0.0 0.0
630 -0.00175097697192 0.0 0.0
631 -0.00175097697192 0.0 0.0
632 -0.00175097697192 0.0 0.0
633 -0.00175097697192 0.0 0.0
634 -0.00175097697192 0.0 0.0
635 -0.00175097697192 0.0 0.0
636 -0.00175097697192 0.0 0.0
637 -0.00175097697192 0.0 0.0
638 -0.00175097697192 0.0 0.0
639 -0.00175097697192 0.0 0.0
640 -0.00175097697192 0.0 0.0
641 -0.00175097697192 0.0 0.0
642 -0.00175097697192 0.0 0.0
643 -0.00175097697192 0.0 0.0
644 -0.00175097697192 0.0 0.0
645 -0.00175097697192 0.0 0.0
646 -0.00175097697192 0.0 0.0
647 -0.00175097697192 0.0 0.0
648 -0.00175097697192 0.0 0.0
649 -0.00175097697192 0.0 0.0
650 -0.00175097697192 0.0 0.0
651 -0.00175097697192 0.0 0.0
652 -0.00175097697192 0.0 0.0
653 -0.00175097697192 0.0 0.0
654 -0.00175097697192 0.0 0.0
655 -0.00175097697192 0.0 0.0
656 -0.00175097697192 0.0 0.0
657 -0.00175097697192 0.0 0.0
658 -0.00175097697192 0.0 0.0
659 -0.00175097697192 0.0 0.0
660 -0.00175097697192 0.0 0.0
661 -0.00175097697192 0.0 0.0
662 -0.00175097697192 0.0 0.0
663 -0.00175097697192 0.0 0.0
664 -0.00175097697192 0.0 0.0
665 -0.00175097697192 0.0 0.0
666 -0.00175097697192 0.0 0.0
667 -0.00175097697192 0.0 0.0
668 -0.00175097697192 0.0 0.0
669 -0.00175097697192 0.0 0.0
670 -0.00175097697192 0.0 0.0
671 -0.00175097697192 0.0 0.0
672 -0.00175097697192 0.0 0.0
673 -0.00175097697192 0.0 0.0
674 -0.00175097697192 0.0 0.0
675 -0.00175097697192 0.0 0.0
676 -0.00068037561601 0.0 0.0
677 -0.00068037561601 0.0 0.0
678 -0.00068037561601 0.0 0.0
679 -0.00068037561601 0.0 0.0
680 -0.00068037561601 0.0 0.0
681 -0.00068037561601 0.0 0.0
682 -0.00068037561601 0.0 0.0
683 -0.00068037561601 0.0 0.0
684 -0.00068037561601 0.0 0.0
685 -0.00068037561601 0.0 0.0
686 -0.00068037561601 0.0 0.0
687 -0.00068037561601 0.0 0.0
688 -0.00068037561601 0.0 0.0
689 -0.00068037561601 0.0 0.0
690 -0.00068037561601 0.0 0.0
691 -0.00068037561601 0.0 0.0
692 -0.00068037561601 0.0 0.0
693 -0.00068037561601 0.0 0.0
694 -0.00068037561601 0.0 0.0
695 -0.00068037561601 0.0 0.0
696 -0.00068037561601 0.0 0.0
697 -0.00068037561601 0.0 0.0
698 -0.00068037561601 0.0 0.0
699 -0.00068037561601 0.0 0.0
700 -0.00068037561601 0.0 0.0
701 -0.00068037561601 0.0 0.0
702 -0.00068037561601 0.0 0.0
703 -0.00068037561601 0.0 0.0
704 -0.00068037561601 0.0 0.0
705 -0.00068037561601 0.0 0.0
706 -0.00068037561601 0.0 0.0
707 -0.00068037561601 0.0 0.0
708 -0.00068037561601 0.0 0.0
709 -0.00068037561601 0.0 0.0
710 -0.00068037561601 0.0 0.0
711 -0.00068037561601 0.0 0.0
712 -0.00068037561601 0.0 0.0
713 -0.00068037561601 0.0 0.0
714 -0.00068037561601 0.0 0.0
715 -0.00068037561601 0.0 0.0
716 -0.00068037561601 0.0 0.0
717 -0.00068037561601 0.0 0.0
718 -0.00068037561601 0.0 0.0
719 -0.00068037561601 0.0 0.0
720 -0.00068037561601 0.0 0.0
721 -0.00068037561601 0.0 0.0
722 -0.00068037561601 0.0 0.0
723 -0.00068037561601 0.0 0.0
724 -0.00068037561601 0.0 0.0
725 -0.00068037561601 0.0 0.0
726 -0.000483471091394 0.0 0.0
727 -0.000483471091394 0.0 0.0
728 -0.000483471091394 0.0 0.0
729 -0.000483471091394 0.0 0.0
730 -0.000483471091394 0.0 0.0
731 -0.000483471091394 0.0 0.0
732 -0.000483471091394 0.0 0.0
733 -0.000483471091394 0.0 0.0
734 -0.000483471091394 0.0 0.0
735 -0.000483471091394 0.0 0.0
736 -0.000483471091394 0.0 0.0
737 -0.000483471091394 0.0 0.0
738 -0.000483471091394 0.0 0.0
739 -0.000483471091394 0.0 0.0
740 -0.000483471091394 0.0 0.0
741 -0.000483471091394 0.0 0.0
742 -0.000483471091394 0.0 0.0
743 -0.000483471091394 0.0 0.0
744 -0.000483471091394 0.0 0.0
745 -0.000483471091394 0.0 0.0
746 -0.000483471091394 0.0 0.0
747 -0.000483471091394 0.0 0.0
748 -0.000483471091394 0.0 0.0
749 -0.000483471091394 0.0 0.0
750 -0.000483471091394 0.0 0.0
751 -0.000483471091394 0.0 0.0
752 -0.000483471091394 0.0 0.0
753 -0.000483471091394 0.0 0.0
754 -0.000483471091394 0.0 0.0
755 -0.000483471091394 0.0 0.0
756 -0.000483471091394 0.0 0.0
757 -0.000483471091394 0.0 0.0
758 -0.000483471091394 0.0 0.0
759 -0.000483471091394 0.0 0.0
760 -0.000483471091394 0.0 0.0
761 -0.000483471091394 0.0 0.0
762 -0.000483471091394 0.0 0.0
763 -0.000483471091394 0.0 0.0
764 -0.000483471091394 0.0 0.0
765 -0.000483471091394 0.0 0.0
766 -0.000483471091394 0.0 0.0
767 -0.000483471091394 0.0 0.0
768 -0.000483471091394 0.0 0.0
769 -0.000483471091394 0.0 0.0
770 -0.000483471091394 0.0 0.0
771 -0.000483471091394 0.0 0.0
772 -0.000483471091394 0.0 0.0
773 -0.000483471091394 0.0 0.0
774 -0.000483471091394 0.0 0.0
775 -0.000483471091394 0.0 0.0
776 6.72531719363e-06 0.0 0.0
777 6.72531719363e-06 0.0 0.0
778 6.72531719363e-06 0.0 0.0
779 6.72531719363e-06 0.0 0.0
780 6.72531719363e-06 0.0 0.0
781 6.72531719363e-06 0.0 0.0
782 6.72531719363e-06 0.0 0.0
783 6.72531719363e-06 0.0 0.0
784 6.72531719363e-06 0.0 0.0
785 6.72531719363e-06 0.0 0.0
786 6.72531719363e-06 0.0 0.0
787 6.72531719363e-06 0.0 0.0
788 6.72531719363e-06 0.0 0.0
789 6.72531719363e-06 0.0 0.0
790 6.72531719363e-06 0.0 0.0
791 6.72531719363e-06 0.0 0.0
792 6.72531719363e-06 0.0 0.0
793 6.72531719363e-06 0.0 0.0
794 6.72531719363e-06 0.0 0.0
795 6.72531719363e-06 0.0 0.0
796 6.72531719363e-06 0.0 0.0
797 6.72531719363e-06 0.0 0.0
798 6.72531719363e-06 0.0 0.0
799 6.72531719363e-06 0.0 0.0
800 6.72531719363e-06 0.0 0.0
801 6.72531719363e-06 0.0 0.0
802 6.72531719363e-06 0.0 0.0
803 6.72531719363e-06 0.0 0.0
804 6.72531719363e-06 0.0 0.0
805 6.72531719363e-06 0.0 0.0
806 6.72531719363e-06 0.0 0.0
807 6.72531719363e-06 0.0 0.0
808 6.72531719363e-06 0.0 0.0
809 6.72531719363e-06 0.0 0.0
810 6.72531719363e-06 0.0 0.0
811 6.72531719363e-06 0.0 0.0
812 6.72531719363e-06 0.0 0.0
813 6.72531719363e-06 0.0 0.0
814 6.72531719363e-06 0.0 0.0
815 6.72531719363e-06 0.0 0.0
816 6.72531719363e-06 0.0 0.0
817 6.72531719363e-06 0.0 0.0
818 6.72531719363e-06 0.0 0.0
819 6.72531719363e-06 0.0 0.0
820 6.72531719363e-06 0.0 0.0
821 6.72531719363e-06 0.0 0.0
822 6.72531719363e-06 0.0 0.0
823 6.72531719363e-06 0.0 0.0
824 6.72531719363e-06 0.0 0.0
825 6.72531719363e-06 0.0 0.0
826 9.65888653604e-05 0.0 0.0
827 9.65888653604e-05 0.0 0.0
828 9.65888653604e-05 0.0 0.0
829 9.65888653604e-05 0.0 0.0
830 9.65888653604e-05 0.0 0.0
831 9.65888653604e-05 0.0 0.0
832 9.65888653604e-05 0.0 0.0
833 9.65888653604e-05 0.0 0.0
834 9.65888653604e-05 0.0 0.0
835 9.65888653604e-05 0.0 0.0
836 9.65888653604e-05 0.0 0.0
837 9.65888653604e-05 0.0 0.0
838 9.65888653604e-05 0.0 0.0
839 9.65888653604e-05 0.0 0.0
840 9.65888653604e-05 0.0 0.0
841 9.65888653604e-05 0.0 0.0
842 9.65888653604e-05 0.0 0.0
843 9.65888653604e-05 0.0 0.0
844 9.65888653604e-05 0.0 0.0
845 9.65888653604e-05 0.0 0.0
846 9.65888653604e-05 0.0 0.0
847 9.65888653604e-05 0.0 0.0
848 9.65888653604e-05 0.0 0.0
849 9.65888653604e-05 0.0 0.0
850 9.65888653604e-05 0.0 0.0
851 9.65888653604e-05 0.0 0.0
852 9.65888653604e-05 0.0 0.0
853 9.65888653604e-05 0.0 0.0
854 9.65888653604e-05 0.0 0.0
855 9.65888653604e-05 0.0 0.0
856 9.65888653604e-05 0.0 0.0
857 9.65888653604e-05 0.0 0.0
858 9.65888653604e-05 0.0 0.0
859 9.65888653604e-05 0.0 0.0
860 9.65888653604e-05 0.0 0.0
861 9.65888653604e-05 0.0 0.0
862 9.65888653604e-05 0.0 0.0
863 9.65888653604e-05 0.0 0.0
864 9.65888653604e-05 0.0 0.0
865 9.65888653604e-05 0.0 0.0
866 9.65888653604e-05 0.0 0.0
867 9.65888653604e-05 0.0 0.0
868 9.65888653604e-05 0.0 0.0
869 9.65888653604e-05 0.0 0.0
870 9.65888653604e-05 0.0 0.0
871 9.65888653604e-05 0.0 0.0
872 9.65888653604e-05 0.0 0.0
873 9.65888653604e-05 0.0 0.0
874 9.65888653604e-05 0.0 0.0
875 9.65888653604e-05 0.0 0.0
876 9.65888653604e-05 0.0 0.0
877 9.65888653604e-05 0.0 0.0
878 9.65888653604e-05 0.0 0.0
879 9.65888653604e-05 0.0 0.0
880 9.65888653604e-05 0.0 0.0
881 9.65888653604e-05 0.0 0.0
882 9.65888653604e-05 0.0 0.0
883 9.65888653604e-05 0.0 0.0
884 9.65888653604e-05 0.0 0.0
885 9.65888653604e-05 0.0 0.0
886 9.65888653604e-05 0.0 0.0
887 9.65888653604e-05 0.0 0.0
888 9.65888653604e-05 0.0 0.0
889 9.65888653604e-05 0.0 0.0
890 9.65888653604e-05 0.0 0.0
891 9.65888653604e-05 0.0 0.0
892 9.65888653604e-05 0.0 0.0
893 9.65888653604e-05 0.0 0.0
894 9.65888653604e-05 0.0 0.0
895 9.65888653604e-05 0.0 0.0
896 9.65888653604e-05 0.0 0.0
897 9.65888653604e-05 0.0 0.0
898 9.65888653604e-05 0.0 0.0
899 9.65888653604e-05 0.0 0.0
900 9.65888653604e-05 0.0 0.0
901 9.65888653604e-05 0.0 0.0
902 9.65888653604e-05 0.0 0.0
903 9.65888653604e-05 0.0 0.0
904 9.65888653604e-05 0.0 0.0
905 9.65888653604e-05 0.0 0.0
906 9.65888653604e-05 0.0 0.0
907 9.65888653604e-05 0.0 0.0
908 9.65888653604e-05 0.0 0.0
909 9.65888653604e-05 0.0 0.0
910 9.65888653604e-05 0.0 0.0
911 9.65888653604e-05 0.0 0.0
912 9.65888653604e-05 0.0 0.0
913 9.65888653604e-05 0.0 0.0
914 9.65888653604e-05 0.0 0.0
915 9.65888653604e-05 0.0 0.0
916 9.65888653604e-05 0.0 0.0
917 9.65888653604e-05 0.0 0.0
918 9.65888653604e-05 0.0 0.0
919 9.65888653604e-05 0.0 0.0
920 9.65888653604e-05 0.0 0.0
921 9.65888653604e-05 0.0 0.0
922 9.65888653604e-05 0.0 0.0
923 9.65888653604e-05 0.0 0.0
924 9.65888653604e-05 0.0 0.0
925 9.65888653604e-05 0.0 0.0
926 9.65888653604e-05 0.0 0.0
927 9.65888653604e-05 0.0 0.0
928 9.65888653604e-05 0.0 0.0
929 9.65888653604e-05 0.0 0.0
930 9.65888653604e-05 0.0 0.0
931 9.65888653604e-05 0.0 0.0
932 9.65888653604e-05 0.0 0.0
933 9.65888653604e-05 0.0 0.0
934 9.65888653604e-05 0.0 0.0
935 9.65888653604e-05 0.0 0.0
936 9.65888653604e-05 0.0 0.0
937 9.65888653604e-05 0.0 0.0
938 9.65888653604e-05 0.0 0.0
939 9.65888653604e-05 0.0 0.0
940 9.65888653604e-05 0.0 0.0
941 9.65888653604e-05 0.0 0.0
942 9.65888653604e-05 0.0 0.0
943 9.65888653604e-05 0.0 0.0
944 9.65888653604e-05 0.0 0.0
945 9.65888653604e-05 0.0 0.0
946 9.65888653604e-05 0.0 0.0
947 9.65888653604e-05 0.0 0.0
948 9.65888653604e-05 0.0 0.0
949 9.65888653604e-05 0.0 0.0
950 9.65888653604e-05 0.0 0.0
951 9.65888653604e-05 0.0 0.0
952 9.65888653604e-05 0.0 0.0
953 9.65888653604e-05 0.0 0.0
954 9.65888653604e-05 0.0 0.0
955 9.65888653604e-05 0.0 0.0
956 9.65888653604e-05 0.0 0.0
957 9.65888653604e-05 0.0 0.0
958 9.65888653604e-05 0.0 0.0
959 9.65888653604e-05 0.0 0.0
960 9.65888653604e-05 0.0 0.0
961 9.65888653604e-05 0.0 0.0
962 9.65888653604e-05 0.0 0.0
963 9.65888653604e-05 0.0 0.0
964 9.65888653604e-05 0.0 0.0
965 9.65888653604e-05 0.0 0.0
966 9.65888653604e-05 0.0 0.0
967 9.65888653604e-05 0.0 0.0
968 9.65888653604e-05 0.0 0.0
969 9.65888653604e-05 0.0 0.0
970 9.65888653604e-05 0.0 0.0
971 9.65888653604e-05 0.0 0.0
972 9.65888653604e-05 0.0 0.0
973 9.65888653604e-05 0.0 0.0
974 9.65888653604e-05 0.0 0.0
975 9.65888653604e-05 0.0 0.0
976 9.65888653604e-05 0.0 0.0
977 9.65888653604e-05 0.0 0.0
978 9.65888653604e-05 0.0 0.0
979 9.65888653604e-05 0.0 0.0
980 9.65888653604e-05 0.0 0.0
981 9.65888653604e-05 0.0 0.0
982 9.65888653604e-05 0.0 0.0
983 9.65888653604e-05 0.0 0.0
984 9.65888653604e-05 0.0 0.0
985 9.65888653604e-05 0.0 0.0
986 9.65888653604e-05 0.0 0.0
987 9.65888653604e-05 0.0 0.0
988 9.65888653604e-05 0.0 0.0
989 9.65888653604e-05 0.0 0.0
990 9.65888653604e-05 0.0 0.0
991 9.65888653604e-05 0.0 0.0
992 9.65888653604e-05 0.0 0.0
993 9.65888653604e-05 0.0 0.0
994 9.65888653604e-05 0.0 0.0
995 9.65888653604e-05 0.0 0.0
996 9.65888653604e-05 0.0 0.0
997 9.65888653604e-05 0.0 0.0
998 9.65888653604e-05 0.0 0.0
999 9.65888653604e-05 0.0 0.0
1000 9.65888653604e-05 0.0 0.0
1001 9.65888653604e-05 0.0 0.0
1002 9.65888653604e-05 0.0 0.0
1003 9.65888653604e-05 0.0 0.0
1004 9.65888653604e-05 0.0 0.0
1005 9.65888653604e-05 0.0 0.0
1006 9.65888653604e-05 0.0 0.0
1007 9.65888653604e-05 0.0 0.0
1008 9.65888653604e-05 0.0 0.0
1009 9.65888653604e-05 0.0 0.0
1010 9.65888653604e-05 0.0 0.0
1011 9.65888653604e-05 0.0 0.0
1012 9.65888653604e-05 0.0 0.0
1013 9.65888653604e-05 0.0 0.0
1014 9.65888653604e-05 0.0 0.0
1015 9.65888653604e-05 0.0 0.0
1016 9.65888653604e-05 0.0 0.0
1017 9.65888653604e-05 0.0 0.0
1018 9.65888653604e-05 0.0 0.0
1019 9.65888653604e-05 0.0 0.0
1020 9.65888653604e-05 0.0 0.0
1021 9.65888653604e-05 0.0 0.0
1022 9.65888653604e-05 0.0 0.0
1023 9.65888653604e-05 0.0 0.0
1024 9.65888653604e-05 0.0 0.0
1025 9.65888653604e-05 0.0 0.0
1026 9.65888653604e-05 0.0 0.0
1027 9.65888653604e-05 0.0 0.0
1028 9.65888653604e-05 0.0 0.0
1029 9.65888653604e-05 0.0 0.0
1030 9.65888653604e-05 0.0 0.0
1031 9.65888653604e-05 0.0 0.0
1032 9.65888653604e-05 0.0 0.0
1033 9.65888653604e-05 0.0 0.0
1034 9.65888653604e-05 0.0 0.0
1035 9.65888653604e-05 0.0 0.0
1036 9.65888653604e-05 0.0 0.0
1037 9.65888653604e-05 0.0 0.0
1038 9.65888653604e-05 0.0 0.0
1039 9.65888653604e-05 0.0 0.0
1040 9.65888653604e-05 0.0 0.0
1041 9.65888653604e-05 0.0 0.0
1042 9.65888653604e-05 0.0 0.0
1043 9.65888653604e-05 0.0 0.0
1044 9.65888653604e-05 0.0 0.0
1045 9.65888653604e-05 0.0 0.0
1046 9.65888653604e-05 0.0 0.0
1047 9.65888653604e-05 0.0 0.0
1048 9.65888653604e-05 0.0 0.0
1049 9.65888653604e-05 0.0 0.0
1050 9.65888653604e-05 0.0 0.0
1051 4.93345187002e-05 0.0 0.0
1052 4.93345187002e-05 0.0 0.0
1053 4.93345187002e-05 0.0 0.0
1054 4.93345187002e-05 0.0 0.0
1055 4.93345187002e-05 0.0 0.0
1056 4.93345187002e-05 0.0 0.0
1057 4.93345187002e-05 0.0 0.0
1058 4.93345187002e-05 0.0 0.0
1059 4.93345187002e-05 0.0 0.0
1060 4.93345187002e-05 0.0 0.0
1061 4.93345187002e-05 0.0 0.0
1062 4.93345187002e-05 0.0 0.0
1063 4.93345187002e-05 0.0 0.0
1064 4.93345187002e-05 0.0 0.0
1065 4.93345187002e-05 0.0 0.0
1066 4.93345187002e-05 0.0 0.0
1067 4.93345187002e-05 0.0 0.0
1068 4.93345187002e-05 0.0 0.0
1069 4.93345187002e-05 0.0 0.0
1070 4.93345187002e-05 0.0 0.0
1071 4.93345187002e-05 0.0 0.0
1072 4.93345187002e-05 0.0 0.0
1073 4.93345187002e-05 0.0 0.0
1074 4.93345187002e-05 0.0 0.0
1075 4.93345187002e-05 0.0 0.0
1076 4.93345187002e-05 0.0 0.0
1077 4.93345187002e-05 0.0 0.0
1078 4.93345187002e-05 0.0 0.0
1079 4.93345187002e-05 0.0 0.0
1080 4.93345187002e-05 0.0 0.0
1081 4.93345187002e-05 0.0 0.0
1082 4.93345187002e-05 0.0 0.0
1083 4.93345187002e-05 0.0 0.0
1084 4.93345187002e-05 0.0 0.0
1085 4.93345187002e-05 0.0 0.0
1086 4.93345187002e-05 0.0 0.0
1087 4.93345187002e-05 0.0 0.0
1088 4.93345187002e-05 0.0 0.0
1089 4.93345187002e-05 0.0 0.0
1090 4.93345187002e-05 0.0 0.0
1091 4.93345187002e-05 0.0 0.0
1092 4.93345187002e-05 0.0 0.0
1093 4.93345187002e-05 0.0 0.0
1094 4.93345187002e-05 0.0 0.0
1095 4.93345187002e-05 0.0 0.0
1096 4.93345187002e-05 0.0 0.0
1097 4.93345187002e-05 0.0 0.0
1098 4.93345187002e-05 0.0 0.0
1099 4.93345187002e-05 0.0 0.0
1100 4.93345187002e-05 0.0 0.0
1101 4.93345187002e-05 0.0 0.0
1102 4.93345187002e-05 0.0 0.0
1103 4.93345187002e-05 0.0 0.0
1104 4.93345187002e-05 0.0 0.0
1105 4.93345187002e-05 0.0 0.0
1106 4.93345187002e-05 0.0 0.0
1107 4.93345187002e-05 0.0 0.0
1108 4.93345187002e-05 0.0 0.0
1109 4.93345187002e-05 0.0 0.0
1110 4.93345187002e-05 0.0 0.0
1111 4.93345187002e-05 0.0 0.0
1112 4.93345187002e-05 0.0 0.0
1113 4.93345187002e-05 0.0 0.0
1114 4.93345187002e-05 0.0 0.0
1115 4.93345187002e-05 0.0 0.0
1116 4.93345187002e-05 0.0 0.0
1117 4.93345187002e-05 0.0 0.0
1118 4.93345187002e-05 0.0 0.0
1119 4.93345187002e-05 0.0 0.0
1120 4.93345187002e-05 0.0 0.0
1121 4.93345187002e-05 0.0 0.0
1122 4.93345187002e-05 0.0 0.0
1123 4.93345187002e-05 0.0 0.0
1124 4.93345187002e-05 0.0 0.0
1125 4.93345187002e-05 0.0 0.0
1126 4.93345187002e-05 0.0 0.0
1127 4.93345187002e-05 0.0 0.0
1128 4.93345187002e-05 0.0 0.0
1129 4.93345187002e-05 0.0 0.0
1130 4.93345187002e-05 0.0 0.0
1131 4.93345187002e-05 0.0 0.0
1132 4.93345187002e-05 0.0 0.0
1133 4.93345187002e-05 0.0 0.0
1134 4.93345187002e-05 0.0 0.0
1135 4.93345187002e-05 0.0 0.0
1136 4.93345187002e-05 0.0 0.0
1137 4.93345187002e-05 0.0 0.0
1138 4.93345187002e-05 0.0 0.0
1139 4.93345187002e-05 0.0 0.0
1140 4.93345187002e-05 0.0 0.0
1141 4.93345187002e-05 0.0 0.0
1142 4.93345187002e-05 0.0 0.0
1143 4.93345187002e-05 0.0 0.0
1144 4.93345187002e-05 0.0 0.0
1145 4.93345187002e-05 0.0 0.0
1146 4.93345187002e-05 0.0 0.0
1147 4.93345187002e-05 0.0 0.0
1148 4.93345187002e-05 0.0 0.0
1149 4.93345187002e-05 0.0 0.0
1150 4.93345187002e-05 0.0 0.0
1151 -3.33148668328e-05 0.0 0.0
1152 -3.33148668328e-05 0.0 0.0
1153 -3.33148668328e-05 0.0 0.0
1154 -3.33148668328e-05 0.0 0.0
1155 -3.33148668328e-05 0.0 0.0
1156 -3.33148668328e-05 0.0 0.0
1157 -3.33148668328e-05 0.0 0.0
1158 -3.33148668328e-05 0.0 0.0
1159 -3.33148668328e-05 0.0 0.0
1160 -3.33148668328e-05 0.0 0.0
1161 -3.33148668328e-05 0.0 0.0
1162 -3.33148668328e-05 0.0 0.0
1163 -3.33148668328e-05 0.0 0.0
1164 -3.33148668328e-05 0.0 0.0
1165 -3.33148668328e-05 0.0 0.0
1166 -3.33148668328e-05 0.0 0.0
1167 -3.33148668328e-05 0.0 0.0
1168 -3.33148668328e-05 0.0 0.0
1169 -3.33148668328e-05 0.0 0.0
1170 -3.33148668328e-05 0.0 0.0
1171 -3.33148668328e-05 0.0 0.0
1172 -3.33148668328e-05 0.0 0.0
1173 -3.33148668328e-05 0.0 0.0
1174 -3.33148668328e-05 0.0 0.0
1175 -3.33148668328e-05 0.0 0.0
1176 -3.33148668328e-05 0.0 0.0
1177 -3.33148668328e-05 0.0 0.0
1178 -3.33148668328e-05 0.0 0.0
1179 -3.33148668328e-05 0.0 0.0
1180 -3.33148668328e-05 0.0 0.0
1181 -3.33148668328e-05 0.0 0.0
1182 -3.33148668328e-05 0.0 0.0
1183 -3.33148668328e-05 0.0 0.0
1184 -3.33148668328e-05 0.0 0.0
1185 -3.33148668328e-05 0.0 0.0
1186 -3.33148668328e-05 0.0 0.0
1187 -3.33148668328e-05 0.0 0.0
1188 -3.33148668328e-05 0.0 0.0
1189 -3.33148668328e-05 0.0 0.0
1190 -3.33148668328e-05 0.0 0.0
1191 -3.33148668328e-05 0.0 0.0
1192 -3.33148668328e-05 0.0 0.0
1193 -3.33148668328e-05 0.0 0.0
1194 -3.33148668328e-05 0.0 0.0
1195 -3.33148668328e-05 0.0 0.0
1196 -3.33148668328e-05 0.0 0.0
1197 -3.33148668328e-05 0.0 0.0
1198 -3.33148668328e-05 0.0 0.0
1199 -3.33148668328e-05 0.0 0.0
1200 -3.33148668328e-05 0.0 0.0
1201 -3.33148668328e-05 0.0 0.0
1202 -3.33148668328e-05 0.0 0.0
1203 -3.33148668328e-05 0.0 0.0
1204 -3.33148668328e-05 0.0 0.0
1205 -3.33148668328e-05 0.0 0.0
1206 -3.33148668328e-05 0.0 0.0
1207 -3.33148668328e-05 0.0 0.0
1208 -3.33148668328e-05 0.0 0.0
1209 -3.33148668328e-05 0.0 0.0
1210 -3.33148668328e-05 0.0 0.0
1211 -3.33148668328e-05 0.0 0.0
1212 -3.33148668328e-05 0.0 0.0
1213 -3.33148668328e-05 0.0 0.0
1214 -3.33148668328e-05 0.0 0.0
1215 -3.33148668328e-05 0.0 0.0
1216 -3.33148668328e-05 0.0 0.0
1217 -3.33148668328e-05 0.0 0.0
1218 -3.33148668328e-05 0.0 0.0
1219 -3.33148668328e-05 0.0 0.0
1220 -3.33148668328e-05 0.0 0.0
1221 -3.33148668328e-05 0.0 0.0
1222 -3.33148668328e-05 0.0 0.0
1223 -3.33148668328e-05 0.0 0.0
1224 -3.33148668328e-05 0.0 0.0
1225 -3.33148668328e-05 0.0 0.0
1226 -3.33148668328e-05 0.0 0.0
1227 -3.33148668328e-05 0.0 0.0
1228 -3.33148668328e-05 0.0 0.0
1229 -3.33148668328e-05 0.0 0.0
1230 -3.33148668328e-05 0.0 0.0
1231 -3.33148668328e-05 0.0 0.0
1232 -3.33148668328e-05 0.0 0.0
1233 -3.33148668328e-05 0.0 0.0
1234 -3.33148668328e-05 0.0 0.0
1235 -3.33148668328e-05 0.0 0.0
1236 -3.33148668328e-05 0.0 0.0
1237 -3.33148668328e-05 0.0 0.0
1238 -3.33148668328e-05 0.0 0.0
1239 -3.33148668328e-05 0.0 0.0
1240 -3.33148668328e-05 0.0 0.0
1241 -3.33148668328e-05 0.0 0.0
1242 -3.33148668328e-05 0.0 0.0
1243 -3.33148668328e-05 0.0 0.0
1244 -3.33148668328e-05 0.0 0.0
1245 -3.33148668328e-05 0.0 0.0
1246 -3.33148668328e-05 0.0 0.0
1247 -3.33148668328e-05 0.0 0.0
1248 -3.33148668328e-05 0.0 0.0
1249 -3.33148668328e-05 0.0 0.0
1250 -3.33148668328e-05 0.0 0.0
1251 -3.33148668328e-05 0.0 0.0
1252 -3.33148668328e-05 0.0 0.0
1253 -3.33148668328e-05 0.0 0.0
1254 -3.33148668328e-05 0.0 0.0
1255 -3.33148668328e-05 0.0 0.0
1256 -3.33148668328e-05 0.0 0.0
1257 -3.33148668328e-05 0.0 0.0
1258 -3.33148668328e-05 0.0 0.0
1259 -3.33148668328e-05 0.0 0.0
1260 -3.33148668328e-05 0.0 0.0
1261 -3.33148668328e-05 0.0 0.0
1262 -3.33148668328e-05 0.0 0.0
1263 -3.33148668328e-05 0.0 0.0
1264 -3.33148668328e-05 0.0 0.0
1265 -3.33148668328e-05 0.0 0.0
1266 -3.33148668328e-05 0.0 0.0
1267 -3.33148668328e-05 0.0 0.0
1268 -3.33148668328e-05 0.0 0.0
1269 -3.33148668328e-05 0.0 0.0
1270 -3.33148668328e-05 0.0 0.0
1271 -3.33148668328e-05 0.0 0.0
1272 -3.33148668328e-05 0.0 0.0
1273 -3.33148668328e-05 0.0 0.0
1274 -3.33148668328e-05 0.0 0.0
1275 -3.33148668328e-05 0.0 0.0
1276 -3.33148668328e-05 0.0 0.0
1277 -3.33148668328e-05 0.0 0.0
1278 -3.33148668328e-05 0.0 0.0
1279 -3.33148668328e-05 0.0 0.0
1280 -3.33148668328e-05 0.0 0.0
1281 -3.33148668328e-05 0.0 0.0
1282 -3.33148668328e-05 0.0 0.0
1283 -3.33148668328e-05 0.0 0.0
1284 -3.33148668328e-05 0.0 0.0
1285 -3.33148668328e-05 0.0 0.0
1286 -3.33148668328e-05 0.0 0.0
1287 -3.33148668328e-05 0.0 0.0
1288 -3.33148668328e-05 0.0 0.0
1289 -3.33148668328e-05 0.0 0.0
1290 -3.33148668328e-05 0.0 0.0
1291 -3.33148668328e-05 0.0 0.0
1292 -3.33148668328e-05 0.0 0.0
1293 -3.33148668328e-05 0.0 0.0
1294 -3.33148668328e-05 0.0 0.0
1295 -3.33148668328e-05 0.0 0.0
1296 -3.33148668328e-05 0.0 0.0
1297 -3.33148668328e-05 0.0 0.0
1298 -3.33148668328e-05 0.0 0.0
1299 -3.33148668328e-05 0.0 0.0
1300 -3.33148668328e-05 0.0 0.0
1301 -3.33148668328e-05 0.0 0.0
1302 -3.33148668328e-05 0.0 0.0
1303 -3.33148668328e-05 0.0 0.0
1304 -3.33148668328e-05 0.0 0.0
1305 -3.33148668328e-05 0.0 0.0
1306 -3.33148668328e-05 0.0 0.0
1307 -3.33148668328e-05 0.0 0.0
1308 -3.33148668328e-05 0.0 0.0
1309 -3.33148668328e-05 0.0 0.0
1310 -3.33148668328e-05 0.0 0.0
1311 -3.33148668328e-05 0.0 0.0
1312 -3.33148668328e-05 0.0 0.0
1313 -3.33148668328e-05 0.0 0.0
1314 -3.33148668328e-05 0.0 0.0
1315 -3.33148668328e-05 0.0 0.0
1316 -3.33148668328e-05 0.0 0.0
1317 -3.33148668328e-05 0.0 0.0
1318 -3.33148668328e-05 0.0 0.0
1319 -3.33148668328e-05 0.0 0.0
1320 -3.33148668328e-05 0.0 0.0
1321 -3.33148668328e-05 0.0 0.0
1322 -3.33148668328e-05 0.0 0.0
1323 -3.33148668328e-05 0.0 0.0
1324 -3.33148668328e-05 0.0 0.0
1325 -3.33148668328e-05 0.0 0.0
1326 -3.33148668328e-05 0.0 0.0
1327 -3.33148668328e-05 0.0 0.0
1328 -3.33148668328e-05 0.0 0.0
1329 -3.33148668328e-05 0.0 0.0
1330 -3.33148668328e-05 0.0 0.0
1331 -3.33148668328e-05 0.0 0.0
1332 -3.33148668328e-05 0.0 0.0
1333 -3.33148668328e-05 0.0 0.0
1334 -3.33148668328e-05 0.0 0.0
1335 -3.33148668328e-05 0.0 0.0
1336 -3.33148668328e-05 0.0 0.0
1337 -3.33148668328e-05 0.0 0.0
1338 -3.33148668328e-05 0.0 0.0
1339 -3.33148668328e-05 0.0 0.0
1340 -3.33148668328e-05 0.0 0.0
1341 -3.33148668328e-05 0.0 0.0
1342 -3.33148668328e-05 0.0 0.0
1343 -3.33148668328e-05 0.0 0.0
1344 -3.33148668328e-05 0.0 0.0
1345 -3.33148668328e-05 0.0 0.0
1346 -3.33148668328e-05 0.0 0.0
1347 -3.33148668328e-05 0.0 0.0
1348 -3.33148668328e-05 0.0 0.0
1349 -3.33148668328e-05 0.0 0.0
1350 -3.33148668328e-05 0.0 0.0
1351 -3.33148668328e-05 0.0 0.0
1352 -3.33148668328e-05 0.0 0.0
1353 -3.33148668328e-05 0.0 0.0
1354 -3.33148668328e-05 0.0 0.0
1355 -3.33148668328e-05 0.0 0.0
1356 -3.33148668328e-05 0.0 0.0
1357 -3.33148668328e-05 0.0 0.0
1358 -3.33148668328e-05 0.0 0.0
1359 -3.33148668328e-05 0.0 0.0
1360 -3.33148668328e-05 0.0 0.0
1361 -3.33148668328e-05 0.0 0.0
1362 -3.33148668328e-05 0.0 0.0
1363 -3.33148668328e-05 0.0 0.0
1364 -3.33148668328e-05 0.0 0.0
1365 -3.33148668328e-05 0.0 0.0
1366 -3.33148668328e-05 0.0 0.0
1367 -3.33148668328e-05 0.0 0.0
1368 -3.33148668328e-05 0.0 0.0
1369 -3.33148668328e-05 0.0 0.0
1370 -3.33148668328e-05 0.0 0.0
1371 -3.33148668328e-05 0.0 0.0
1372 -3.33148668328e-05 0.0 0.0
1373 -3.33148668328e-05 0.0 0.0
1374 -3.33148668328e-05 0.0 0.0
1375 -3.33148668328e-05 0.0 0.0
1376 -3.33148668328e-05 0.0 0.0
1377 -3.33148668328e-05 0.0 0.0
1378 -3.33148668328e-05 0.0 0.0
1379 -3.33148668328e-05 0.0 0.0
1380 -3.33148668328e-05 0.0 0.0
1381 -3.33148668328e-05 0.0 0.0
1382 -3.33148668328e-05 0.0 0.0
1383 -3.33148668328e-05 0.0 0.0
1384 -3.33148668328e-05 0.0 0.0
1385 -3.33148668328e-05 0.0 0.0
1386 -3.33148668328e-05 0.0 0.0
1387 -3.33148668328e-05 0.0 0.0
1388 -3.33148668328e-05 0.0 0.0
1389 -3.33148668328e-05 0.0 0.0
1390 -3.33148668328e-05 0.0 0.0
1391 -3.33148668328e-05 0.0 0.0
1392 -3.33148668328e-05 0.0 0.0
1393 -3.33148668328e-05 0.0 0.0
1394 -3.33148668328e-05 0.0 0.0
1395 -3.33148668328e-05 0.0 0.0
1396 -3.33148668328e-05 0.0 0.0
1397 -3.33148668328e-05 0.0 0.0
1398 -3.33148668328e-05 0.0 0.0
1399 -3.33148668328e-05 0.0 0.0
1400 -3.33148668328e-05 0.0 0.0
1401 -3.33148668328e-05 0.0 0.0
1402 -3.33148668328e-05 0.0 0.0
1403 -3.33148668328e-05 0.0 0.0
1404 -3.33148668328e-05 0.0 0.0
1405 -3.33148668328e-05 0.0 0.0
1406 -3.33148668328e-05 0.0 0.0
1407 -3.33148668328e-05 0.0 0.0
1408 -3.33148668328e-05 0.0 0.0
1409 -3.33148668328e-05 0.0 0.0
1410 -3.33148668328e-05 0.0 0.0
1411 -3.33148668328e-05 0.0 0.0
1412 -3.33148668328e-05 0.0 0.0
1413 -3.33148668328e-05 0.0 0.0
1414 -3.33148668328e-05 0.0 0.0
1415 -3.33148668328e-05 0.0 0.0
1416 -3.33148668328e-05 0.0 0.0
1417 -3.33148668328e-05 0.0 0.0
1418 -3.33148668328e-05 0.0 0.0
1419 -3.33148668328e-05 0.0 0.0
1420 -3.33148668328e-05 0.0 0.0
1421 -3.33148668328e-05 0.0 0.0
1422 -3.33148668328e-05 0.0 0.0
1423 -3.33148668328e-05 0.0 0.0
1424 -3.33148668328e-05 0.0 0.0
1425 -3.33148668328e-05 0.0 0.0
1426 -3.33148668328e-05 0.0 0.0
1427 -3.33148668328e-05 0.0 0.0
1428 -3.33148668328e-05 0.0 0.0
1429 -3.33148668328e-05 0.0 0.0
1430 -3.33148668328e-05 0.0 0.0
1431 -3.33148668328e-05 0.0 0.0
1432 -3.33148668328e-05 0.0 0.0
1433 -3.33148668328e-05 0.0 0.0
1434 -3.33148668328e-05 0.0 0.0
1435 -3.33148668328e-05 0.0 0.0
1436 -3.33148668328e-05 0.0 0.0
1437 -3.33148668328e-05 0.0 0.0
1438 -3.33148668328e-05 0.0 0.0
1439 -3.33148668328e-05 0.0 0.0
1440 -3.33148668328e-05 0.0 0.0
1441 -3.33148668328e-05 0.0 0.0
1442 -3.33148668328e-05 0.0 0.0
1443 -3.33148668328e-05 0.0 0.0
1444 -3.33148668328e-05 0.0 0.0
1445 -3.33148668328e-05 0.0 0.0
1446 -3.33148668328e-05 0.0 0.0
1447 -3.33148668328e-05 0.0 0.0
1448 -3.33148668328e-05 0.0 0.0
1449 -3.33148668328e-05 0.0 0.0
1450 -3.33148668328e-05 0.0 0.0
1451 1.65238221905e-05 0.0 0.0
1452 1.65238221905e-05 0.0 0.0
1453 1.65238221905e-05 0.0 0.0
1454 1.65238221905e-05 0.0 0.0
1455 1.65238221905e-05 0.0 0.0
1456 1.65238221905e-05 0.0 0.0
1457 1.65238221905e-05 0.0 0.0
1458 1.65238221905e-05 0.0 0.0
1459 1.65238221905e-05 0.0 0.0
1460 1.65238221905e-05 0.0 0.0
1461 1.65238221905e-05 0.0 0.0
1462 1.65238221905e-05 0.0 0.0
1463 1.65238221905e-05 0.0 0.0
1464 1.65238221905e-05 0.0 0.0
1465 1.65238221905e-05 0.0 0.0
1466 1.65238221905e-05 0.0 0.0
1467 1.65238221905e-05 0.0 0.0
1468 1.65238221905e-05 0.0 0.0
1469 1.65238221905e-05 0.0 0.0
1470 1.65238221905e-05 0.0 0.0
1471 1.65238221905e-05 0.0 0.0
1472 1.65238221905e-05 0.0 0.0
1473 1.65238221905e-05 0.0 0.0
1474 1.65238221905e-05 0.0 0.0
1475 1.65238221905e-05 0.0 0.0
1476 1.65238221905e-05 0.0 0.0
1477 1.65238221905e-05 0.0 0.0
1478 1.65238221905e-05 0.0 0.0
1479 1.65238221905e-05 0.0 0.0
1480 1.65238221905e-05 0.0 0.0
1481 1.65238221905e-05 0.0 0.0
1482 1.65238221905e-05 0.0 0.0
1483 1.65238221905e-05 0.0 0.0
1484 1.65238221905e-05 0.0 0.0
1485 1.65238221905e-05 0.0 0.0
1486 1.65238221905e-05 0.0 0.0
1487 1.65238221905e-05 0.0 0.0
1488 1.65238221905e-05 0.0 0.0
1489 1.65238221905e-05 0.0 0.0
1490 1.65238221905e-05 0.0 0.0
1491 1.65238221905e-05 0.0 0.0
1492 1.65238221905e-05 0.0 0.0
1493 1.65238221905e-05 0.0 0.0
1494 1.65238221905e-05 0.0 0.0
1495 1.65238221905e-05 0.0 0.0
1496 1.65238221905e-05 0.0 0.0
1497 1.65238221905e-05 0.0 0.0
1498 1.65238221905e-05 0.0 0.0
1499 1.65238221905e-05 0.0 0.0
1500 1.65238221905e-05 0.0 0.0
1501 1.65238221905e-05 0.0 0.0
1502 1.65238221905e-05 0.0 0.0
1503 1.65238221905e-05 0.0 0.0
1504 1.65238221905e-05 0.0 0.0
1505 1.65238221905e-05 0.0 0.0
1506 1.65238221905e-05 0.0 0.0
1507 1.65238221905e-05 0.0 0.0
1508 1.65238221905e-05 0.0 0.0
1509 1.65238221905e-05 0.0 0.0
1510 1.65238221905e-05 0.0 0.0
1511 1.65238221905e-05 0.0 0.0
1512 1.65238221905e-05 0.0 0.0
1513 1.65238221905e-05 0.0 0.0
1514 1.65238221905e-05 0.0 0.0
1515 1.65238221905e-05 0.0 0.0
1516 1.65238221905e-05 0.0 0.0
1517 1.65238221905e-05 0.0 0.0
1518 1.65238221905e-05 0.0 0.0
1519 1.65238221905e-05 0.0 0.0
1520 1.65238221905e-05 0.0 0.0
1521 1.65238221905e-05 0.0 0.0
1522 1.65238221905e-05 0.0 0.0
1523 1.65238221905e-05 0.0 0.0
1524 1.65238221905e-05 0.0 0.0
1525 1.65238221905e-05 0.0 0.0
1526 1.65238221905e-05 0.0 0.0
1527 1.65238221905e-05 0.0 0.0
1528 1.65238221905e-05 0.0 0.0
1529 1.65238221905e-05 0.0 0.0
1530 1.65238221905e-05 0.0 0.0
1531 1.65238221905e-05 0.0 0.0
1532 1.65238221905e-05 0.0 0.0
1533 1.65238221905e-05 0.0 0.0
1534 1.65238221905e-05 0.0 0.0
1535 1.65238221905e-05 0.0 0.0
1536 1.65238221905e-05 0.0 0.0
1537 1.65238221905e-05 0.0 0.0
1538 1.65238221905e-05 0.0 0.0
1539 1.65238221905e-05 0.0 0.0
1540 1.65238221905e-05 0.0 0.0
1541 1.65238221905e-05 0.0 0.0
1542 1.65238221905e-05 0.0 0.0
1543 1.65238221905e-05 0.0 0.0
1544 1.65238221905e-05 0.0 0.0
1545 1.65238221905e-05 0.0 0.0
1546 1.65238221905e-05 0.0 0.0
1547 1.65238221905e-05 0.0 0.0
1548 1.65238221905e-05 0.0 0.0
1549 1.65238221905e-05 0.0 0.0
1550 1.65238221905e-05 0.0 0.0
1551 -1.64368816872e-05 0.0 0.0
1552 -1.64368816872e-05 0.0 0.0
1553 -1.64368816872e-05 0.0 0.0
1554 -1.64368816872e-05 0.0 0.0
1555 -1.64368816872e-05 0.0 0.0
1556 -1.64368816872e-05 0.0 0.0
1557 -1.64368816872e-05 0.0 0.0
1558 -1.64368816872e-05 0.0 0.0
1559 -1.64368816872e-05 0.0 0.0
1560 -1.64368816872e-05 0.0 0.0
1561 -1.64368816872e-05 0.0 0.0
1562 -1.64368816872e-05 0.0 0.0
1563 -1.64368816872e-05 0.0 0.0
1564 -1.64368816872e-05 0.0 0.0
1565 -1.64368816872e-05 0.0 0.0
1566 -1.64368816872e-05 0.0 0.0
1567 -1.64368816872e-05 0.0 0.0
1568 -1.64368816872e-05 0.0 0.0
1569 -1.64368816872e-05 0.0 0.0
1570 -1.64368816872e-05 0.0 0.0
1571 -1.64368816872e-05 0.0 0.0
1572 -1.64368816872e-05 0.0 0.0
1573 -1.64368816872e-05 0.0 0.0
1574 -1.64368816872e-05 0.0 0.0
1575 -1.64368816872e-05 0.0 0.0
1576 -1.64368816872e-05 0.0 0.0
1577 -1.64368816872e-05 0.0 0.0
1578 -1.64368816872e-05 0.0 0.0
1579 -1.64368816872e-05 0.0 0.0
1580 -1.64368816872e-05 0.0 0.0
1581 -1.64368816872e-05 0.0 0.0
1582 -1.64368816872e-05 0.0 0.0
1583 -1.64368816872e-05 0.0 0.0
1584 -1.64368816872e-05 0.0 0.0
1585 -1.64368816872e-05 0.0 0.0
1586 -1.64368816872e-05 0.0 0.0
1587 -1.64368816872e-05 0.0 0.0
1588 -1.64368816872e-05 0.0 0.0
1589 -1.64368816872e-05 0.0 0.0
1590 -1.64368816872e-05 0.0 0.0
1591 -1.64368816872e-05 0.0 0.0
1592 -1.64368816872e-05 0.0 0.0
1593 -1.64368816872e-05 0.0 0.0
1594 -1.64368816872e-05 0.0 0.0
1595 -1.64368816872e-05 0.0 0.0
1596 -1.64368816872e-05 0.0 0.0
1597 -1.64368816872e-05 0.0 0.0
1598 -1.64368816872e-05 0.0 0.0
1599 -1.64368816872e-05 0.0 0.0
1600 -1.64368816872e-05 0.0 0.0
1601 -1.64368816872e-05 0.0 0.0
1602 -1.64368816872e-05 0.0 0.0
1603 -1.64368816872e-05 0.0 0.0
1604 -1.64368816872e-05 0.0 0.0
1605 -1.64368816872e-05 0.0 0.0
1606 -1.64368816872e-05 0.0 0.0
1607 -1.64368816872e-05 0.0 0.0
1608 -1.64368816872e-05 0.0 0.0
1609 -1.64368816872e-05 0.0 0.0
1610 -1.64368816872e-05 0.0 0.0
1611 -1.64368816872e-05 0.0 0.0
1612 -1.64368816872e-05 0.0 0.0
1613 -1.64368816872e-05 0.0 0.0
1614 -1.64368816872e-05 0.0 0.0
1615 -1.64368816872e-05 0.0 0.0
1616 -1.64368816872e-05 0.0 0.0
1617 -1.64368816872e-05 0.0 0.0
1618 -1.64368816872e-05 0.0 0.0
1619 -1.64368816872e-05 0.0 0.0
1620 -1.64368816872e-05 0.0 0.0
1621 -1.64368816872e-05 0.0 0.0
1622 -1.64368816872e-05 0.0 0.0
1623 -1.64368816872e-05 0.0 0.0
1624 -1.64368816872e-05 0.0 0.0
1625 -1.64368816872e-05 0.0 0.0
1626 -1.64368816872e-05 0.0 0.0
1627 -1.64368816872e-05 0.0 0.0
1628 -1.64368816872e-05 0.0 0.0
1629 -1.64368816872e-05 0.0 0.0
1630 -1.64368816872e-05 0.0 0.0
1631 -1.64368816872e-05 0.0 0.0
1632 -1.64368816872e-05 0.0 0.0
1633 -1.64368816872e-05 0.0 0.0
1634 -1.64368816872e-05 0.0 0.0
1635 -1.64368816872e-05 0.0 0.0
1636 -1.64368816872e-05 0.0 0.0
1637 -1.64368816872e-05 0.0 0.0
1638 -1.64368816872e-05 0.0 0.0
1639 -1.64368816872e-05 0.0 0.0
1640 -1.64368816872e-05 0.0 0.0
1641 -1.64368816872e-05 0.0 0.0
1642 -1.64368816872e-05 0.0 0.0
1643 -1.64368816872e-05 0.0 0.0
1644 -1.64368816872e-05 0.0 0.0
1645 -1.64368816872e-05 0.0 0.0
1646 -1.64368816872e-05 0.0 0.0
1647 -1.64368816872e-05 0.0 0.0
1648 -1.64368816872e-05 0.0 0.0
1649 -1.64368816872e-05 0.0 0.0
1650 -1.64368816872e-05 0.0 0.0
1651 -1.64368816872e-05 0.0 0.0
1652 -1.64368816872e-05 0.0 0.0
1653 -1.64368816872e-05 0.0 0.0
1654 -1.64368816872e-05 0.0 0.0
1655 -1.64368816872e-05 0.0 0.0
1656 -1.64368816872e-05 0.0 0.0
1657 -1.64368816872e-05 0.0 0.0
1658 -1.64368816872e-05 0.0 0.0
1659 -1.64368816872e-05 0.0 0.0
1660 -1.64368816872e-05 0.0 0.0
1661 -1.64368816872e-05 0.0 0.0
1662 -1.64368816872e-05 0.0 0.0
1663 -1.64368816872e-05 0.0 0.0
1664 -1.64368816872e-05 0.0 0.0
1665 -1.64368816872e-05 0.0 0.0
1666 -1.64368816872e-05 0.0 0.0
1667 -1.64368816872e-05 0.0 0.0
1668 -1.64368816872e-05 0.0 0.0
1669 -1.64368816872e-05 0.0 0.0
1670 -1.64368816872e-05 0.0 0.0
1671 -1.64368816872e-05 0.0 0.0
1672 -1.64368816872e-05 0.0 0.0
1673 -1.64368816872e-05 0.0 0.0
1674 -1.64368816872e-05 0.0 0.0
1675 -1.64368816872e-05 0.0 0.0
1676 -1.64368816872e-05 0.0 0.0
1677 -1.64368816872e-05 0.0 0.0
1678 -1.64368816872e-05 0.0 0.0
1679 -1.64368816872e-05 0.0 0.0
1680 -1.64368816872e-05 0.0 0.0
1681 -1.64368816872e-05 0.0 0.0
1682 -1.64368816872e-05 0.0 0.0
1683 -1.64368816872e-05 0.0 0.0
1684 -1.64368816872e-05 0.0 0.0
1685 -1.64368816872e-05 0.0 0.0
1686 -1.64368816872e-05 0.0 0.0
1687 -1.64368816872e-05 0.0 0.0
1688 -1.64368816872e-05 0.0 0.0
1689 -1.64368816872e-05 0.0 0.0
1690 -1.64368816872e-05 0.0 0.0
1691 -1.64368816872e-05 0.0 0.0
1692 -1.64368816872e-05 0.0 0.0
1693 -1.64368816872e-05 0.0 0.0
1694 -1.64368816872e-05 0.0 0.0
1695 -1.64368816872e-05 0.0 0.0
1696 -1.64368816872e-05 0.0 0.0
1697 -1.64368816872e-05 0.0 0.0
1698 -1.64368816872e-05 0.0 0.0
1699 -1.64368816872e-05 0.0 0.0
1700 -1.64368816872e-05 0.0 0.0
1701 -1.64368816872e-05 0.0 0.0
1702 -1.64368816872e-05 0.0 0.0
1703 -1.64368816872e-05 0.0 0.0
1704 -1.64368816872e-05 0.0 0.0
1705 -1.64368816872e-05 0.0 0.0
1706 -1.64368816872e-05 0.0 0.0
1707 -1.64368816872e-05 0.0 0.0
1708 -1.64368816872e-05 0.0 0.0
1709 -1.64368816872e-05 0.0 0.0
1710 -1.64368816872e-05 0.0 0.0
1711 -1.64368816872e-05 0.0 0.0
1712 -1.64368816872e-05 0.0 0.0
1713 -1.64368816872e-05 0.0 0.0
1714 -1.64368816872e-05 0.0 0.0
1715 -1.64368816872e-05 0.0 0.0
1716 -1.64368816872e-05 0.0 0.0
1717 -1.64368816872e-05 0.0 0.0
1718 -1.64368816872e-05 0.0 0.0
1719 -1.64368816872e-05 0.0 0.0
1720 -1.64368816872e-05 0.0 0.0
1721 -1.64368816872e-05 0.0 0.0
1722 -1.64368816872e-05 0.0 0.0
1723 -1.64368816872e-05 0.0 0.0
1724 -1.64368816872e-05 0.0 0.0
1725 -1.64368816872e-05 0.0 0.0
1726 -1.64368816872e-05 0.0 0.0
1727 -1.64368816872e-05 0.0 0.0
1728 -1.64368816872e-05 0.0 0.0
1729 -1.64368816872e-05 0.0 0.0
1730 -1.64368816872e-05 0.0 0.0
1731 -1.64368816872e-05 0.0 0.0
1732 -1.64368816872e-05 0.0 0.0
1733 -1.64368816872e-05 0.0 0.0
1734 -1.64368816872e-05 0.0 0.0
1735 -1.64368816872e-05 0.0 0.0
1736 -1.64368816872e-05 0.0 0.0
1737 -1.64368816872e-05 0.0 0.0
1738 -1.64368816872e-05 0.0 0.0
1739 -1.64368816872e-05 0.0 0.0
1740 -1.64368816872e-05 0.0 0.0
1741 -1.64368816872e-05 0.0 0.0
1742 -1.64368816872e-05 0.0 0.0
1743 -1.64368816872e-05 0.0 0.0
1744 -1.64368816872e-05 0.0 0.0
1745 -1.64368816872e-05 0.0 0.0
1746 -1.64368816872e-05 0.0 0.0
1747 -1.64368816872e-05 0.0 0.0
1748 -1.64368816872e-05 0.0 0.0
1749 -1.64368816872e-05 0.0 0.0
1750 -1.64368816872e-05 0.0 0.0
