0 0.0 0.0 0.0
1 0.0 0.0 0.0
2 0.000803853788382 0.0 0.0
3 0.000803853788382 0.0 0.0
4 0.0107647595446 0.0 0.0
5 0.0107647595446 0.0 0.0
6 0.00149151328027 0.0 0.0
7 0.00149151328027 0.0 0.0
8 0.00149151328027 0.0 0.0
9 0.00149151328027 0.0 0.0
10 0.00149151328027 0.0 0.0
11 0.00149151328027 0.0 0.0
12 -0.00345173130082 0.0 0.0
13 -0.00345173130082 0.0 0.0
14 -0.00345173130082 0.0 0.0
15 -0.00345173130082 0.0 0.0
16 -0.00345173130082 0.0 0.0
17 -0.00345173130082 0.0 0.0
18 -0.00345173130082 0.0 0.0
19 -0.00345173130082 0.0 0.0
20 -0.00345173130082 0.0 0.0
21 -0.00345173130082 0.0 0.0
22 -0.00345173130082 0.0 0.0
23 -0.00345173130082 0.0 0.0
24 -0.00345173130082 0.0 0.0
25 -0.00345173130082 0.0 0.0
26 -0.00345173130082 0.0 0.0
27 -0.00345173130082 0.0 0.0
28 -0.00345173130082 0.0 0.0
29 -0.00345173130082 0.0 0.0
30 -0.000143505792352 0.0 0.0
31 -0.000143505792352 0.0 0.0
32 -0.000143505792352 0.0 0.0
33 -0.000143505792352 0.0 0.0
34 -0.000143505792352 0.0 0.0
35 -0.000143505792352 0.0 0.0
36 -0.000143505792352 0.0 0.0
37 -0.000143505792352 0.0 0.0
38 -0.000143505792352 0.0 0.0
39 -0.000143505792352 0.0 0.0
40 -0.000143505792352 0.0 0.0
41 -0.000143505792352 0.0 0.0
42 -0.000143505792352 0.0 0.0
43 -0.000143505792352 0.0 0.0
44 -0.000143505792352 0.0 0.0
45 -0.000143505792352 0.0 0.0
46 9.6326477839e-05 0.0 0.0
47 9.6326477839e-05 0.0 0.0
48 9.6326477839e-05 0.0 0.0
49 9.6326477839e-05 0.0 0.0
50 9.6326477839e-05 0.0 0.0
51 9.6326477839e-05 0.0 0.0
52 9.6326477839e-05 0.0 0.0
53 9.6326477839e-05 0.0 0.0
54 9.6326477839e-05 0.0 0.0
55 9.6326477839e-05 0.0 0.0
56 9.6326477839e-05 0.0 0.0
57 9.6326477839e-05 0.0 0.0
58 9.6326477839e-05 0.0 0.0
59 9.6326477839e-05 0.0 0.0
60 9.6326477839e-05 0.0 0.0
61 9.6326477839e-05 0.0 0.0
62 9.6326477839e-05 0.0 0.0
63 9.6326477839e-05 0.0 0.0
64 9.6326477839e-05 0.0 0.0
65 9.6326477839e-05 0.0 0.0
66 9.6326477839e-05 0.0 0.0
67 9.6326477839e-05 0.0 0.0
68 9.6326477839e-05 0.0 0.0
69 9.6326477839e-05 0.0 0.0
70 9.6326477839e-05 0.0 0.0
71 9.6326477839e-05 0.0 0.0
72 9.6326477839e-05 0.0 0.0
73 9.6326477839e-05 0.0 0.0
74 9.6326477839e-05 0.0 0.0
75 9.6326477839e-05 0.0 0.0
76 -0.000369759600026 0.0 0.0
77 -0.000369759600026 0.0 0.0
78 -0.000369759600026 0.0 0.0
79 -0.000369759600026 0.0 0.0
80 -0.000369759600026 0.0 0.0
81 -0.000369759600026 0.0 0.0
82 -0.000369759600026 0.0 0.0
83 -0.000369759600026 0.0 0.0
84 -0.000369759600026 0.0 0.0
85 -0.000369759600026 0.0 0.0
86 -0.000369759600026 0.0 0.0
87 -0.000369759600026 0.0 0.0
88 -0.000369759600026 0.0 0.0
89 -0.000369759600026 0.0 0.0
90 -0.000369759600026 0.0 0.0
91 -0.000331007119377 0.0 0.0
92 -0.000331007119377 0.0 0.0
93 -0.000331007119377 0.0 0.0
94 -0.000331007119377 0.0 0.0
95 -0.000331007119377 0.0 0.0
96 -0.000331007119377 0.0 0.0
97 -0.000331007119377 0.0 0.0
98 -0.000331007119377 0.0 0.0
99 -0.000331007119377 0.0 0.0
100 -0.000331007119377 0.0 0.0
101 -0.000331007119377 0.0 0.0
102 -0.000331007119377 0.0 0.0
103 -0.000331007119377 0.0 0.0
104 -0.000331007119377 0.0 0.0
105 -0.000331007119377 0.0 0.0
106 -0.000331007119377 0.0 0.0
107 -0.000331007119377 0.0 0.0
108 -0.000331007119377 0.0 0.0
109 -0.000331007119377 0.0 0.0
110 -0.000331007119377 0.0 0.0
111 -0.000331007119377 0.0 0.0
112 -0.000331007119377 0.0 0.0
113 -0.000331007119377 0.0 0.0
114 -0.000331007119377 0.0 0.0
115 -0.000331007119377 0.0 0.0
116 -0.000331007119377 0.0 0.0
117 -0.000331007119377 0.0 0.0
118 -0.000331007119377 0.0 0.0
119 -0.000331007119377 0.0 0.0
120 -0.000331007119377 0.0 0.0
121 -0.000444529104279 0.0 0.0
122 -0.000444529104279 0.0 0.0
123 -0.000444529104279 0.0 0.0
124 -0.000444529104279 0.0 0.0
125 -0.000444529104279 0.0 0.0
126 -0.000444529104279 0.0 0.0
127 -0.000444529104279 0.0 0.0
128 -0.000444529104279 0.0 0.0
129 -0.000444529104279 0.0 0.0
130 -0.000444529104279 0.0 0.0
131 -0.000444529104279 0.0 0.0
132 -0.000444529104279 0.0 0.0
133 -0.000444529104279 0.0 0.0
134 -0.000444529104279 0.0 0.0
135 -0.000444529104279 0.0 0.0
136 -0.000480964603904 0.0 0.0
137 -0.000480964603904 0.0 0.0
138 -0.000480964603904 0.0 0.0
139 -0.000480964603904 0.0 0.0
140 -0.000480964603904 0.0 0.0
141 -0.000480964603904 0.0 0.0
142 -0.000480964603904 0.0 0.0
143 -0.000480964603904 0.0 0.0
144 -0.000480964603904 0.0 0.0
145 -0.000480964603904 0.0 0.0
146 -0.000480964603904 0.0 0.0
147 -0.000480964603904 0.0 0.0
148 -0.000480964603904 0.0 0.0
149 -0.000480964603904 0.0 0.0
150 -0.000480964603904 0.0 0.0
151 -0.000480964603904 0.0 0.0
152 -0.000480964603904 0.0 0.0
153 -0.000480964603904 0.0 0.0
154 -0.000480964603904 0.0 0.0
155 -0.000480964603904 0.0 0.0
156 -0.000480964603904 0.0 0.0
157 -0.000480964603904 0.0 0.0
158 -0.000480964603904 0.0 0.0
159 -0.000480964603904 0.0 0.0
160 -0.000480964603904 0.0 0.0
161 -0.000633635857533 0.0 0.0
162 -0.000633635857533 0.0 0.0
163 -0.000633635857533 0.0 0.0
164 -0.000633635857533 0.0 0.0
165 -0.000633635857533 0.0 0.0
166 -0.000633635857533 0.0 0.0
167 -0.000633635857533 0.0 0.0
168 -0.000633635857533 0.0 0.0
169 -0.000633635857533 0.0 0.0
170 -0.000633635857533 0.0 0.0
171 -0.000633635857533 0.0 0.0
172 -0.000633635857533 0.0 0.0
173 -0.000633635857533 0.0 0.0
174 -0.000633635857533 0.0 0.0
175 -0.000633635857533 0.0 0.0
176 -0.000633635857533 0.0 0.0
177 -0.000633635857533 0.0 0.0
178 -0.000633635857533 0.0 0.0
179 -0.000633635857533 0.0 0.0
180 -0.000633635857533 0.0 0.0
181 -0.000633635857533 0.0 0.0
182 -0.000633635857533 0.0 0.0
183 -0.000633635857533 0.0 0.0
184 -0.000633635857533 0.0 0.0
185 -0.000633635857533 0.0 0.0
186 -0.000633635857533 0.0 0.0
187 -0.000633635857533 0.0 0.0
188 -0.000633635857533 0.0 0.0
189 -0.000633635857533 0.0 0.0
190 -0.000633635857533 0.0 0.0
191 -0.000633635857533 0.0 0.0
192 -0.000633635857533 0.0 0.0
193 -0.000633635857533 0.0 0.0
194 -0.000633635857533 0.0 0.0
195 -0.000633635857533 0.0 0.0
196 -0.000633635857533 0.0 0.0
197 -0.000633635857533 0.0 0.0
198 -0.000633635857533 0.0 0.0
199 -0.000633635857533 0.0 0.0
200 -0.000633635857533 0.0 0.0
201 -0.000867342344853 0.0 0.0
202 -0.000867342344853 0.0 0.0
203 -0.000867342344853 0.0 0.0
204 -0.000867342344853 0.0 0.0
205 -0.000867342344853 0.0 0.0
206 -0.000867342344853 0.0 0.0
207 -0.000867342344853 0.0 0.0
208 -0.000867342344853 0.0 0.0
209 -0.000867342344853 0.0 0.0
210 -0.000867342344853 0.0 0.0
211 -0.000867342344853 0.0 0.0
212 -0.000867342344853 0.0 0.0
213 -0.000867342344853 0.0 0.0
214 -0.000867342344853 0.0 0.0
215 -0.000867342344853 0.0 0.0
216 -0.000867342344853 0.0 0.0
217 -0.000867342344853 0.0 0.0
218 -0.000867342344853 0.0 0.0
219 -0.000867342344853 0.0 0.0
220 -0.000867342344853 0.0 0.0
221 -0.000867342344853 0.0 0.0
222 -0.000867342344853 0.0 0.0
223 -0.000867342344853 0.0 0.0
224 -0.000867342344853 0.0 0.0
225 -0.000867342344853 0.0 0.0
226 -0.000867342344853 0.0 0.0
227 -0.000867342344853 0.0 0.0
228 -0.000867342344853 0.0 0.0
229 -0.000867342344853 0.0 0.0
230 -0.000867342344853 0.0 0.0
231 -0.000867342344853 0.0 0.0
232 -0.000867342344853 0.0 0.0
233 -0.000867342344853 0.0 0.0
234 -0.000867342344853 0.0 0.0
235 -0.000867342344853 0.0 0.0
236 -0.000867342344853 0.0 0.0
237 -0.000867342344853 0.0 0.0
238 -0.000867342344853 0.0 0.0
239 -0.000867342344853 0.0 0.0
240 -0.000867342344853 0.0 0.0
241 -0.000867342344853 0.0 0.0
242 -0.000867342344853 0.0 0.0
243 -0.000867342344853 0.0 0.0
244 -0.000867342344853 0.0 0.0
245 -0.000867342344853 0.0 0.0
246 -0.000867342344853 0.0 0.0
247 -0.000867342344853 0.0 0.0
248 -0.000867342344853 0.0 0.0
249 -0.000867342344853 0.0 0.0
250 -0.000867342344853 0.0 0.0
251 -0.000867342344853 0.0 0.0
252 -0.000867342344853 0.0 0.0
253 -0.000867342344853 0.0 0.0
254 -0.000867342344853 0.0 0.0
255 -0.000867342344853 0.0 0.0
256 -0.000867342344853 0.0 0.0
257 -0.000867342344853 0.0 0.0
258 -0.000867342344853 0.0 0.0
259 -0.000867342344853 0.0 0.0
260 -0.000867342344853 0.0 0.0
261 -0.000867342344853 0.0 0.0
262 -0.000867342344853 0.0 0.0
263 -0.000867342344853 0.0 0.0
264 -0.000867342344853 0.0 0.0
265 -0.000867342344853 0.0 0.0
266 -0.000867342344853 0.0 0.0
267 -0.000867342344853 0.0 0.0
268 -0.000867342344853 0.0 0.0
269 -0.000867342344853 0.0 0.0
270 -0.000867342344853 0.0 0.0
271 -0.00113604714859 0.0 0.0
272 -0.00113604714859 0.0 0.0
273 -0.00113604714859 0.0 0.0
274 -0.00113604714859 0.0 0.0
275 -0.00113604714859 0.0 0.0
276 -0.00113604714859 0.0 0.0
277 -0.00113604714859 0.0 0.0
278 -0.00113604714859 0.0 0.0
279 -0.00113604714859 0.0 0.0
280 -0.00113604714859 0.0 0.0
281 -0.00113604714859 0.0 0.0
282 -0.00113604714859 0.0 0.0
283 -0.00113604714859 0.0 0.0
284 -0.00113604714859 0.0 0.0
285 -0.00113604714859 0.0 0.0
286 -0.00113604714859 0.0 0.0
287 -0.00113604714859 0.0 0.0
288 -0.00113604714859 0.0 0.0
289 -0.00113604714859 0.0 0.0
290 -0.00113604714859 0.0 0.0
291 -0.00113604714859 0.0 0.0
292 -0.00113604714859 0.0 0.0
293 -0.00113604714859 0.0 0.0
294 -0.00113604714859 0.0 0.0
295 -0.00113604714859 0.0 0.0
296 -0.00113604714859 0.0 0.0
297 -0.00113604714859 0.0 0.0
298 -0.00113604714859 0.0 0.0
299 -0.00113604714859 0.0 0.0
300 -0.00113604714859 0.0 0.0
301 -0.00113604714859 0.0 0.0
302 -0.00113604714859 0.0 0.0
303 -0.00113604714859 0.0 0.0
304 -0.00113604714859 0.0 0.0
305 -0.00113604714859 0.0 0.0
306 -0.00113604714859 0.0 0.0
307 -0.00113604714859 0.0 0.0
308 -0.00113604714859 0.0 0.0
309 -0.00113604714859 0.0 0.0
310 -0.00113604714859 0.0 0.0
311 -0.00113604714859 0.0 0.0
312 -0.00113604714859 0.0 0.0
313 -0.00113604714859 0.0 0.0
314 -0.00113604714859 0.0 0.0
315 -0.00113604714859 0.0 0.0
316 -0.00113604714859 0.0 0.0
317 -0.00113604714859 0.0 0.0
318 -0.00113604714859 0.0 0.0
319 -0.00113604714859 0.0 0.0
320 -0.00113604714859 0.0 0.0
321 -0.00113604714859 0.0 0.0
322 -0.00113604714859 0.0 0.0
323 -0.00113604714859 0.0 0.0
324 -0.00113604714859 0.0 0.0
325 -0.00113604714859 0.0 0.0
326 0.0012416577807 0.0 0.0
327 0.0012416577807 0.0 0.0
328 0.0012416577807 0.0 0.0
329 0.0012416577807 0.0 0.0
330 0.0012416577807 0.0 0.0
331 0.0012416577807 0.0 0.0
332 0.0012416577807 0.0 0.0
333 0.0012416577807 0.0 0.0
334 0.0012416577807 0.0 0.0
335 0.0012416577807 0.0 0.0
336 0.0012416577807 0.0 0.0
337 0.0012416577807 0.0 0.0
338 0.0012416577807 0.0 0.0
339 0.0012416577807 0.0 0.0
340 0.0012416577807 0.0 0.0
341 0.0012416577807 0.0 0.0
342 0.0012416577807 0.0 0.0
343 0.0012416577807 0.0 0.0
344 0.0012416577807 0.0 0.0
345 0.0012416577807 0.0 0.0
346 0.0012416577807 0.0 0.0
347 0.0012416577807 0.0 0.0
348 0.0012416577807 0.0 0.0
349 0.0012416577807 0.0 0.0
350 0.0012416577807 0.0 0.0
351 0.0012416577807 0.0 0.0
352 0.0012416577807 0.0 0.0
353 0.0012416577807 0.0 0.0
354 0.0012416577807 0.0 0.0
355 0.0012416577807 0.0 0.0
356 0.0012416577807 0.0 0.0
357 0.0012416577807 0.0 0.0
358 0.0012416577807 0.0 0.0
359 0.0012416577807 0.0 0.0
360 0.0012416577807 0.0 0.0
361 0.0012416577807 0.0 0.0
362 0.0012416577807 0.0 0.0
363 0.0012416577807 0.0 0.0
364 0.0012416577807 0.0 0.0
365 0.0012416577807 0.0 0.0
366 0.0012416577807 0.0 0.0
367 0.0012416577807 0.0 0.0
368 0.0012416577807 0.0 0.0
369 0.0012416577807 0.0 0.0
370 0.0012416577807 0.0 0.0
371 0.0012416577807 0.0 0.0
372 0.0012416577807 0.0 0.0
373 0.0012416577807 0.0 0.0
374 0.0012416577807 0.0 0.0
375 0.0012416577807 0.0 0.0
376 0.0204081632653 0.0 0.0
377 0.0204081632653 0.0 0.0
378 0.0204081632653 0.0 0.0
379 0.0204081632653 0.0 0.0
380 0.0204081632653 0.0 0.0
381 0.0204081632653 0.0 0.0
382 0.0204081632653 0.0 0.0
383 0.0204081632653 0.0 0.0
384 0.0204081632653 0.0 0.0
385 0.0204081632653 0.0 0.0
386 0.0204081632653 0.0 0.0
387 0.0204081632653 0.0 0.0
388 0.0204081632653 0.0 0.0
389 0.0204081632653 0.0 0.0
390 0.0204081632653 0.0 0.0
391 0.0204081632653 0.0 0.0
392 0.0204081632653 0.0 0.0
393 0.0204081632653 0.0 0.0
394 0.0204081632653 0.0 0.0
395 0.0204081632653 0.0 0.0
396 0.0204081632653 0.0 0.0
397 0.0204081632653 0.0 0.0
398 0.0204081632653 0.0 0.0
399 0.0204081632653 0.0 0.0
400 0.0204081632653 0.0 0.0
401 0.0204081632653 0.0 0.0
402 0.0204081632653 0.0 0.0
403 0.0204081632653 0.0 0.0
404 0.0204081632653 0.0 0.0
405 0.0204081632653 0.0 0.0
406 0.0204081632653 0.0 0.0
407 0.0204081632653 0.0 0.0
408 0.0204081632653 0.0 0.0
409 0.0204081632653 0.0 0.0
410 0.0204081632653 0.0 0.0
411 0.0204081632653 0.0 0.0
412 0.0204081632653 0.0 0.0
413 0.0204081632653 0.0 0.0
414 0.0204081632653 0.0 0.0
415 0.0204081632653 0.0 0.0
416 0.0204081632653 0.0 0.0
417 0.0204081632653 0.0 0.0
418 0.0204081632653 0.0 0.0
419 0.0204081632653 0.0 0.0
420 0.0204081632653 0.0 0.0
421 0.0204081632653 0.0 0.0
422 0.0204081632653 0.0 0.0
423 0.0204081632653 0.0 0.0
424 0.0204081632653 0.0 0.0
425 0.0204081632653 0.0 0.0
426 -6.61702521221e-07 0.0 0.0
427 -6.61702521221e-07 0.0 0.0
428 -6.61702521221e-07 0.0 0.0
429 -6.61702521221e-07 0.0 0.0
430 -6.61702521221e-07 0.0 0.0
431 -6.61702521221e-07 0.0 0.0
432 -6.61702521221e-07 0.0 0.0
433 -6.61702521221e-07 0.0 0.0
434 -6.61702521221e-07 0.0 0.0
435 -6.61702521221e-07 0.0 0.0
436 -6.61702521221e-07 0.0 0.0
437 -6.61702521221e-07 0.0 0.0
438 -6.61702521221e-07 0.0 0.0
439 -6.61702521221e-07 0.0 0.0
440 -6.61702521221e-07 0.0 0.0
441 -6.61702521221e-07 0.0 0.0
442 -6.61702521221e-07 0.0 0.0
443 -6.61702521221e-07 0.0 0.0
444 -6.61702521221e-07 0.0 0.0
445 -6.61702521221e-07 0.0 0.0
446 -6.61702521221e-07 0.0 0.0
447 -6.61702521221e-07 0.0 0.0
448 -6.61702521221e-07 0.0 0.0
449 -6.61702521221e-07 0.0 0.0
450 -6.61702521221e-07 0.0 0.0
451 -6.61702521221e-07 0.0 0.0
452 -6.61702521221e-07 0.0 0.0
453 -6.61702521221e-07 0.0 0.0
454 -6.61702521221e-07 0.0 0.0
455 -6.61702521221e-07 0.0 0.0
456 -6.61702521221e-07 0.0 0.0
457 -6.61702521221e-07 0.0 0.0
458 -6.61702521221e-07 0.0 0.0
459 -6.61702521221e-07 0.0 0.0
460 -6.61702521221e-07 0.0 0.0
461 -6.61702521221e-07 0.0 0.0
462 -6.61702521221e-07 0.0 0.0
463 -6.61702521221e-07 0.0 0.0
464 -6.61702521221e-07 0.0 0.0
465 -6.61702521221e-07 0.0 0.0
466 -6.61702521221e-07 0.0 0.0
467 -6.61702521221e-07 0.0 0.0
468 -6.61702521221e-07 0.0 0.0
469 -6.61702521221e-07 0.0 0.0
470 -6.61702521221e-07 0.0 0.0
471 -6.61702521221e-07 0.0 0.0
472 -6.61702521221e-07 0.0 0.0
473 -6.61702521221e-07 0.0 0.0
474 -6.61702521221e-07 0.0 0.0
475 -6.61702521221e-07 0.0 0.0
476 -0.000490349462838 0.0 0.0
477 -0.000490349462838 0.0 0.0
478 -0.000490349462838 0.0 0.0
479 -0.000490349462838 0.0 0.0
480 -0.000490349462838 0.0 0.0
481 -0.000490349462838 0.0 0.0
482 -0.000490349462838 0.0 0.0
483 -0.000490349462838 0.0 0.0
484 -0.000490349462838 0.0 0.0
485 -0.000490349462838 0.0 0.0
486 -0.000490349462838 0.0 0.0
487 -0.000490349462838 0.0 0.0
488 -0.000490349462838 0.0 0.0
489 -0.000490349462838 0.0 0.0
490 -0.000490349462838 0.0 0.0
491 -0.000490349462838 0.0 0.0
492 -0.000490349462838 0.0 0.0
493 -0.000490349462838 0.0 0.0
494 -0.000490349462838 0.0 0.0
495 -0.000490349462838 0.0 0.0
496 -0.000490349462838 0.0 0.0
497 -0.000490349462838 0.0 0.0
498 -0.000490349462838 0.0 0.0
499 -0.000490349462838 0.0 0.0
500 -0.000490349462838 0.0 0.0
501 -0.000490349462838 0.0 0.0
502 -0.000490349462838 0.0 0.0
503 -0.000490349462838 0.0 0.0
504 -0.000490349462838 0.0 0.0
505 -0.000490349462838 0.0 0.0
506 -0.000490349462838 0.0 0.0
507 -0.000490349462838 0.0 0.0
508 -0.000490349462838 0.0 0.0
509 -0.000490349462838 0.0 0.0
510 -0.000490349462838 0.0 0.0
511 -0.000490349462838 0.0 0.0
512 -0.000490349462838 0.0 0.0
513 -0.000490349462838 0.0 0.0
514 -0.000490349462838 0.0 0.0
515 -0.000490349462838 0.0 0.0
516 -0.000490349462838 0.0 0.0
517 -0.000490349462838 0.0 0.0
518 -0.000490349462838 0.0 0.0
519 -0.000490349462838 0.0 0.0
520 -0.000490349462838 0.0 0.0
521 -0.000490349462838 0.0 0.0
522 -0.000490349462838 0.0 0.0
523 -0.000490349462838 0.0 0.0
524 -0.000490349462838 0.0 0.0
525 -0.000490349462838 0.0 0.0
526 -0.0015144418725 0.0 0.0
527 -0.0015144418725 0.0 0.0
528 -0.0015144418725 0.0 0.0
529 -0.0015144418725 0.0 0.0
530 -0.0015144418725 0.0 0.0
531 -0.0015144418725 0.0 0.0
532 -0.0015144418725 0.0 0.0
533 -0.0015144418725 0.0 0.0
534 -0.0015144418725 0.0 0.0
535 -0.0015144418725 0.0 0.0
536 -0.0015144418725 0.0 0.0
537 -0.0015144418725 0.0 0.0
538 -0.0015144418725 0.0 0.0
539 -0.0015144418725 0.0 0.0
540 -0.0015144418725 0.0 0.0
541 -0.0015144418725 0.0 0.0
542 -0.0015144418725 0.0 0.0
543 -0.0015144418725 0.0 0.0
544 -0.0015144418725 0.0 0.0
545 -0.0015144418725 0.0 0.0
546 -0.0015144418725 0.0 0.0
547 -0.0015144418725 0.0 0.0
548 -0.0015144418725 0.0 0.0
549 -0.0015144418725 0.0 0.0
550 -0.0015144418725 0.0 0.0
551 -0.0015144418725 0.0 0.0
552 -0.0015144418725 0.0 0.0
553 -0.0015144418725 0.0 0.0
554 -0.0015144418725 0.0 0.0
555 -0.0015144418725 0.0 0.0
556 -0.0015144418725 0.0 0.0
557 -0.0015144418725 0.0 0.0
558 -0.0015144418725 0.0 0.0
559 -0.0015144418725 0.0 0.0
560 -0.0015144418725 0.0 0.0
561 -0.0015144418725 0.0 0.0
562 -0.0015144418725 0.0 0.0
563 -0.0015144418725 0.0 0.0
564 -0.0015144418725 0.0 0.0
565 -0.0015144418725 0.0 0.0
566 -0.0015144418725 0.0 0.0
567 -0.0015144418725 0.0 0.0
568 -0.0015144418725 0.0 0.0
569 -0.0015144418725 0.0 0.0
570 -0.0015144418725 0.0 0.0
571 -0.0015144418725 0.0 0.0
572 -0.0015144418725 0.0 0.0
573 -0.0015144418725 0.0 0.0
574 -0.0015144418725 0.0 0.0
575 -0.0015144418725 0.0 0.0
576 -0.00140625394577 0.0 0.0
577 -0.00140625394577 0.0 0.0
578 -0.00140625394577 0.0 0.0
579 -0.00140625394577 0.0 0.0
580 -0.00140625394577 0.0 0.0
581 -0.00140625394577 0.0 0.0
582 -0.00140625394577 0.0 0.0
583 -0.00140625394577 0.0 0.0
584 -0.00140625394577 0.0 0.0
585 -0.00140625394577 0.0 0.0
586 -0.00140625394577 0.0 0.0
587 -0.00140625394577 0.0 0.0
588 -0.00140625394577 0.0 0.0
589 -0.00140625394577 0.0 0.0
590 -0.00140625394577 0.0 0.0
591 -0.00140625394577 0.0 0.0
592 -0.00140625394577 0.0 0.0
593 -0.00140625394577 0.0 0.0
594 -0.00140625394577 0.0 0.0
595 -0.00140625394577 0.0 0.0
596 -0.00140625394577 0.0 0.0
597 -0.00140625394577 0.0 0.0
598 -0.00140625394577 0.0 0.0
599 -0.00140625394577 0.0 0.0
600 -0.00140625394577 0.0 0.0
601 -0.00140625394577 0.0 0.0
602 -0.00140625394577 0.0 0.0
603 -0.00140625394577 0.0 0.0
604 -0.00140625394577 0.0 0.0
605 -0.00140625394577 0.0 0.0
606 -0.00140625394577 0.0 0.0
607 -0.00140625394577 0.0 0.0
608 -0.00140625394577 0.0 0.0
609 -0.00140625394577 0.0 0.0
610 -0.00140625394577 0.0 0.0
611 -0.00140625394577 0.0 0.0
612 -0.00140625394577 0.0 0.0
613 -0.00140625394577 0.0 0.0
614 -0.00140625394577 0.0 0.0
615 -0.00140625394577 0.0 0.0
616 -0.00140625394577 0.0 0.0
617 -0.00140625394577 0.0 0.0
618 -0.00140625394577 0.0 0.0
619 -0.00140625394577 0.0 0.0
620 -0.00140625394577 0.0 0.0
621 -0.00140625394577 0.0 0.0
622 -0.00140625394577 0.0 0.0
623 -0.00140625394577 0.0 0.0
624 -0.00140625394577 0.0 0.0
625 -0.00140625394577 0.0 0.0
626 -0.000402715030642 0.0 0.0
627 -0.000402715030642 0.0 0.0
628 -0.000402715030642 0.0 0.0
629 -0.000402715030642 0.0 0.0
630 -0.000402715030642 0.0 0.0
631 -0.000402715030642 0.0 0.0
632 -0.000402715030642 0.0 0.0
633 -0.000402715030642 0.0 0.0
634 -0.000402715030642 0.0 0.0
635 -0.000402715030642 0.0 0.0
636 -0.000402715030642 0.0 0.0
637 -0.000402715030642 0.0 0.0
638 -0.000402715030642 0.0 0.0
639 -0.000402715030642 0.0 0.0
640 -0.000402715030642 0.0 0.0
641 -0.000402715030642 0.0 0.0
642 -0.000402715030642 0.0 0.0
643 -0.000402715030642 0.0 0.0
644 -0.000402715030642 0.0 0.0
645 -0.000402715030642 0.0 0.0
646 -0.000402715030642 0.0 0.0
647 -0.000402715030642 0.0 0.0
648 -0.000402715030642 0.0 0.0
649 -0.000402715030642 0.0 0.0
650 -0.000402715030642 0.0 0.0
651 -0.000402715030642 0.0 0.0
652 -0.000402715030642 0.0 0.0
653 -0.000402715030642 0.0 0.0
654 -0.000402715030642 0.0 0.0
655 -0.000402715030642 0.0 0.0
656 -0.000402715030642 0.0 0.0
657 -0.000402715030642 0.0 0.0
658 -0.000402715030642 0.0 0.0
659 -0.000402715030642 0.0 0.0
660 -0.000402715030642 0.0 0.0
661 -0.000402715030642 0.0 0.0
662 -0.000402715030642 0.0 0.0
663 -0.000402715030642 0.0 0.0
664 -0.000402715030642 0.0 0.0
665 -0.000402715030642 0.0 0.0
666 -0.000402715030642 0.0 0.0
667 -0.000402715030642 0.0 0.0
668 -0.000402715030642 0.0 0.0
669 -0.000402715030642 0.0 0.0
670 -0.000402715030642 0.0 0.0
671 -0.000402715030642 0.0 0.0
672 -0.000402715030642 0.0 0.0
673 -0.000402715030642 0.0 0.0
674 -0.000402715030642 0.0 0.0
675 -0.000402715030642 0.0 0.0
676 -0.000427599541154 0.0 0.0
677 -0.000427599541154 0.0 0.0
678 -0.000427599541154 0.0 0.0
679 -0.000427599541154 0.0 0.0
680 -0.000427599541154 0.0 0.0
681 -0.000427599541154 0.0 0.0
682 -0.000427599541154 0.0 0.0
683 -0.000427599541154 0.0 0.0
684 -0.000427599541154 0.0 0.0
685 -0.000427599541154 0.0 0.0
686 -0.000427599541154 0.0 0.0
687 -0.000427599541154 0.0 0.0
688 -0.000427599541154 0.0 0.0
689 -0.000427599541154 0.0 0.0
690 -0.000427599541154 0.0 0.0
691 -0.000427599541154 0.0 0.0
692 -0.000427599541154 0.0 0.0
693 -0.000427599541154 0.0 0.0
694 -0.000427599541154 0.0 0.0
695 -0.000427599541154 0.0 0.0
696 -0.000427599541154 0.0 0.0
697 -0.000427599541154 0.0 0.0
698 -0.000427599541154 0.0 0.0
699 -0.000427599541154 0.0 0.0
700 -0.000427599541154 0.0 0.0
701 -0.000427599541154 0.0 0.0
702 -0.000427599541154 0.0 0.0
703 -0.000427599541154 0.0 0.0
704 -0.000427599541154 0.0 0.0
705 -0.000427599541154 0.0 0.0
706 -0.000427599541154 0.0 0.0
707 -0.000427599541154 0.0 0.0
708 -0.000427599541154 0.0 0.0
709 -0.000427599541154 0.0 0.0
710 -0.000427599541154 0.0 0.0
711 -0.000427599541154 0.0 0.0
712 -0.000427599541154 0.0 0.0
713 -0.000427599541154 0.0 0.0
714 -0.000427599541154 0.0 0.0
715 -0.000427599541154 0.0 0.0
716 -0.000427599541154 0.0 0.0
717 -0.000427599541154 0.0 0.0
718 -0.000427599541154 0.0 0.0
719 -0.000427599541154 0.0 0.0
720 -0.000427599541154 0.0 0.0
721 -0.000427599541154 0.0 0.0
722 -0.000427599541154 0.0 0.0
723 -0.000427599541154 0.0 0.0
724 -0.000427599541154 0.0 0.0
725 -0.000427599541154 0.0 0.0
726 0.000243418030529 0.0 0.0
727 0.000243418030529 0.0 0.0
728 0.000243418030529 0.0 0.0
729 0.000243418030529 0.0 0.0
730 0.000243418030529 0.0 0.0
731 0.000243418030529 0.0 0.0
732 0.000243418030529 0.0 0.0
733 0.000243418030529 0.0 0.0
734 0.000243418030529 0.0 0.0
735 0.000243418030529 0.0 0.0
736 0.000243418030529 0.0 0.0
737 0.000243418030529 0.0 0.0
738 0.000243418030529 0.0 0.0
739 0.000243418030529 0.0 0.0
740 0.000243418030529 0.0 0.0
741 0.000243418030529 0.0 0.0
742 0.000243418030529 0.0 0.0
743 0.000243418030529 0.0 0.0
744 0.000243418030529 0.0 0.0
745 0.000243418030529 0.0 0.0
746 0.000243418030529 0.0 0.0
747 0.000243418030529 0.0 0.0
748 0.000243418030529 0.0 0.0
749 0.000243418030529 0.0 0.0
750 0.000243418030529 0.0 0.0
751 0.000243418030529 0.0 0.0
752 0.000243418030529 0.0 0.0
753 0.000243418030529 0.0 0.0
754 0.000243418030529 0.0 0.0
755 0.000243418030529 0.0 0.0
756 0.000243418030529 0.0 0.0
757 0.000243418030529 0.0 0.0
758 0.000243418030529 0.0 0.0
759 0.000243418030529 0.0 0.0
760 0.000243418030529 0.0 0.0
761 0.000243418030529 0.0 0.0
762 0.000243418030529 0.0 0.0
763 0.000243418030529 0.0 0.0
764 0.000243418030529 0.0 0.0
765 0.000243418030529 0.0 0.0
766 0.000243418030529 0.0 0.0
767 0.000243418030529 0.0 0.0
768 0.000243418030529 0.0 0.0
769 0.000243418030529 0.0 0.0
770 0.000243418030529 0.0 0.0
771 0.000243418030529 0.0 0.0
772 0.000243418030529 0.0 0.0
773 0.000243418030529 0.0 0.0
774 0.000243418030529 0.0 0.0
775 0.000243418030529 0.0 0.0
776 0.000144863539107 0.0 0.0
777 0.000144863539107 0.0 0.0
778 0.000144863539107 0.0 0.0
779 0.000144863539107 0.0 0.0
780 0.000144863539107 0.0 0.0
781 0.000144863539107 0.0 0.0
782 0.000144863539107 0.0 0.0
783 0.000144863539107 0.0 0.0
784 0.000144863539107 0.0 0.0
785 0.000144863539107 0.0 0.0
786 0.000144863539107 0.0 0.0
787 0.000144863539107 0.0 0.0
788 0.000144863539107 0.0 0.0
789 0.000144863539107 0.0 0.0
790 0.000144863539107 0.0 0.0
791 0.000144863539107 0.0 0.0
792 0.000144863539107 0.0 0.0
793 0.000144863539107 0.0 0.0
794 0.000144863539107 0.0 0.0
795 0.000144863539107 0.0 0.0
796 0.000144863539107 0.0 0.0
797 0.000144863539107 0.0 0.0
798 0.000144863539107 0.0 0.0
799 0.000144863539107 0.0 0.0
800 0.000144863539107 0.0 0.0
801 0.000144863539107 0.0 0.0
802 0.000144863539107 0.0 0.0
803 0.000144863539107 0.0 0.0
804 0.000144863539107 0.0 0.0
805 0.000144863539107 0.0 0.0
806 0.000144863539107 0.0 0.0
807 0.000144863539107 0.0 0.0
808 0.000144863539107 0.0 0.0
809 0.000144863539107 0.0 0.0
810 0.000144863539107 0.0 0.0
811 0.000144863539107 0.0 0.0
812 0.000144863539107 0.0 0.0
813 0.000144863539107 0.0 0.0
814 0.000144863539107 0.0 0.0
815 0.000144863539107 0.0 0.0
816 0.000144863539107 0.0 0.0
817 0.000144863539107 0.0 0.0
818 0.000144863539107 0.0 0.0
819 0.000144863539107 0.0 0.0
820 0.000144863539107 0.0 0.0
821 0.000144863539107 0.0 0.0
822 0.000144863539107 0.0 0.0
823 0.000144863539107 0.0 0.0
824 0.000144863539107 0.0 0.0
825 0.000144863539107 0.0 0.0
826 -0.000155592957893 0.0 0.0
827 -0.000155592957893 0.0 0.0
828 -0.000155592957893 0.0 0.0
829 -0.000155592957893 0.0 0.0
830 -0.000155592957893 0.0 0.0
831 -0.000155592957893 0.0 0.0
832 -0.000155592957893 0.0 0.0
833 -0.000155592957893 0.0 0.0
834 -0.000155592957893 0.0 0.0
835 -0.000155592957893 0.0 0.0
836 -0.000155592957893 0.0 0.0
837 -0.000155592957893 0.0 0.0
838 -0.000155592957893 0.0 0.0
839 -0.000155592957893 0.0 0.0
840 -0.000155592957893 0.0 0.0
841 -0.000155592957893 0.0 0.0
842 -0.000155592957893 0.0 0.0
843 -0.000155592957893 0.0 0.0
844 -0.000155592957893 0.0 0.0
845 -0.000155592957893 0.0 0.0
846 -0.000155592957893 0.0 0.0
847 -0.000155592957893 0.0 0.0
848 -0.000155592957893 0.0 0.0
849 -0.000155592957893 0.0 0.0
850 -0.000155592957893 0.0 0.0
851 -0.000155592957893 0.0 0.0
852 -0.000155592957893 0.0 0.0
853 -0.000155592957893 0.0 0.0
854 -0.000155592957893 0.0 0.0
855 -0.000155592957893 0.0 0.0
856 -0.000155592957893 0.0 0.0
857 -0.000155592957893 0.0 0.0
858 -0.000155592957893 0.0 0.0
859 -0.000155592957893 0.0 0.0
860 -0.000155592957893 0.0 0.0
861 -0.000155592957893 0.0 0.0
862 -0.000155592957893 0.0 0.0
863 -0.000155592957893 0.0 0.0
864 -0.000155592957893 0.0 0.0
865 -0.000155592957893 0.0 0.0
866 -0.000155592957893 0.0 0.0
867 -0.000155592957893 0.0 0.0
868 -0.000155592957893 0.0 0.0
869 -0.000155592957893 0.0 0.0
870 -0.000155592957893 0.0 0.0
871 -0.000155592957893 0.0 0.0
872 -0.000155592957893 0.0 0.0
873 -0.000155592957893 0.0 0.0
874 -0.000155592957893 0.0 0.0
875 -0.000155592957893 0.0 0.0
876 -0.000155592957893 0.0 0.0
877 -0.000155592957893 0.0 0.0
878 -0.000155592957893 0.0 0.0
879 -0.000155592957893 0.0 0.0
880 -0.000155592957893 0.0 0.0
881 -0.000155592957893 0.0 0.0
882 -0.000155592957893 0.0 0.0
883 -0.000155592957893 0.0 0.0
884 -0.000155592957893 0.0 0.0
885 -0.000155592957893 0.0 0.0
886 -0.000155592957893 0.0 0.0
887 -0.000155592957893 0.0 0.0
888 -0.000155592957893 0.0 0.0
889 -0.000155592957893 0.0 0.0
890 -0.000155592957893 0.0 0.0
891 -0.000155592957893 0.0 0.0
892 -0.000155592957893 0.0 0.0
893 -0.000155592957893 0.0 0.0
894 -0.000155592957893 0.0 0.0
895 -0.000155592957893 0.0 0.0
896 -0.000155592957893 0.0 0.0
897 -0.000155592957893 0.0 0.0
898 -0.000155592957893 0.0 0.0
899 -0.000155592957893 0.0 0.0
900 -0.000155592957893 0.0 0.0
901 -0.000155592957893 0.0 0.0
902 -0.000155592957893 0.0 0.0
903 -0.000155592957893 0.0 0.0
904 -0.000155592957893 0.0 0.0
905 -0.000155592957893 0.0 0.0
906 -0.000155592957893 0.0 0.0
907 -0.000155592957893 0.0 0.0
908 -0.000155592957893 0.0 0.0
909 -0.000155592957893 0.0 0.0
910 -0.000155592957893 0.0 0.0
911 -0.000155592957893 0.0 0.0
912 -0.000155592957893 0.0 0.0
913 -0.000155592957893 0.0 0.0
914 -0.000155592957893 0.0 0.0
915 -0.000155592957893 0.0 0.0
916 -0.000155592957893 0.0 0.0
917 -0.000155592957893 0.0 0.0
918 -0.000155592957893 0.0 0.0
919 -0.000155592957893 0.0 0.0
920 -0.000155592957893 0.0 0.0
921 -0.000155592957893 0.0 0.0
922 -0.000155592957893 0.0 0.0
923 -0.000155592957893 0.0 0.0
924 -0.000155592957893 0.0 0.0
925 -0.000155592957893 0.0 0.0
926 -0.000155592957893 0.0 0.0
927 -0.000155592957893 0.0 0.0
928 -0.000155592957893 0.0 0.0
929 -0.000155592957893 0.0 0.0
930 -0.000155592957893 0.0 0.0
931 -0.000155592957893 0.0 0.0
932 -0.000155592957893 0.0 0.0
933 -0.000155592957893 0.0 0.0
934 -0.000155592957893 0.0 0.0
935 -0.000155592957893 0.0 0.0
936 -0.000155592957893 0.0 0.0
937 -0.000155592957893 0.0 0.0
938 -0.000155592957893 0.0 0.0
939 -0.000155592957893 0.0 0.0
940 -0.000155592957893 0.0 0.0
941 -0.000155592957893 0.0 0.0
942 -0.000155592957893 0.0 0.0
943 -0.000155592957893 0.0 0.0
944 -0.000155592957893 0.0 0.0
945 -0.000155592957893 0.0 0.0
946 -0.000155592957893 0.0 0.0
947 -0.000155592957893 0.0 0.0
948 -0.000155592957893 0.0 0.0
949 -0.000155592957893 0.0 0.0
950 -0.000155592957893 0.0 0.0
951 -0.000155592957893 0.0 0.0
952 -0.000155592957893 0.0 0.0
953 -0.000155592957893 0.0 0.0
954 -0.000155592957893 0.0 0.0
955 -0.000155592957893 0.0 0.0
956 -0.000155592957893 0.0 0.0
957 -0.000155592957893 0.0 0.0
958 -0.000155592957893 0.0 0.0
959 -0.000155592957893 0.0 0.0
960 -0.000155592957893 0.0 0.0
961 -0.000155592957893 0.0 0.0
962 -0.000155592957893 0.0 0.0
963 -0.000155592957893 0.0 0.0
964 -0.000155592957893 0.0 0.0
965 -0.000155592957893 0.0 0.0
966 -0.000155592957893 0.0 0.0
967 -0.000155592957893 0.0 0.0
968 -0.000155592957893 0.0 0.0
969 -0.000155592957893 0.0 0.0
970 -0.000155592957893 0.0 0.0
971 -0.000155592957893 0.0 0.0
972 -0.000155592957893 0.0 0.0
973 -0.000155592957893 0.0 0.0
974 -0.000155592957893 0.0 0.0
975 -0.000155592957893 0.0 0.0
976 -0.000155592957893 0.0 0.0
977 -0.000155592957893 0.0 0.0
978 -0.000155592957893 0.0 0.0
979 -0.000155592957893 0.0 0.0
980 -0.000155592957893 0.0 0.0
981 -0.000155592957893 0.0 0.0
982 -0.000155592957893 0.0 0.0
983 -0.000155592957893 0.0 0.0
984 -0.000155592957893 0.0 0.0
985 -0.000155592957893 0.0 0.0
986 -0.000155592957893 0.0 0.0
987 -0.000155592957893 0.0 0.0
988 -0.000155592957893 0.0 0.0
989 -0.000155592957893 0.0 0.0
990 -0.000155592957893 0.0 0.0
991 -0.000155592957893 0.0 0.0
992 -0.000155592957893 0.0 0.0
993 -0.000155592957893 0.0 0.0
994 -0.000155592957893 0.0 0.0
995 -0.000155592957893 0.0 0.0
996 -0.000155592957893 0.0 0.0
997 -0.000155592957893 0.0 0.0
998 -0.000155592957893 0.0 0.0
999 -0.000155592957893 0.0 0.0
1000 -0.000155592957893 0.0 0.0
1001 -0.000155592957893 0.0 0.0
1002 -0.000155592957893 0.0 0.0
1003 -0.000155592957893 0.0 0.0
1004 -0.000155592957893 0.0 0.0
1005 -0.000155592957893 0.0 0.0
1006 -0.000155592957893 0.0 0.0
1007 -0.000155592957893 0.0 0.0
1008 -0.000155592957893 0.0 0.0
1009 -0.000155592957893 0.0 0.0
1010 -0.000155592957893 0.0 0.0
1011 -0.000155592957893 0.0 0.0
1012 -0.000155592957893 0.0 0.0
1013 -0.000155592957893 0.0 0.0
1014 -0.000155592957893 0.0 0.0
1015 -0.000155592957893 0.0 0.0
1016 -0.000155592957893 0.0 0.0
1017 -0.000155592957893 0.0 0.0
1018 -0.000155592957893 0.0 0.0
1019 -0.000155592957893 0.0 0.0
1020 -0.000155592957893 0.0 0.0
1021 -0.000155592957893 0.0 0.0
1022 -0.000155592957893 0.0 0.0
1023 -0.000155592957893 0.0 0.0
1024 -0.000155592957893 0.0 0.0
1025 -0.000155592957893 0.0 0.0
1026 -0.000155592957893 0.0 0.0
1027 -0.000155592957893 0.0 0.0
1028 -0.000155592957893 0.0 0.0
1029 -0.000155592957893 0.0 0.0
1030 -0.000155592957893 0.0 0.0
1031 -0.000155592957893 0.0 0.0
1032 -0.000155592957893 0.0 0.0
1033 -0.000155592957893 0.0 0.0
1034 -0.000155592957893 0.0 0.0
1035 -0.000155592957893 0.0 0.0
1036 -0.000155592957893 0.0 0.0
1037 -0.000155592957893 0.0 0.0
1038 -0.000155592957893 0.0 0.0
1039 -0.000155592957893 0.0 0.0
1040 -0.000155592957893 0.0 0.0
1041 -0.000155592957893 0.0 0.0
1042 -0.000155592957893 0.0 0.0
1043 -0.000155592957893 0.0 0.0
1044 -0.000155592957893 0.0 0.0
1045 -0.000155592957893 0.0 0.0
1046 -0.000155592957893 0.0 0.0
1047 -0.000155592957893 0.0 0.0
1048 -0.000155592957893 0.0 0.0
1049 -0.000155592957893 0.0 0.0
1050 -0.000155592957893 0.0 0.0
1051 -3.36993281427e-05 0.0 0.0
1052 -3.36993281427e-05 0.0 0.0
1053 -3.36993281427e-05 0.0 0.0
1054 -3.36993281427e-05 0.0 0.0
1055 -3.36993281427e-05 0.0 0.0
1056 -3.36993281427e-05 0.0 0.0
1057 -3.36993281427e-05 0.0 0.0
1058 -3.36993281427e-05 0.0 0.0
1059 -3.36993281427e-05 0.0 0.0
1060 -3.36993281427e-05 0.0 0.0
1061 -3.36993281427e-05 0.0 0.0
1062 -3.36993281427e-05 0.0 0.0
1063 -3.36993281427e-05 0.0 0.0
1064 -3.36993281427e-05 0.0 0.0
1065 -3.36993281427e-05 0.0 0.0
1066 -3.36993281427e-05 0.0 0.0
1067 -3.36993281427e-05 0.0 0.0
1068 -3.36993281427e-05 0.0 0.0
1069 -3.36993281427e-05 0.0 0.0
1070 -3.36993281427e-05 0.0 0.0
1071 -3.36993281427e-05 0.0 0.0
1072 -3.36993281427e-05 0.0 0.0
1073 -3.36993281427e-05 0.0 0.0
1074 -3.36993281427e-05 0.0 0.0
1075 -3.36993281427e-05 0.0 0.0
1076 -3.36993281427e-05 0.0 0.0
1077 -3.36993281427e-05 0.0 0.0
1078 -3.36993281427e-05 0.0 0.0
1079 -3.36993281427e-05 0.0 0.0
1080 -3.36993281427e-05 0.0 0.0
1081 -3.36993281427e-05 0.0 0.0
1082 -3.36993281427e-05 0.0 0.0
1083 -3.36993281427e-05 0.0 0.0
1084 -3.36993281427e-05 0.0 0.0
1085 -3.36993281427e-05 0.0 0.0
1086 -3.36993281427e-05 0.0 0.0
1087 -3.36993281427e-05 0.0 0.0
1088 -3.36993281427e-05 0.0 0.0
1089 -3.36993281427e-05 0.0 0.0
1090 -3.36993281427e-05 0.0 0.0
1091 -3.36993281427e-05 0.0 0.0
1092 -3.36993281427e-05 0.0 0.0
1093 -3.36993281427e-05 0.0 0.0
1094 -3.36993281427e-05 0.0 0.0
1095 -3.36993281427e-05 0.0 0.0
1096 -3.36993281427e-05 0.0 0.0
1097 -3.36993281427e-05 0.0 0.0
1098 -3.36993281427e-05 0.0 0.0
1099 -3.36993281427e-05 0.0 0.0
1100 -3.36993281427e-05 0.0 0.0
1101 -3.36993281427e-05 0.0 0.0
1102 -3.36993281427e-05 0.0 0.0
1103 -3.36993281427e-05 0.0 0.0
1104 -3.36993281427e-05 0.0 0.0
1105 -3.36993281427e-05 0.0 0.0
1106 -3.36993281427e-05 0.0 0.0
1107 -3.36993281427e-05 0.0 0.0
1108 -3.36993281427e-05 0.0 0.0
1109 -3.36993281427e-05 0.0 0.0
1110 -3.36993281427e-05 0.0 0.0
1111 -3.36993281427e-05 0.0 0.0
1112 -3.36993281427e-05 0.0 0.0
1113 -3.36993281427e-05 0.0 0.0
1114 -3.36993281427e-05 0.0 0.0
1115 -3.36993281427e-05 0.0 0.0
1116 -3.36993281427e-05 0.0 0.0
1117 -3.36993281427e-05 0.0 0.0
1118 -3.36993281427e-05 0.0 0.0
1119 -3.36993281427e-05 0.0 0.0
1120 -3.36993281427e-05 0.0 0.0
1121 -3.36993281427e-05 0.0 0.0
1122 -3.36993281427e-05 0.0 0.0
1123 -3.36993281427e-05 0.0 0.0
1124 -3.36993281427e-05 0.0 0.0
1125 -3.36993281427e-05 0.0 0.0
1126 -3.36993281427e-05 0.0 0.0
1127 -3.36993281427e-05 0.0 0.0
1128 -3.36993281427e-05 0.0 0.0
1129 -3.36993281427e-05 0.0 0.0
1130 -3.36993281427e-05 0.0 0.0
1131 -3.36993281427e-05 0.0 0.0
1132 -3.36993281427e-05 0.0 0.0
1133 -3.36993281427e-05 0.0 0.0
1134 -3.36993281427e-05 0.0 0.0
1135 -3.36993281427e-05 0.0 0.0
1136 -3.36993281427e-05 0.0 0.0
1137 -3.36993281427e-05 0.0 0.0
1138 -3.36993281427e-05 0.0 0.0
1139 -3.36993281427e-05 0.0 0.0
1140 -3.36993281427e-05 0.0 0.0
1141 -3.36993281427e-05 0.0 0.0
1142 -3.36993281427e-05 0.0 0.0
1143 -3.36993281427e-05 0.0 0.0
1144 -3.36993281427e-05 0.0 0.0
1145 -3.36993281427e-05 0.0 0.0
1146 -3.36993281427e-05 0.0 0.0
1147 -3.36993281427e-05 0.0 0.0
1148 -3.36993281427e-05 0.0 0.0
1149 -3.36993281427e-05 0.0 0.0
1150 -3.36993281427e-05 0.0 0.0
1151 -2.64919399525e-05 0.0 0.0
1152 -2.64919399525e-05 0.0 0.0
1153 -2.64919399525e-05 0.0 0.0
1154 -2.64919399525e-05 0.0 0.0
1155 -2.64919399525e-05 0.0 0.0
1156 -2.64919399525e-05 0.0 0.0
1157 -2.64919399525e-05 0.0 0.0
1158 -2.64919399525e-05 0.0 0.0
1159 -2.64919399525e-05 0.0 0.0
1160 -2.64919399525e-05 0.0 0.0
1161 -2.64919399525e-05 0.0 0.0
1162 -2.64919399525e-05 0.0 0.0
1163 -2.64919399525e-05 0.0 0.0
1164 -2.64919399525e-05 0.0 0.0
1165 -2.64919399525e-05 0.0 0.0
1166 -2.64919399525e-05 0.0 0.0
1167 -2.64919399525e-05 0.0 0.0
1168 -2.64919399525e-05 0.0 0.0
1169 -2.64919399525e-05 0.0 0.0
1170 -2.64919399525e-05 0.0 0.0
1171 -2.64919399525e-05 0.0 0.0
1172 -2.64919399525e-05 0.0 0.0
1173 -2.64919399525e-05 0.0 0.0
1174 -2.64919399525e-05 0.0 0.0
1175 -2.64919399525e-05 0.0 0.0
1176 -2.64919399525e-05 0.0 0.0
1177 -2.64919399525e-05 0.0 0.0
1178 -2.64919399525e-05 0.0 0.0
1179 -2.64919399525e-05 0.0 0.0
1180 -2.64919399525e-05 0.0 0.0
1181 -2.64919399525e-05 0.0 0.0
1182 -2.64919399525e-05 0.0 0.0
1183 -2.64919399525e-05 0.0 0.0
1184 -2.64919399525e-05 0.0 0.0
1185 -2.64919399525e-05 0.0 0.0
1186 -2.64919399525e-05 0.0 0.0
1187 -2.64919399525e-05 0.0 0.0
1188 -2.64919399525e-05 0.0 0.0
1189 -2.64919399525e-05 0.0 0.0
1190 -2.64919399525e-05 0.0 0.0
1191 -2.64919399525e-05 0.0 0.0
1192 -2.64919399525e-05 0.0 0.0
1193 -2.64919399525e-05 0.0 0.0
1194 -2.64919399525e-05 0.0 0.0
1195 -2.64919399525e-05 0.0 0.0
1196 -2.64919399525e-05 0.0 0.0
1197 -2.64919399525e-05 0.0 0.0
1198 -2.64919399525e-05 0.0 0.0
1199 -2.64919399525e-05 0.0 0.0
1200 -2.64919399525e-05 0.0 0.0
1201 -2.64919399525e-05 0.0 0.0
1202 -2.64919399525e-05 0.0 0.0
1203 -2.64919399525e-05 0.0 0.0
1204 -2.64919399525e-05 0.0 0.0
1205 -2.64919399525e-05 0.0 0.0
1206 -2.64919399525e-05 0.0 0.0
1207 -2.64919399525e-05 0.0 0.0
1208 -2.64919399525e-05 0.0 0.0
1209 -2.64919399525e-05 0.0 0.0
1210 -2.64919399525e-05 0.0 0.0
1211 -2.64919399525e-05 0.0 0.0
1212 -2.64919399525e-05 0.0 0.0
1213 -2.64919399525e-05 0.0 0.0
1214 -2.64919399525e-05 0.0 0.0
1215 -2.64919399525e-05 0.0 0.0
1216 -2.64919399525e-05 0.0 0.0
1217 -2.64919399525e-05 0.0 0.0
1218 -2.64919399525e-05 0.0 0.0
1219 -2.64919399525e-05 0.0 0.0
1220 -2.64919399525e-05 0.0 0.0
1221 -2.64919399525e-05 0.0 0.0
1222 -2.64919399525e-05 0.0 0.0
1223 -2.64919399525e-05 0.0 0.0
1224 -2.64919399525e-05 0.0 0.0
1225 -2.64919399525e-05 0.0 0.0
1226 -2.64919399525e-05 0.0 0.0
1227 -2.64919399525e-05 0.0 0.0
1228 -2.64919399525e-05 0.0 0.0
1229 -2.64919399525e-05 0.0 0.0
1230 -2.64919399525e-05 0.0 0.0
1231 -2.64919399525e-05 0.0 0.0
1232 -2.64919399525e-05 0.0 0.0
1233 -2.64919399525e-05 0.0 0.0
1234 -2.64919399525e-05 0.0 0.0
1235 -2.64919399525e-05 0.0 0.0
1236 -2.64919399525e-05 0.0 0.0
1237 -2.64919399525e-05 0.0 0.0
1238 -2.64919399525e-05 0.0 0.0
1239 -2.64919399525e-05 0.0 0.0
1240 -2.64919399525e-05 0.0 0.0
1241 -2.64919399525e-05 0.0 0.0
1242 -2.64919399525e-05 0.0 0.0
1243 -2.64919399525e-05 0.0 0.0
1244 -2.64919399525e-05 0.0 0.0
1245 -2.64919399525e-05 0.0 0.0
1246 -2.64919399525e-05 0.0 0.0
1247 -2.64919399525e-05 0.0 0.0
1248 -2.64919399525e-05 0.0 0.0
1249 -2.64919399525e-05 0.0 0.0
1250 -2.64919399525e-05 0.0 0.0
1251 -2.64919399525e-05 0.0 0.0
1252 -2.64919399525e-05 0.0 0.0
1253 -2.64919399525e-05 0.0 0.0
1254 -2.64919399525e-05 0.0 0.0
1255 -2.64919399525e-05 0.0 0.0
1256 -2.64919399525e-05 0.0 0.0
1257 -2.64919399525e-05 0.0 0.0
1258 -2.64919399525e-05 0.0 0.0
1259 -2.64919399525e-05 0.0 0.0
1260 -2.64919399525e-05 0.0 0.0
1261 -2.64919399525e-05 0.0 0.0
1262 -2.64919399525e-05 0.0 0.0
1263 -2.64919399525e-05 0.0 0.0
1264 -2.64919399525e-05 0.0 0.0
1265 -2.64919399525e-05 0.0 0.0
1266 -2.64919399525e-05 0.0 0.0
1267 -2.64919399525e-05 0.0 0.0
1268 -2.64919399525e-05 0.0 0.0
1269 -2.64919399525e-05 0.0 0.0
1270 -2.64919399525e-05 0.0 0.0
1271 -2.64919399525e-05 0.0 0.0
1272 -2.64919399525e-05 0.0 0.0
1273 -2.64919399525e-05 0.0 0.0
1274 -2.64919399525e-05 0.0 0.0
1275 -2.64919399525e-05 0.0 0.0
1276 -2.64919399525e-05 0.0 0.0
1277 -2.64919399525e-05 0.0 0.0
1278 -2.64919399525e-05 0.0 0.0
1279 -2.64919399525e-05 0.0 0.0
1280 -2.64919399525e-05 0.0 0.0
1281 -2.64919399525e-05 0.0 0.0
1282 -2.64919399525e-05 0.0 0.0
1283 -2.64919399525e-05 0.0 0.0
1284 -2.64919399525e-05 0.0 0.0
1285 -2.64919399525e-05 0.0 0.0
1286 -2.64919399525e-05 0.0 0.0
1287 -2.64919399525e-05 0.0 0.0
1288 -2.64919399525e-05 0.0 0.0
1289 -2.64919399525e-05 0.0 0.0
1290 -2.64919399525e-05 0.0 0.0
1291 -2.64919399525e-05 0.0 0.0
1292 -2.64919399525e-05 0.0 0.0
1293 -2.64919399525e-05 0.0 0.0
1294 -2.64919399525e-05 0.0 0.0
1295 -2.64919399525e-05 0.0 0.0
1296 -2.64919399525e-05 0.0 0.0
1297 -2.64919399525e-05 0.0 0.0
1298 -2.64919399525e-05 0.0 0.0
1299 -2.64919399525e-05 0.0 0.0
1300 -2.64919399525e-05 0.0 0.0
1301 -2.64919399525e-05 0.0 0.0
1302 -2.64919399525e-05 0.0 0.0
1303 -2.64919399525e-05 0.0 0.0
1304 -2.64919399525e-05 0.0 0.0
1305 -2.64919399525e-05 0.0 0.0
1306 -2.64919399525e-05 0.0 0.0
1307 -2.64919399525e-05 0.0 0.0
1308 -2.64919399525e-05 0.0 0.0
1309 -2.64919399525e-05 0.0 0.0
1310 -2.64919399525e-05 0.0 0.0
1311 -2.64919399525e-05 0.0 0.0
1312 -2.64919399525e-05 0.0 0.0
1313 -2.64919399525e-05 0.0 0.0
1314 -2.64919399525e-05 0.0 0.0
1315 -2.64919399525e-05 0.0 0.0
1316 -2.64919399525e-05 0.0 0.0
1317 -2.64919399525e-05 0.0 0.0
1318 -2.64919399525e-05 0.0 0.0
1319 -2.64919399525e-05 0.0 0.0
1320 -2.64919399525e-05 0.0 0.0
1321 -2.64919399525e-05 0.0 0.0
1322 -2.64919399525e-05 0.0 0.0
1323 -2.64919399525e-05 0.0 0.0
1324 -2.64919399525e-05 0.0 0.0
1325 -2.64919399525e-05 0.0 0.0
1326 -2.64919399525e-05 0.0 0.0
1327 -2.64919399525e-05 0.0 0.0
1328 -2.64919399525e-05 0.0 0.0
1329 -2.64919399525e-05 0.0 0.0
1330 -2.64919399525e-05 0.0 0.0
1331 -2.64919399525e-05 0.0 0.0
1332 -2.64919399525e-05 0.0 0.0
1333 -2.64919399525e-05 0.0 0.0
1334 -2.64919399525e-05 0.0 0.0
1335 -2.64919399525e-05 0.0 0.0
1336 -2.64919399525e-05 0.0 0.0
1337 -2.64919399525e-05 0.0 0.0
1338 -2.64919399525e-05 0.0 0.0
1339 -2.64919399525e-05 0.0 0.0
1340 -2.64919399525e-05 0.0 0.0
1341 -2.64919399525e-05 0.0 0.0
1342 -2.64919399525e-05 0.0 0.0
1343 -2.64919399525e-05 0.0 0.0
1344 -2.64919399525e-05 0.0 0.0
1345 -2.64919399525e-05 0.0 0.0
1346 -2.64919399525e-05 0.0 0.0
1347 -2.64919399525e-05 0.0 0.0
1348 -2.64919399525e-05 0.0 0.0
1349 -2.64919399525e-05 0.0 0.0
1350 -2.64919399525e-05 0.0 0.0
1351 -2.64919399525e-05 0.0 0.0
1352 -2.64919399525e-05 0.0 0.0
1353 -2.64919399525e-05 0.0 0.0
1354 -2.64919399525e-05 0.0 0.0
1355 -2.64919399525e-05 0.0 0.0
1356 -2.64919399525e-05 0.0 0.0
1357 -2.64919399525e-05 0.0 0.0
1358 -2.64919399525e-05 0.0 0.0
1359 -2.64919399525e-05 0.0 0.0
1360 -2.64919399525e-05 0.0 0.0
1361 -2.64919399525e-05 0.0 0.0
1362 -2.64919399525e-05 0.0 0.0
1363 -2.64919399525e-05 0.0 0.0
1364 -2.64919399525e-05 0.0 0.0
1365 -2.64919399525e-05 0.0 0.0
1366 -2.64919399525e-05 0.0 0.0
1367 -2.64919399525e-05 0.0 0.0
1368 -2.64919399525e-05 0.0 0.0
1369 -2.64919399525e-05 0.0 0.0
1370 -2.64919399525e-05 0.0 0.0
1371 -2.64919399525e-05 0.0 0.0
1372 -2.64919399525e-05 0.0 0.0
1373 -2.64919399525e-05 0.0 0.0
1374 -2.64919399525e-05 0.0 0.0
1375 -2.64919399525e-05 0.0 0.0
1376 -2.64919399525e-05 0.0 0.0
1377 -2.64919399525e-05 0.0 0.0
1378 -2.64919399525e-05 0.0 0.0
1379 -2.64919399525e-05 0.0 0.0
1380 -2.64919399525e-05 0.0 0.0
1381 -2.64919399525e-05 0.0 0.0
1382 -2.64919399525e-05 0.0 0.0
1383 -2.64919399525e-05 0.0 0.0
1384 -2.64919399525e-05 0.0 0.0
1385 -2.64919399525e-05 0.0 0.0
1386 -2.64919399525e-05 0.0 0.0
1387 -2.64919399525e-05 0.0 0.0
1388 -2.64919399525e-05 0.0 0.0
1389 -2.64919399525e-05 0.0 0.0
1390 -2.64919399525e-05 0.0 0.0
1391 -2.64919399525e-05 0.0 0.0
1392 -2.64919399525e-05 0.0 0.0
1393 -2.64919399525e-05 0.0 0.0
1394 -2.64919399525e-05 0.0 0.0
1395 -2.64919399525e-05 0.0 0.0
1396 -2.64919399525e-05 0.0 0.0
1397 -2.64919399525e-05 0.0 0.0
1398 -2.64919399525e-05 0.0 0.0
1399 -2.64919399525e-05 0.0 0.0
1400 -2.64919399525e-05 0.0 0.0
1401 -2.64919399525e-05 0.0 0.0
1402 -2.64919399525e-05 0.0 0.0
1403 -2.64919399525e-05 0.0 0.0
1404 -2.64919399525e-05 0.0 0.0
1405 -2.64919399525e-05 0.0 0.0
1406 -2.64919399525e-05 0.0 0.0
1407 -2.64919399525e-05 0.0 0.0
1408 -2.64919399525e-05 0.0 0.0
1409 -2.64919399525e-05 0.0 0.0
1410 -2.64919399525e-05 0.0 0.0
1411 -2.64919399525e-05 0.0 0.0
1412 -2.64919399525e-05 0.0 0.0
1413 -2.64919399525e-05 0.0 0.0
1414 -2.64919399525e-05 0.0 0.0
1415 -2.64919399525e-05 0.0 0.0
1416 -2.64919399525e-05 0.0 0.0
1417 -2.64919399525e-05 0.0 0.0
1418 -2.64919399525e-05 0.0 0.0
1419 -2.64919399525e-05 0.0 0.0
1420 -2.64919399525e-05 0.0 0.0
1421 -2.64919399525e-05 0.0 0.0
1422 -2.64919399525e-05 0.0 0.0
1423 -2.64919399525e-05 0.0 0.0
1424 -2.64919399525e-05 0.0 0.0
1425 -2.64919399525e-05 0.0 0.0
1426 -2.64919399525e-05 0.0 0.0
1427 -2.64919399525e-05 0.0 0.0
1428 -2.64919399525e-05 0.0 0.0
1429 -2.64919399525e-05 0.0 0.0
1430 -2.64919399525e-05 0.0 0.0
1431 -2.64919399525e-05 0.0 0.0
1432 -2.64919399525e-05 0.0 0.0
1433 -2.64919399525e-05 0.0 0.0
1434 -2.64919399525e-05 0.0 0.0
1435 -2.64919399525e-05 0.0 0.0
1436 -2.64919399525e-05 0.0 0.0
1437 -2.64919399525e-05 0.0 0.0
1438 -2.64919399525e-05 0.0 0.0
1439 -2.64919399525e-05 0.0 0.0
1440 -2.64919399525e-05 0.0 0.0
1441 -2.64919399525e-05 0.0 0.0
1442 -2.64919399525e-05 0.0 0.0
1443 -2.64919399525e-05 0.0 0.0
1444 -2.64919399525e-05 0.0 0.0
1445 -2.64919399525e-05 0.0 0.0
1446 -2.64919399525e-05 0.0 0.0
1447 -2.64919399525e-05 0.0 0.0
1448 -2.64919399525e-05 0.0 0.0
1449 -2.64919399525e-05 0.0 0.0
1450 -2.64919399525e-05 0.0 0.0
1451 4.11469017706e-05 0.0 0.0
1452 4.11469017706e-05 0.0 0.0
1453 4.11469017706e-05 0.0 0.0
1454 4.11469017706e-05 0.0 0.0
1455 4.11469017706e-05 0.0 0.0
1456 4.11469017706e-05 0.0 0.0
1457 4.11469017706e-05 0.0 0.0
1458 4.11469017706e-05 0.0 0.0
1459 4.11469017706e-05 0.0 0.0
1460 4.11469017706e-05 0.0 0.0
1461 4.11469017706e-05 0.0 0.0
1462 4.11469017706e-05 0.0 0.0
1463 4.11469017706e-05 0.0 0.0
1464 4.11469017706e-05 0.0 0.0
1465 4.11469017706e-05 0.0 0.0
1466 4.11469017706e-05 0.0 0.0
1467 4.11469017706e-05 0.0 0.0
1468 4.11469017706e-05 0.0 0.0
1469 4.11469017706e-05 0.0 0.0
1470 4.11469017706e-05 0.0 0.0
1471 4.11469017706e-05 0.0 0.0
1472 4.11469017706e-05 0.0 0.0
1473 4.11469017706e-05 0.0 0.0
1474 4.11469017706e-05 0.0 0.0
1475 4.11469017706e-05 0.0 0.0
1476 4.11469017706e-05 0.0 0.0
1477 4.11469017706e-05 0.0 0.0
1478 4.11469017706e-05 0.0 0.0
1479 4.11469017706e-05 0.0 0.0
1480 4.11469017706e-05 0.0 0.0
1481 4.11469017706e-05 0.0 0.0
1482 4.11469017706e-05 0.0 0.0
1483 4.11469017706e-05 0.0 0.0
1484 4.11469017706e-05 0.0 0.0
1485 4.11469017706e-05 0.0 0.0
1486 4.11469017706e-05 0.0 0.0
1487 4.11469017706e-05 0.0 0.0
1488 4.11469017706e-05 0.0 0.0
1489 4.11469017706e-05 0.0 0.0
1490 4.11469017706e-05 0.0 0.0
1491 4.11469017706e-05 0.0 0.0
1492 4.11469017706e-05 0.0 0.0
1493 4.11469017706e-05 0.0 0.0
1494 4.11469017706e-05 0.0 0.0
1495 4.11469017706e-05 0.0 0.0
1496 4.11469017706e-05 0.0 0.0
1497 4.11469017706e-05 0.0 0.0
1498 4.11469017706e-05 0.0 0.0
1499 4.11469017706e-05 0.0 0.0
1500 4.11469017706e-05 0.0 0.0
1501 4.11469017706e-05 0.0 0.0
1502 4.11469017706e-05 0.0 0.0
1503 4.11469017706e-05 0.0 0.0
1504 4.11469017706e-05 0.0 0.0
1505 4.11469017706e-05 0.0 0.0
1506 4.11469017706e-05 0.0 0.0
1507 4.11469017706e-05 0.0 0.0
1508 4.11469017706e-05 0.0 0.0
1509 4.11469017706e-05 0.0 0.0
1510 4.11469017706e-05 0.0 0.0
1511 4.11469017706e-05 0.0 0.0
1512 4.11469017706e-05 0.0 0.0
1513 4.11469017706e-05 0.0 0.0
1514 4.11469017706e-05 0.0 0.0
1515 4.11469017706e-05 0.0 0.0
1516 4.11469017706e-05 0.0 0.0
1517 4.11469017706e-05 0.0 0.0
1518 4.11469017706e-05 0.0 0.0
1519 4.11469017706e-05 0.0 0.0
1520 4.11469017706e-05 0.0 0.0
1521 4.11469017706e-05 0.0 0.0
1522 4.11469017706e-05 0.0 0.0
1523 4.11469017706e-05 0.0 0.0
1524 4.11469017706e-05 0.0 0.0
1525 4.11469017706e-05 0.0 0.0
1526 4.11469017706e-05 0.0 0.0
1527 4.11469017706e-05 0.0 0.0
1528 4.11469017706e-05 0.0 0.0
1529 4.11469017706e-05 0.0 0.0
1530 4.11469017706e-05 0.0 0.0
1531 4.11469017706e-05 0.0 0.0
1532 4.11469017706e-05 0.0 0.0
1533 4.11469017706e-05 0.0 0.0
1534 4.11469017706e-05 0.0 0.0
1535 4.11469017706e-05 0.0 0.0
1536 4.11469017706e-05 0.0 0.0
1537 4.11469017706e-05 0.0 0.0
1538 4.11469017706e-05 0.0 0.0
1539 4.11469017706e-05 0.0 0.0
1540 4.11469017706e-05 0.0 0.0
1541 4.11469017706e-05 0.0 0.0
1542 4.11469017706e-05 0.0 0.0
1543 4.11469017706e-05 0.0 0.0
1544 4.11469017706e-05 0.0 0.0
1545 4.11469017706e-05 0.0 0.0
1546 4.11469017706e-05 0.0 0.0
1547 4.11469017706e-05 0.0 0.0
1548 4.11469017706e-05 0.0 0.0
1549 4.11469017706e-05 0.0 0.0
1550 4.11469017706e-05 0.0 0.0
1551 3.1333330572e-05 0.0 0.0
1552 3.1333330572e-05 0.0 0.0
1553 3.1333330572e-05 0.0 0.0
1554 3.1333330572e-05 0.0 0.0
1555 3.1333330572e-05 0.0 0.0
1556 3.1333330572e-05 0.0 0.0
1557 3.1333330572e-05 0.0 0.0
1558 3.1333330572e-05 0.0 0.0
1559 3.1333330572e-05 0.0 0.0
1560 3.1333330572e-05 0.0 0.0
1561 3.1333330572e-05 0.0 0.0
1562 3.1333330572e-05 0.0 0.0
1563 3.1333330572e-05 0.0 0.0
1564 3.1333330572e-05 0.0 0.0
1565 3.1333330572e-05 0.0 0.0
1566 3.1333330572e-05 0.0 0.0
1567 3.1333330572e-05 0.0 0.0
1568 3.1333330572e-05 0.0 0.0
1569 3.1333330572e-05 0.0 0.0
1570 3.1333330572e-05 0.0 0.0
1571 3.1333330572e-05 0.0 0.0
1572 3.1333330572e-05 0.0 0.0
1573 3.1333330572e-05 0.0 0.0
1574 3.1333330572e-05 0.0 0.0
1575 3.1333330572e-05 0.0 0.0
1576 3.1333330572e-05 0.0 0.0
1577 3.1333330572e-05 0.0 0.0
1578 3.1333330572e-05 0.0 0.0
1579 3.1333330572e-05 0.0 0.0
1580 3.1333330572e-05 0.0 0.0
1581 3.1333330572e-05 0.0 0.0
1582 3.1333330572e-05 0.0 0.0
1583 3.1333330572e-05 0.0 0.0
1584 3.1333330572e-05 0.0 0.0
1585 3.1333330572e-05 0.0 0.0
1586 3.1333330572e-05 0.0 0.0
1587 3.1333330572e-05 0.0 0.0
1588 3.1333330572e-05 0.0 0.0
1589 3.1333330572e-05 0.0 0.0
1590 3.1333330572e-05 0.0 0.0
1591 3.1333330572e-05 0.0 0.0
1592 3.1333330572e-05 0.0 0.0
1593 3.1333330572e-05 0.0 0.0
1594 3.1333330572e-05 0.0 0.0
1595 3.1333330572e-05 0.0 0.0
1596 3.1333330572e-05 0.0 0.0
1597 3.1333330572e-05 0.0 0.0
1598 3.1333330572e-05 0.0 0.0
1599 3.1333330572e-05 0.0 0.0
1600 3.1333330572e-05 0.0 0.0
1601 3.1333330572e-05 0.0 0.0
1602 3.1333330572e-05 0.0 0.0
1603 3.1333330572e-05 0.0 0.0
1604 3.1333330572e-05 0.0 0.0
1605 3.1333330572e-05 0.0 0.0
1606 3.1333330572e-05 0.0 0.0
1607 3.1333330572e-05 0.0 0.0
1608 3.1333330572e-05 0.0 0.0
1609 3.1333330572e-05 0.0 0.0
1610 3.1333330572e-05 0.0 0.0
1611 3.1333330572e-05 0.0 0.0
1612 3.1333330572e-05 0.0 0.0
1613 3.1333330572e-05 0.0 0.0
1614 3.1333330572e-05 0.0 0.0
1615 3.1333330572e-05 0.0 0.0
1616 3.1333330572e-05 0.0 0.0
1617 3.1333330572e-05 0.0 0.0
1618 3.1333330572e-05 0.0 0.0
1619 3.1333330572e-05 0.0 0.0
1620 3.1333330572e-05 0.0 0.0
1621 3.1333330572e-05 0.0 0.0
1622 3.1333330572e-05 0.0 0.0
1623 3.1333330572e-05 0.0 0.0
1624 3.1333330572e-05 0.0 0.0
1625 3.1333330572e-05 0.0 0.0
1626 3.1333330572e-05 0.0 0.0
1627 3.1333330572e-05 0.0 0.0
1628 3.1333330572e-05 0.0 0.0
1629 3.1333330572e-05 0.0 0.0
1630 3.1333330572e-05 0.0 0.0
1631 3.1333330572e-05 0.0 0.0
1632 3.1333330572e-05 0.0 0.0
1633 3.1333330572e-05 0.0 0.0
1634 3.1333330572e-05 0.0 0.0
1635 3.1333330572e-05 0.0 0.0
1636 3.1333330572e-05 0.0 0.0
1637 3.1333330572e-05 0.0 0.0
1638 3.1333330572e-05 0.0 0.0
1639 3.1333330572e-05 0.0 0.0
1640 3.1333330572e-05 0.0 0.0
1641 3.1333330572e-05 0.0 0.0
1642 3.1333330572e-05 0.0 0.0
1643 3.1333330572e-05 0.0 0.0
1644 3.1333330572e-05 0.0 0.0
1645 3.1333330572e-05 0.0 0.0
1646 3.1333330572e-05 0.0 0.0
1647 3.1333330572e-05 0.0 0.0
1648 3.1333330572e-05 0.0 0.0
1649 3.1333330572e-05 0.0 0.0
1650 3.1333330572e-05 0.0 0.0
1651 3.1333330572e-05 0.0 0.0
1652 3.1333330572e-05 0.0 0.0
1653 3.1333330572e-05 0.0 0.0
1654 3.1333330572e-05 0.0 0.0
1655 3.1333330572e-05 0.0 0.0
1656 3.1333330572e-05 0.0 0.0
1657 3.1333330572e-05 0.0 0.0
1658 3.1333330572e-05 0.0 0.0
1659 3.1333330572e-05 0.0 0.0
1660 3.1333330572e-05 0.0 0.0
1661 3.1333330572e-05 0.0 0.0
1662 3.1333330572e-05 0.0 0.0
1663 3.1333330572e-05 0.0 0.0
1664 3.1333330572e-05 0.0 0.0
1665 3.1333330572e-05 0.0 0.0
1666 3.1333330572e-05 0.0 0.0
1667 3.1333330572e-05 0.0 0.0
1668 3.1333330572e-05 0.0 0.0
1669 3.1333330572e-05 0.0 0.0
1670 3.1333330572e-05 0.0 0.0
1671 3.1333330572e-05 0.0 0.0
1672 3.1333330572e-05 0.0 0.0
1673 3.1333330572e-05 0.0 0.0
1674 3.1333330572e-05 0.0 0.0
1675 3.1333330572e-05 0.0 0.0
1676 3.1333330572e-05 0.0 0.0
1677 3.1333330572e-05 0.0 0.0
1678 3.1333330572e-05 0.0 0.0
1679 3.1333330572e-05 0.0 0.0
1680 3.1333330572e-05 0.0 0.0
1681 3.1333330572e-05 0.0 0.0
1682 3.1333330572e-05 0.0 0.0
1683 3.1333330572e-05 0.0 0.0
1684 3.1333330572e-05 0.0 0.0
1685 3.1333330572e-05 0.0 0.0
1686 3.1333330572e-05 0.0 0.0
1687 3.1333330572e-05 0.0 0.0
1688 3.1333330572e-05 0.0 0.0
1689 3.1333330572e-05 0.0 0.0
1690 3.1333330572e-05 0.0 0.0
1691 3.1333330572e-05 0.0 0.0
1692 3.1333330572e-05 0.0 0.0
1693 3.1333330572e-05 0.0 0.0
1694 3.1333330572e-05 0.0 0.0
1695 3.1333330572e-05 0.0 0.0
1696 3.1333330572e-05 0.0 0.0
1697 3.1333330572e-05 0.0 0.0
1698 3.1333330572e-05 0.0 0.0
1699 3.1333330572e-05 0.0 0.0
1700 3.1333330572e-05 0.0 0.0
1701 3.1333330572e-05 0.0 0.0
1702 3.1333330572e-05 0.0 0.0
1703 3.1333330572e-05 0.0 0.0
1704 3.1333330572e-05 0.0 0.0
1705 3.1333330572e-05 0.0 0.0
1706 3.1333330572e-05 0.0 0.0
1707 3.1333330572e-05 0.0 0.0
1708 3.1333330572e-05 0.0 0.0
1709 3.1333330572e-05 0.0 0.0
1710 3.1333330572e-05 0.0 0.0
1711 3.1333330572e-05 0.0 0.0
1712 3.1333330572e-05 0.0 0.0
1713 3.1333330572e-05 0.0 0.0
1714 3.1333330572e-05 0.0 0.0
1715 3.1333330572e-05 0.0 0.0
1716 3.1333330572e-05 0.0 0.0
1717 3.1333330572e-05 0.0 0.0
1718 3.1333330572e-05 0.0 0.0
1719 3.1333330572e-05 0.0 0.0
1720 3.1333330572e-05 0.0 0.0
1721 3.1333330572e-05 0.0 0.0
1722 3.1333330572e-05 0.0 0.0
1723 3.1333330572e-05 0.0 0.0
1724 3.1333330572e-05 0.0 0.0
1725 3.1333330572e-05 0.0 0.0
1726 3.1333330572e-05 0.0 0.0
1727 3.1333330572e-05 0.0 0.0
1728 3.1333330572e-05 0.0 0.0
1729 3.1333330572e-05 0.0 0.0
1730 3.1333330572e-05 0.0 0.0
1731 3.1333330572e-05 0.0 0.0
1732 3.1333330572e-05 0.0 0.0
1733 3.1333330572e-05 0.0 0.0
1734 3.1333330572e-05 0.0 0.0
1735 3.1333330572e-05 0.0 0.0
1736 3.1333330572e-05 0.0 0.0
1737 3.1333330572e-05 0.0 0.0
1738 3.1333330572e-05 0.0 0.0
1739 3.1333330572e-05 0.0 0.0
1740 3.1333330572e-05 0.0 0.0
1741 3.1333330572e-05 0.0 0.0
1742 3.1333330572e-05 0.0 0.0
1743 3.1333330572e-05 0.0 0.0
1744 3.1333330572e-05 0.0 0.0
1745 3.1333330572e-05 0.0 0.0
1746 3.1333330572e-05 0.0 0.0
1747 3.1333330572e-05 0.0 0.0
1748 3.1333330572e-05 0.0 0.0
1749 3.1333330572e-05 0.0 0.0
1750 3.1333330572e-05 0.0 0.0
