0 0.0 0.0 0.0
1 0.0 0.0 0.0
2 0.00474161350026 0.0 0.0
3 0.00474161350026 0.0 0.0
4 0.00474161350026 0.0 0.0
5 0.00474161350026 0.0 0.0
6 0.00474161350026 0.0 0.0
7 0.00474161350026 0.0 0.0
8 0.00474161350026 0.0 0.0
9 0.00474161350026 0.0 0.0
10 0.00474161350026 0.0 0.0
11 0.00474161350026 0.0 0.0
12 0.00474161350026 0.0 0.0
13 0.00474161350026 0.0 0.0
14 0.00474161350026 0.0 0.0
15 0.00474161350026 0.0 0.0
16 0.00474161350026 0.0 0.0
17 0.00474161350026 0.0 0.0
18 0.00474161350026 0.0 0.0
19 0.00474161350026 0.0 0.0
20 0.00474161350026 0.0 0.0
21 0.00474161350026 0.0 0.0
22 0.00474161350026 0.0 0.0
23 0.00474161350026 0.0 0.0
24 0.00474161350026 0.0 0.0
25 0.00474161350026 0.0 0.0
26 0.00474161350026 0.0 0.0
27 0.00474161350026 0.0 0.0
28 0.00474161350026 0.0 0.0
29 0.00474161350026 0.0 0.0
30 0.00474161350026 0.0 0.0
31 0.00474161350026 0.0 0.0
32 0.00474161350026 0.0 0.0
33 0.00474161350026 0.0 0.0
34 0.00474161350026 0.0 0.0
35 0.00474161350026 0.0 0.0
36 0.00474161350026 0.0 0.0
37 0.00474161350026 0.0 0.0
38 0.00474161350026 0.0 0.0
39 0.00474161350026 0.0 0.0
40 0.00474161350026 0.0 0.0
41 0.00474161350026 0.0 0.0
42 0.00474161350026 0.0 0.0
43 0.00474161350026 0.0 0.0
44 0.00474161350026 0.0 0.0
45 0.00474161350026 0.0 0.0
46 0.00474161350026 0.0 0.0
47 0.00474161350026 0.0 0.0
48 0.00474161350026 0.0 0.0
49 0.00474161350026 0.0 0.0
50 0.00474161350026 0.0 0.0
51 -0.00334552470061 0.0 0.0
52 -0.00334552470061 0.0 0.0
53 -0.00334552470061 0.0 0.0
54 -0.00334552470061 0.0 0.0
55 -0.00334552470061 0.0 0.0
56 -0.00334552470061 0.0 0.0
57 -0.00334552470061 0.0 0.0
58 -0.00334552470061 0.0 0.0
59 -0.00334552470061 0.0 0.0
60 -0.00334552470061 0.0 0.0
61 -0.00334552470061 0.0 0.0
62 -0.00334552470061 0.0 0.0
63 -0.00334552470061 0.0 0.0
64 -0.00334552470061 0.0 0.0
65 -0.00334552470061 0.0 0.0
66 -0.00334552470061 0.0 0.0
67 -0.00334552470061 0.0 0.0
68 -0.00334552470061 0.0 0.0
69 -0.00334552470061 0.0 0.0
70 -0.00334552470061 0.0 0.0
71 -0.00334552470061 0.0 0.0
72 -0.00334552470061 0.0 0.0
73 -0.00334552470061 0.0 0.0
74 -0.00334552470061 0.0 0.0
75 -0.00334552470061 0.0 0.0
76 -0.00334552470061 0.0 0.0
77 -0.00334552470061 0.0 0.0
78 -0.00334552470061 0.0 0.0
79 -0.00334552470061 0.0 0.0
80 -0.00334552470061 0.0 0.0
81 -0.00334552470061 0.0 0.0
82 -0.00334552470061 0.0 0.0
83 -0.00334552470061 0.0 0.0
84 -0.00334552470061 0.0 0.0
85 -0.00334552470061 0.0 0.0
86 -0.00334552470061 0.0 0.0
87 -0.00334552470061 0.0 0.0
88 -0.00334552470061 0.0 0.0
89 -0.00334552470061 0.0 0.0
90 -0.00334552470061 0.0 0.0
91 -0.00334552470061 0.0 0.0
92 -0.00334552470061 0.0 0.0
93 -0.00334552470061 0.0 0.0
94 -0.00334552470061 0.0 0.0
95 -0.00334552470061 0.0 0.0
96 -0.00334552470061 0.0 0.0
97 -0.00334552470061 0.0 0.0
98 -0.00334552470061 0.0 0.0
99 -0.00334552470061 0.0 0.0
100 -0.00334552470061 0.0 0.0
101 -0.000780413984387 0.00150472071327 -0.0780493503533
102 -0.000780413984387 0.00150472071327 -0.0780493503533
103 -0.000780413984387 0.00150472071327 -0.0780493503533
104 -0.000780413984387 0.00150472071327 -0.0780493503533
105 -0.000780413984387 0.00150472071327 -0.0780493503533
106 -0.000780413984387 0.00150472071327 -0.0780493503533
107 -0.000780413984387 0.00150472071327 -0.0780493503533
108 -0.000780413984387 0.00150472071327 -0.0780493503533
109 -0.000780413984387 0.00150472071327 -0.0780493503533
110 -0.000780413984387 0.00150472071327 -0.0780493503533
111 -0.000780413984387 0.00150472071327 -0.0780493503533
112 -0.000780413984387 0.00150472071327 -0.0780493503533
113 -0.000780413984387 0.00150472071327 -0.0780493503533
114 -0.000780413984387 0.00150472071327 -0.0780493503533
115 -0.000780413984387 0.00150472071327 -0.0780493503533
116 -0.000780413984387 0.00150472071327 -0.0780493503533
117 -0.000780413984387 0.00150472071327 -0.0780493503533
118 -0.000780413984387 0.00150472071327 -0.0780493503533
119 -0.000780413984387 0.00150472071327 -0.0780493503533
120 -0.000780413984387 0.00150472071327 -0.0780493503533
121 -0.000780413984387 0.00150472071327 -0.0780493503533
122 -0.000780413984387 0.00150472071327 -0.0780493503533
123 -0.000780413984387 0.00150472071327 -0.0780493503533
124 -0.000780413984387 0.00150472071327 -0.0780493503533
125 -0.000780413984387 0.00150472071327 -0.0780493503533
126 -0.000780413984387 0.00150472071327 -0.0780493503533
127 -0.000780413984387 0.00150472071327 -0.0780493503533
128 -0.000780413984387 0.00150472071327 -0.0780493503533
129 -0.000780413984387 0.00150472071327 -0.0780493503533
130 -0.000780413984387 0.00150472071327 -0.0780493503533
131 -0.000780413984387 0.00150472071327 -0.0780493503533
132 -0.000780413984387 0.00150472071327 -0.0780493503533
133 -0.000780413984387 0.00150472071327 -0.0780493503533
134 -0.000780413984387 0.00150472071327 -0.0780493503533
135 -0.000780413984387 0.00150472071327 -0.0780493503533
136 -0.000780413984387 0.00150472071327 -0.0780493503533
137 -0.000780413984387 0.00150472071327 -0.0780493503533
138 -0.000780413984387 0.00150472071327 -0.0780493503533
139 -0.000780413984387 0.00150472071327 -0.0780493503533
140 -0.000780413984387 0.00150472071327 -0.0780493503533
141 -0.000780413984387 0.00150472071327 -0.0780493503533
142 -0.000780413984387 0.00150472071327 -0.0780493503533
143 -0.000780413984387 0.00150472071327 -0.0780493503533
144 -0.000780413984387 0.00150472071327 -0.0780493503533
145 -0.000780413984387 0.00150472071327 -0.0780493503533
146 -0.000780413984387 0.00150472071327 -0.0780493503533
147 -0.000780413984387 0.00150472071327 -0.0780493503533
148 -0.000780413984387 0.00150472071327 -0.0780493503533
149 -0.000780413984387 0.00150472071327 -0.0780493503533
150 -0.000780413984387 0.00150472071327 -0.0780493503533
151 -0.00167829196536 0.00150472071327 -0.0780493503533
152 -0.00167829196536 0.00150472071327 -0.0780493503533
153 -0.00167829196536 0.00150472071327 -0.0780493503533
154 -0.00167829196536 0.00150472071327 -0.0780493503533
155 -0.00167829196536 0.00150472071327 -0.0780493503533
156 -0.00167829196536 0.00150472071327 -0.0780493503533
157 -0.00167829196536 0.00150472071327 -0.0780493503533
158 -0.00167829196536 0.00150472071327 -0.0780493503533
159 -0.00167829196536 0.00150472071327 -0.0780493503533
160 -0.00167829196536 0.00150472071327 -0.0780493503533
161 -0.00167829196536 0.00150472071327 -0.0780493503533
162 -0.00167829196536 0.00150472071327 -0.0780493503533
163 -0.00167829196536 0.00150472071327 -0.0780493503533
164 -0.00167829196536 0.00150472071327 -0.0780493503533
165 -0.00167829196536 0.00150472071327 -0.0780493503533
166 -0.00167829196536 0.00150472071327 -0.0780493503533
167 -0.00167829196536 0.00150472071327 -0.0780493503533
168 -0.00167829196536 0.00150472071327 -0.0780493503533
169 -0.00167829196536 0.00150472071327 -0.0780493503533
170 -0.00167829196536 0.00150472071327 -0.0780493503533
171 -0.00167829196536 0.00150472071327 -0.0780493503533
172 -0.00167829196536 0.00150472071327 -0.0780493503533
173 -0.00167829196536 0.00150472071327 -0.0780493503533
174 -0.00167829196536 0.00150472071327 -0.0780493503533
175 -0.00167829196536 0.00150472071327 -0.0780493503533
176 -0.00167829196536 0.00150472071327 -0.0780493503533
177 -0.00167829196536 0.00150472071327 -0.0780493503533
178 -0.00167829196536 0.00150472071327 -0.0780493503533
179 -0.00167829196536 0.00150472071327 -0.0780493503533
180 -0.00167829196536 0.00150472071327 -0.0780493503533
181 -0.00167829196536 0.00150472071327 -0.0780493503533
182 -0.00167829196536 0.00150472071327 -0.0780493503533
183 -0.00167829196536 0.00150472071327 -0.0780493503533
184 -0.00167829196536 0.00150472071327 -0.0780493503533
185 -0.00167829196536 0.00150472071327 -0.0780493503533
186 -0.00167829196536 0.00150472071327 -0.0780493503533
187 -0.00167829196536 0.00150472071327 -0.0780493503533
188 -0.00167829196536 0.00150472071327 -0.0780493503533
189 -0.00167829196536 0.00150472071327 -0.0780493503533
190 -0.00167829196536 0.00150472071327 -0.0780493503533
191 -0.00167829196536 0.00150472071327 -0.0780493503533
192 -0.00167829196536 0.00150472071327 -0.0780493503533
193 -0.00167829196536 0.00150472071327 -0.0780493503533
194 -0.00167829196536 0.00150472071327 -0.0780493503533
195 -0.00167829196536 0.00150472071327 -0.0780493503533
196 -0.00167829196536 0.00150472071327 -0.0780493503533
197 -0.00167829196536 0.00150472071327 -0.0780493503533
198 -0.00167829196536 0.00150472071327 -0.0780493503533
199 -0.00167829196536 0.00150472071327 -0.0780493503533
200 -0.00167829196536 0.00150472071327 -0.0780493503533
201 -4.74546793544e-05 -0.00388890607544 0.0946903124699
202 -4.74546793544e-05 -0.00388890607544 0.0946903124699
203 -4.74546793544e-05 -0.00388890607544 0.0946903124699
204 -4.74546793544e-05 -0.00388890607544 0.0946903124699
205 -4.74546793544e-05 -0.00388890607544 0.0946903124699
206 -4.74546793544e-05 -0.00388890607544 0.0946903124699
207 -4.74546793544e-05 -0.00388890607544 0.0946903124699
208 -4.74546793544e-05 -0.00388890607544 0.0946903124699
209 -4.74546793544e-05 -0.00388890607544 0.0946903124699
210 -4.74546793544e-05 -0.00388890607544 0.0946903124699
211 -4.74546793544e-05 -0.00388890607544 0.0946903124699
212 -4.74546793544e-05 -0.00388890607544 0.0946903124699
213 -4.74546793544e-05 -0.00388890607544 0.0946903124699
214 -4.74546793544e-05 -0.00388890607544 0.0946903124699
215 -4.74546793544e-05 -0.00388890607544 0.0946903124699
216 -4.74546793544e-05 -0.00388890607544 0.0946903124699
217 -4.74546793544e-05 -0.00388890607544 0.0946903124699
218 -4.74546793544e-05 -0.00388890607544 0.0946903124699
219 -4.74546793544e-05 -0.00388890607544 0.0946903124699
220 -4.74546793544e-05 -0.00388890607544 0.0946903124699
221 -4.74546793544e-05 -0.00388890607544 0.0946903124699
222 -4.74546793544e-05 -0.00388890607544 0.0946903124699
223 -4.74546793544e-05 -0.00388890607544 0.0946903124699
224 -4.74546793544e-05 -0.00388890607544 0.0946903124699
225 -4.74546793544e-05 -0.00388890607544 0.0946903124699
226 -4.74546793544e-05 -0.00388890607544 0.0946903124699
227 -4.74546793544e-05 -0.00388890607544 0.0946903124699
228 -4.74546793544e-05 -0.00388890607544 0.0946903124699
229 -4.74546793544e-05 -0.00388890607544 0.0946903124699
230 -4.74546793544e-05 -0.00388890607544 0.0946903124699
231 -4.74546793544e-05 -0.00388890607544 0.0946903124699
232 -4.74546793544e-05 -0.00388890607544 0.0946903124699
233 -4.74546793544e-05 -0.00388890607544 0.0946903124699
234 -4.74546793544e-05 -0.00388890607544 0.0946903124699
235 -4.74546793544e-05 -0.00388890607544 0.0946903124699
236 -4.74546793544e-05 -0.00388890607544 0.0946903124699
237 -4.74546793544e-05 -0.00388890607544 0.0946903124699
238 -4.74546793544e-05 -0.00388890607544 0.0946903124699
239 -4.74546793544e-05 -0.00388890607544 0.0946903124699
240 -4.74546793544e-05 -0.00388890607544 0.0946903124699
241 -4.74546793544e-05 -0.00388890607544 0.0946903124699
242 -4.74546793544e-05 -0.00388890607544 0.0946903124699
243 -4.74546793544e-05 -0.00388890607544 0.0946903124699
244 -4.74546793544e-05 -0.00388890607544 0.0946903124699
245 -4.74546793544e-05 -0.00388890607544 0.0946903124699
246 -4.74546793544e-05 -0.00388890607544 0.0946903124699
247 -4.74546793544e-05 -0.00388890607544 0.0946903124699
248 -4.74546793544e-05 -0.00388890607544 0.0946903124699
249 -4.74546793544e-05 -0.00388890607544 0.0946903124699
250 -4.74546793544e-05 -0.00388890607544 0.0946903124699
251 -0.000782926030748 -0.00388890607544 0.0946903124699
252 -0.000782926030748 -0.00388890607544 0.0946903124699
253 -0.000782926030748 -0.00388890607544 0.0946903124699
254 -0.000782926030748 -0.00388890607544 0.0946903124699
255 -0.000782926030748 -0.00388890607544 0.0946903124699
256 -0.000782926030748 -0.00388890607544 0.0946903124699
257 -0.000782926030748 -0.00388890607544 0.0946903124699
258 -0.000782926030748 -0.00388890607544 0.0946903124699
259 -0.000782926030748 -0.00388890607544 0.0946903124699
260 -0.000782926030748 -0.00388890607544 0.0946903124699
261 -0.000782926030748 -0.00388890607544 0.0946903124699
262 -0.000782926030748 -0.00388890607544 0.0946903124699
263 -0.000782926030748 -0.00388890607544 0.0946903124699
264 -0.000782926030748 -0.00388890607544 0.0946903124699
265 -0.000782926030748 -0.00388890607544 0.0946903124699
266 -0.000782926030748 -0.00388890607544 0.0946903124699
267 -0.000782926030748 -0.00388890607544 0.0946903124699
268 -0.000782926030748 -0.00388890607544 0.0946903124699
269 -0.000782926030748 -0.00388890607544 0.0946903124699
270 -0.000782926030748 -0.00388890607544 0.0946903124699
271 -0.000782926030748 -0.00388890607544 0.0946903124699
272 -0.000782926030748 -0.00388890607544 0.0946903124699
273 -0.000782926030748 -0.00388890607544 0.0946903124699
274 -0.000782926030748 -0.00388890607544 0.0946903124699
275 -0.000782926030748 -0.00388890607544 0.0946903124699
276 -0.000782926030748 -0.00388890607544 0.0946903124699
277 -0.000782926030748 -0.00388890607544 0.0946903124699
278 -0.000782926030748 -0.00388890607544 0.0946903124699
279 -0.000782926030748 -0.00388890607544 0.0946903124699
280 -0.000782926030748 -0.00388890607544 0.0946903124699
281 -0.000782926030748 -0.00388890607544 0.0946903124699
282 -0.000782926030748 -0.00388890607544 0.0946903124699
283 -0.000782926030748 -0.00388890607544 0.0946903124699
284 -0.000782926030748 -0.00388890607544 0.0946903124699
285 -0.000782926030748 -0.00388890607544 0.0946903124699
286 -0.000782926030748 -0.00388890607544 0.0946903124699
287 -0.000782926030748 -0.00388890607544 0.0946903124699
288 -0.000782926030748 -0.00388890607544 0.0946903124699
289 -0.000782926030748 -0.00388890607544 0.0946903124699
290 -0.000782926030748 -0.00388890607544 0.0946903124699
291 -0.000782926030748 -0.00388890607544 0.0946903124699
292 -0.000782926030748 -0.00388890607544 0.0946903124699
293 -0.000782926030748 -0.00388890607544 0.0946903124699
294 -0.000782926030748 -0.00388890607544 0.0946903124699
295 -0.000782926030748 -0.00388890607544 0.0946903124699
296 -0.000782926030748 -0.00388890607544 0.0946903124699
297 -0.000782926030748 -0.00388890607544 0.0946903124699
298 -0.000782926030748 -0.00388890607544 0.0946903124699
299 -0.000782926030748 -0.00388890607544 0.0946903124699
300 -0.000782926030748 -0.00388890607544 0.0946903124699
301 -0.000317619591866 0.000142469837053 0.0225951491959
302 -0.000317619591866 0.000142469837053 0.0225951491959
303 -0.000317619591866 0.000142469837053 0.0225951491959
304 -0.000317619591866 0.000142469837053 0.0225951491959
305 -0.000317619591866 0.000142469837053 0.0225951491959
306 -0.000317619591866 0.000142469837053 0.0225951491959
307 -0.000317619591866 0.000142469837053 0.0225951491959
308 -0.000317619591866 0.000142469837053 0.0225951491959
309 -0.000317619591866 0.000142469837053 0.0225951491959
310 -0.000317619591866 0.000142469837053 0.0225951491959
311 -0.000317619591866 0.000142469837053 0.0225951491959
312 -0.000317619591866 0.000142469837053 0.0225951491959
313 -0.000317619591866 0.000142469837053 0.0225951491959
314 -0.000317619591866 0.000142469837053 0.0225951491959
315 -0.000317619591866 0.000142469837053 0.0225951491959
316 -0.000317619591866 0.000142469837053 0.0225951491959
317 -0.000317619591866 0.000142469837053 0.0225951491959
318 -0.000317619591866 0.000142469837053 0.0225951491959
319 -0.000317619591866 0.000142469837053 0.0225951491959
320 -0.000317619591866 0.000142469837053 0.0225951491959
321 -0.000317619591866 0.000142469837053 0.0225951491959
322 -0.000317619591866 0.000142469837053 0.0225951491959
323 -0.000317619591866 0.000142469837053 0.0225951491959
324 -0.000317619591866 0.000142469837053 0.0225951491959
325 -0.000317619591866 0.000142469837053 0.0225951491959
326 -0.000317619591866 0.000142469837053 0.0225951491959
327 -0.000317619591866 0.000142469837053 0.0225951491959
328 -0.000317619591866 0.000142469837053 0.0225951491959
329 -0.000317619591866 0.000142469837053 0.0225951491959
330 -0.000317619591866 0.000142469837053 0.0225951491959
331 -0.000317619591866 0.000142469837053 0.0225951491959
332 -0.000317619591866 0.000142469837053 0.0225951491959
333 -0.000317619591866 0.000142469837053 0.0225951491959
334 -0.000317619591866 0.000142469837053 0.0225951491959
335 -0.000317619591866 0.000142469837053 0.0225951491959
336 -0.000317619591866 0.000142469837053 0.0225951491959
337 -0.000317619591866 0.000142469837053 0.0225951491959
338 -0.000317619591866 0.000142469837053 0.0225951491959
339 -0.000317619591866 0.000142469837053 0.0225951491959
340 -0.000317619591866 0.000142469837053 0.0225951491959
341 -0.000317619591866 0.000142469837053 0.0225951491959
342 -0.000317619591866 0.000142469837053 0.0225951491959
343 -0.000317619591866 0.000142469837053 0.0225951491959
344 -0.000317619591866 0.000142469837053 0.0225951491959
345 -0.000317619591866 0.000142469837053 0.0225951491959
346 -0.000317619591866 0.000142469837053 0.0225951491959
347 -0.000317619591866 0.000142469837053 0.0225951491959
348 -0.000317619591866 0.000142469837053 0.0225951491959
349 -0.000317619591866 0.000142469837053 0.0225951491959
350 -0.000317619591866 0.000142469837053 0.0225951491959
351 -0.00429229431147 0.000142469837053 0.0225951491959
352 -0.00429229431147 0.000142469837053 0.0225951491959
353 -0.00429229431147 0.000142469837053 0.0225951491959
354 -0.00429229431147 0.000142469837053 0.0225951491959
355 -0.00429229431147 0.000142469837053 0.0225951491959
356 -0.00429229431147 0.000142469837053 0.0225951491959
357 -0.00429229431147 0.000142469837053 0.0225951491959
358 -0.00429229431147 0.000142469837053 0.0225951491959
359 -0.00429229431147 0.000142469837053 0.0225951491959
360 -0.00429229431147 0.000142469837053 0.0225951491959
361 -0.00429229431147 0.000142469837053 0.0225951491959
362 -0.00429229431147 0.000142469837053 0.0225951491959
363 -0.00429229431147 0.000142469837053 0.0225951491959
364 -0.00429229431147 0.000142469837053 0.0225951491959
365 -0.00429229431147 0.000142469837053 0.0225951491959
366 -0.00429229431147 0.000142469837053 0.0225951491959
367 -0.00429229431147 0.000142469837053 0.0225951491959
368 -0.00429229431147 0.000142469837053 0.0225951491959
369 -0.00429229431147 0.000142469837053 0.0225951491959
370 -0.00429229431147 0.000142469837053 0.0225951491959
371 -0.00429229431147 0.000142469837053 0.0225951491959
372 -0.00429229431147 0.000142469837053 0.0225951491959
373 -0.00429229431147 0.000142469837053 0.0225951491959
374 -0.00429229431147 0.000142469837053 0.0225951491959
375 -0.00429229431147 0.000142469837053 0.0225951491959
376 -0.00429229431147 0.000142469837053 0.0225951491959
377 -0.00429229431147 0.000142469837053 0.0225951491959
378 -0.00429229431147 0.000142469837053 0.0225951491959
379 -0.00429229431147 0.000142469837053 0.0225951491959
380 -0.00429229431147 0.000142469837053 0.0225951491959
381 -0.00429229431147 0.000142469837053 0.0225951491959
382 -0.00429229431147 0.000142469837053 0.0225951491959
383 -0.00429229431147 0.000142469837053 0.0225951491959
384 -0.00429229431147 0.000142469837053 0.0225951491959
385 -0.00429229431147 0.000142469837053 0.0225951491959
386 -0.00429229431147 0.000142469837053 0.0225951491959
387 -0.00429229431147 0.000142469837053 0.0225951491959
388 -0.00429229431147 0.000142469837053 0.0225951491959
389 -0.00429229431147 0.000142469837053 0.0225951491959
390 -0.00429229431147 0.000142469837053 0.0225951491959
391 -0.00429229431147 0.000142469837053 0.0225951491959
392 -0.00429229431147 0.000142469837053 0.0225951491959
393 -0.00429229431147 0.000142469837053 0.0225951491959
394 -0.00429229431147 0.000142469837053 0.0225951491959
395 -0.00429229431147 0.000142469837053 0.0225951491959
396 -0.00429229431147 0.000142469837053 0.0225951491959
397 -0.00429229431147 0.000142469837053 0.0225951491959
398 -0.00429229431147 0.000142469837053 0.0225951491959
399 -0.00429229431147 0.000142469837053 0.0225951491959
400 -0.00429229431147 0.000142469837053 0.0225951491959
401 -0.00212901605871 -0.00392322006985 0.0576798790777
402 -0.00212901605871 -0.00392322006985 0.0576798790777
403 -0.00212901605871 -0.00392322006985 0.0576798790777
404 -0.00212901605871 -0.00392322006985 0.0576798790777
405 -0.00212901605871 -0.00392322006985 0.0576798790777
406 -0.00212901605871 -0.00392322006985 0.0576798790777
407 -0.00212901605871 -0.00392322006985 0.0576798790777
408 -0.00212901605871 -0.00392322006985 0.0576798790777
409 -0.00212901605871 -0.00392322006985 0.0576798790777
410 -0.00212901605871 -0.00392322006985 0.0576798790777
411 -0.00212901605871 -0.00392322006985 0.0576798790777
412 -0.00212901605871 -0.00392322006985 0.0576798790777
413 -0.00212901605871 -0.00392322006985 0.0576798790777
414 -0.00212901605871 -0.00392322006985 0.0576798790777
415 -0.00212901605871 -0.00392322006985 0.0576798790777
416 -0.00212901605871 -0.00392322006985 0.0576798790777
417 -0.00212901605871 -0.00392322006985 0.0576798790777
418 -0.00212901605871 -0.00392322006985 0.0576798790777
419 -0.00212901605871 -0.00392322006985 0.0576798790777
420 -0.00212901605871 -0.00392322006985 0.0576798790777
421 -0.00212901605871 -0.00392322006985 0.0576798790777
422 -0.00212901605871 -0.00392322006985 0.0576798790777
423 -0.00212901605871 -0.00392322006985 0.0576798790777
424 -0.00212901605871 -0.00392322006985 0.0576798790777
425 -0.00212901605871 -0.00392322006985 0.0576798790777
426 -0.00212901605871 -0.00392322006985 0.0576798790777
427 -0.00212901605871 -0.00392322006985 0.0576798790777
428 -0.00212901605871 -0.00392322006985 0.0576798790777
429 -0.00212901605871 -0.00392322006985 0.0576798790777
430 -0.00212901605871 -0.00392322006985 0.0576798790777
431 -0.00212901605871 -0.00392322006985 0.0576798790777
432 -0.00212901605871 -0.00392322006985 0.0576798790777
433 -0.00212901605871 -0.00392322006985 0.0576798790777
434 -0.00212901605871 -0.00392322006985 0.0576798790777
435 -0.00212901605871 -0.00392322006985 0.0576798790777
436 -0.00212901605871 -0.00392322006985 0.0576798790777
437 -0.00212901605871 -0.00392322006985 0.0576798790777
438 -0.00212901605871 -0.00392322006985 0.0576798790777
439 -0.00212901605871 -0.00392322006985 0.0576798790777
440 -0.00212901605871 -0.00392322006985 0.0576798790777
441 -0.00212901605871 -0.00392322006985 0.0576798790777
442 -0.00212901605871 -0.00392322006985 0.0576798790777
443 -0.00212901605871 -0.00392322006985 0.0576798790777
444 -0.00212901605871 -0.00392322006985 0.0576798790777
445 -0.00212901605871 -0.00392322006985 0.0576798790777
446 -0.00212901605871 -0.00392322006985 0.0576798790777
447 -0.00212901605871 -0.00392322006985 0.0576798790777
448 -0.00212901605871 -0.00392322006985 0.0576798790777
449 -0.00212901605871 -0.00392322006985 0.0576798790777
450 -0.00212901605871 -0.00392322006985 0.0576798790777
451 -0.00770764186996 -0.00392322006985 0.0576798790777
452 -0.00770764186996 -0.00392322006985 0.0576798790777
453 -0.00770764186996 -0.00392322006985 0.0576798790777
454 -0.00770764186996 -0.00392322006985 0.0576798790777
455 -0.00770764186996 -0.00392322006985 0.0576798790777
456 -0.00770764186996 -0.00392322006985 0.0576798790777
457 -0.00770764186996 -0.00392322006985 0.0576798790777
458 -0.00770764186996 -0.00392322006985 0.0576798790777
459 -0.00770764186996 -0.00392322006985 0.0576798790777
460 -0.00770764186996 -0.00392322006985 0.0576798790777
461 -0.00770764186996 -0.00392322006985 0.0576798790777
462 -0.00770764186996 -0.00392322006985 0.0576798790777
463 -0.00770764186996 -0.00392322006985 0.0576798790777
464 -0.00770764186996 -0.00392322006985 0.0576798790777
465 -0.00770764186996 -0.00392322006985 0.0576798790777
466 -0.00770764186996 -0.00392322006985 0.0576798790777
467 -0.00770764186996 -0.00392322006985 0.0576798790777
468 -0.00770764186996 -0.00392322006985 0.0576798790777
469 -0.00770764186996 -0.00392322006985 0.0576798790777
470 -0.00770764186996 -0.00392322006985 0.0576798790777
471 -0.00770764186996 -0.00392322006985 0.0576798790777
472 -0.00770764186996 -0.00392322006985 0.0576798790777
473 -0.00770764186996 -0.00392322006985 0.0576798790777
474 -0.00770764186996 -0.00392322006985 0.0576798790777
475 -0.00770764186996 -0.00392322006985 0.0576798790777
476 -0.00770764186996 -0.00392322006985 0.0576798790777
477 -0.00770764186996 -0.00392322006985 0.0576798790777
478 -0.00770764186996 -0.00392322006985 0.0576798790777
479 -0.00770764186996 -0.00392322006985 0.0576798790777
480 -0.00770764186996 -0.00392322006985 0.0576798790777
481 -0.00770764186996 -0.00392322006985 0.0576798790777
482 -0.00770764186996 -0.00392322006985 0.0576798790777
483 -0.00770764186996 -0.00392322006985 0.0576798790777
484 -0.00770764186996 -0.00392322006985 0.0576798790777
485 -0.00770764186996 -0.00392322006985 0.0576798790777
486 -0.00770764186996 -0.00392322006985 0.0576798790777
487 -0.00770764186996 -0.00392322006985 0.0576798790777
488 -0.00770764186996 -0.00392322006985 0.0576798790777
489 -0.00770764186996 -0.00392322006985 0.0576798790777
490 -0.00770764186996 -0.00392322006985 0.0576798790777
491 -0.00770764186996 -0.00392322006985 0.0576798790777
492 -0.00770764186996 -0.00392322006985 0.0576798790777
493 -0.00770764186996 -0.00392322006985 0.0576798790777
494 -0.00770764186996 -0.00392322006985 0.0576798790777
495 -0.00770764186996 -0.00392322006985 0.0576798790777
496 -0.00770764186996 -0.00392322006985 0.0576798790777
497 -0.00770764186996 -0.00392322006985 0.0576798790777
498 -0.00770764186996 -0.00392322006985 0.0576798790777
499 -0.00770764186996 -0.00392322006985 0.0576798790777
500 -0.00770764186996 -0.00392322006985 0.0576798790777
501 -0.0035132179036 0.0116853096903 0.0887166404726
502 -0.0035132179036 0.0116853096903 0.0887166404726
503 -0.0035132179036 0.0116853096903 0.0887166404726
504 -0.0035132179036 0.0116853096903 0.0887166404726
505 -0.0035132179036 0.0116853096903 0.0887166404726
506 -0.0035132179036 0.0116853096903 0.0887166404726
507 -0.0035132179036 0.0116853096903 0.0887166404726
508 -0.0035132179036 0.0116853096903 0.0887166404726
509 -0.0035132179036 0.0116853096903 0.0887166404726
510 -0.0035132179036 0.0116853096903 0.0887166404726
511 -0.0035132179036 0.0116853096903 0.0887166404726
512 -0.0035132179036 0.0116853096903 0.0887166404726
513 -0.0035132179036 0.0116853096903 0.0887166404726
514 -0.0035132179036 0.0116853096903 0.0887166404726
515 -0.0035132179036 0.0116853096903 0.0887166404726
516 -0.0035132179036 0.0116853096903 0.0887166404726
517 -0.0035132179036 0.0116853096903 0.0887166404726
518 -0.0035132179036 0.0116853096903 0.0887166404726
519 -0.0035132179036 0.0116853096903 0.0887166404726
520 -0.0035132179036 0.0116853096903 0.0887166404726
521 -0.0035132179036 0.0116853096903 0.0887166404726
522 -0.0035132179036 0.0116853096903 0.0887166404726
523 -0.0035132179036 0.0116853096903 0.0887166404726
524 -0.0035132179036 0.0116853096903 0.0887166404726
525 -0.0035132179036 0.0116853096903 0.0887166404726
526 -0.0035132179036 0.0116853096903 0.0887166404726
527 -0.0035132179036 0.0116853096903 0.0887166404726
528 -0.0035132179036 0.0116853096903 0.0887166404726
529 -0.0035132179036 0.0116853096903 0.0887166404726
530 -0.0035132179036 0.0116853096903 0.0887166404726
531 -0.0035132179036 0.0116853096903 0.0887166404726
532 -0.0035132179036 0.0116853096903 0.0887166404726
533 -0.0035132179036 0.0116853096903 0.0887166404726
534 -0.0035132179036 0.0116853096903 0.0887166404726
535 -0.0035132179036 0.0116853096903 0.0887166404726
536 -0.0035132179036 0.0116853096903 0.0887166404726
537 -0.0035132179036 0.0116853096903 0.0887166404726
538 -0.0035132179036 0.0116853096903 0.0887166404726
539 -0.0035132179036 0.0116853096903 0.0887166404726
540 -0.0035132179036 0.0116853096903 0.0887166404726
541 -0.0035132179036 0.0116853096903 0.0887166404726
542 -0.0035132179036 0.0116853096903 0.0887166404726
543 -0.0035132179036 0.0116853096903 0.0887166404726
544 -0.0035132179036 0.0116853096903 0.0887166404726
545 -0.0035132179036 0.0116853096903 0.0887166404726
546 -0.0035132179036 0.0116853096903 0.0887166404726
547 -0.0035132179036 0.0116853096903 0.0887166404726
548 -0.0035132179036 0.0116853096903 0.0887166404726
549 -0.0035132179036 0.0116853096903 0.0887166404726
550 -0.0035132179036 0.0116853096903 0.0887166404726
551 -0.00379268150767 0.0116853096903 0.0887166404726
552 -0.00379268150767 0.0116853096903 0.0887166404726
553 -0.00379268150767 0.0116853096903 0.0887166404726
554 -0.00379268150767 0.0116853096903 0.0887166404726
555 -0.00379268150767 0.0116853096903 0.0887166404726
556 -0.00379268150767 0.0116853096903 0.0887166404726
557 -0.00379268150767 0.0116853096903 0.0887166404726
558 -0.00379268150767 0.0116853096903 0.0887166404726
559 -0.00379268150767 0.0116853096903 0.0887166404726
560 -0.00379268150767 0.0116853096903 0.0887166404726
561 -0.00379268150767 0.0116853096903 0.0887166404726
562 -0.00379268150767 0.0116853096903 0.0887166404726
563 -0.00379268150767 0.0116853096903 0.0887166404726
564 -0.00379268150767 0.0116853096903 0.0887166404726
565 -0.00379268150767 0.0116853096903 0.0887166404726
566 -0.00379268150767 0.0116853096903 0.0887166404726
567 -0.00379268150767 0.0116853096903 0.0887166404726
568 -0.00379268150767 0.0116853096903 0.0887166404726
569 -0.00379268150767 0.0116853096903 0.0887166404726
570 -0.00379268150767 0.0116853096903 0.0887166404726
571 -0.00379268150767 0.0116853096903 0.0887166404726
572 -0.00379268150767 0.0116853096903 0.0887166404726
573 -0.00379268150767 0.0116853096903 0.0887166404726
574 -0.00379268150767 0.0116853096903 0.0887166404726
575 -0.00379268150767 0.0116853096903 0.0887166404726
576 -0.00379268150767 0.0116853096903 0.0887166404726
577 -0.00379268150767 0.0116853096903 0.0887166404726
578 -0.00379268150767 0.0116853096903 0.0887166404726
579 -0.00379268150767 0.0116853096903 0.0887166404726
580 -0.00379268150767 0.0116853096903 0.0887166404726
581 -0.00379268150767 0.0116853096903 0.0887166404726
582 -0.00379268150767 0.0116853096903 0.0887166404726
583 -0.00379268150767 0.0116853096903 0.0887166404726
584 -0.00379268150767 0.0116853096903 0.0887166404726
585 -0.00379268150767 0.0116853096903 0.0887166404726
586 -0.00379268150767 0.0116853096903 0.0887166404726
587 -0.00379268150767 0.0116853096903 0.0887166404726
588 -0.00379268150767 0.0116853096903 0.0887166404726
589 -0.00379268150767 0.0116853096903 0.0887166404726
590 -0.00379268150767 0.0116853096903 0.0887166404726
591 -0.00379268150767 0.0116853096903 0.0887166404726
592 -0.00379268150767 0.0116853096903 0.0887166404726
593 -0.00379268150767 0.0116853096903 0.0887166404726
594 -0.00379268150767 0.0116853096903 0.0887166404726
595 -0.00379268150767 0.0116853096903 0.0887166404726
596 -0.00379268150767 0.0116853096903 0.0887166404726
597 -0.00379268150767 0.0116853096903 0.0887166404726
598 -0.00379268150767 0.0116853096903 0.0887166404726
599 -0.00379268150767 0.0116853096903 0.0887166404726
600 -0.00379268150767 0.0116853096903 0.0887166404726
601 -0.00139307107443 -9.75333746703e-05 0.0570335876221
602 -0.00139307107443 -9.75333746703e-05 0.0570335876221
603 -0.00139307107443 -9.75333746703e-05 0.0570335876221
604 -0.00139307107443 -9.75333746703e-05 0.0570335876221
605 -0.00139307107443 -9.75333746703e-05 0.0570335876221
606 -0.00139307107443 -9.75333746703e-05 0.0570335876221
607 -0.00139307107443 -9.75333746703e-05 0.0570335876221
608 -0.00139307107443 -9.75333746703e-05 0.0570335876221
609 -0.00139307107443 -9.75333746703e-05 0.0570335876221
610 -0.00139307107443 -9.75333746703e-05 0.0570335876221
611 -0.00139307107443 -9.75333746703e-05 0.0570335876221
612 -0.00139307107443 -9.75333746703e-05 0.0570335876221
613 -0.00139307107443 -9.75333746703e-05 0.0570335876221
614 -0.00139307107443 -9.75333746703e-05 0.0570335876221
615 -0.00139307107443 -9.75333746703e-05 0.0570335876221
616 -0.00139307107443 -9.75333746703e-05 0.0570335876221
617 -0.00139307107443 -9.75333746703e-05 0.0570335876221
618 -0.00139307107443 -9.75333746703e-05 0.0570335876221
619 -0.00139307107443 -9.75333746703e-05 0.0570335876221
620 -0.00139307107443 -9.75333746703e-05 0.0570335876221
621 -0.00139307107443 -9.75333746703e-05 0.0570335876221
622 -0.00139307107443 -9.75333746703e-05 0.0570335876221
623 -0.00139307107443 -9.75333746703e-05 0.0570335876221
624 -0.00139307107443 -9.75333746703e-05 0.0570335876221
625 -0.00139307107443 -9.75333746703e-05 0.0570335876221
626 -0.00139307107443 -9.75333746703e-05 0.0570335876221
627 -0.00139307107443 -9.75333746703e-05 0.0570335876221
628 -0.00139307107443 -9.75333746703e-05 0.0570335876221
629 -0.00139307107443 -9.75333746703e-05 0.0570335876221
630 -0.00139307107443 -9.75333746703e-05 0.0570335876221
631 -0.00139307107443 -9.75333746703e-05 0.0570335876221
632 -0.00139307107443 -9.75333746703e-05 0.0570335876221
633 -0.00139307107443 -9.75333746703e-05 0.0570335876221
634 -0.00139307107443 -9.75333746703e-05 0.0570335876221
635 -0.00139307107443 -9.75333746703e-05 0.0570335876221
636 -0.00139307107443 -9.75333746703e-05 0.0570335876221
637 -0.00139307107443 -9.75333746703e-05 0.0570335876221
638 -0.00139307107443 -9.75333746703e-05 0.0570335876221
639 -0.00139307107443 -9.75333746703e-05 0.0570335876221
640 -0.00139307107443 -9.75333746703e-05 0.0570335876221
641 -0.00139307107443 -9.75333746703e-05 0.0570335876221
642 -0.00139307107443 -9.75333746703e-05 0.0570335876221
643 -0.00139307107443 -9.75333746703e-05 0.0570335876221
644 -0.00139307107443 -9.75333746703e-05 0.0570335876221
645 -0.00139307107443 -9.75333746703e-05 0.0570335876221
646 -0.00139307107443 -9.75333746703e-05 0.0570335876221
647 -0.00139307107443 -9.75333746703e-05 0.0570335876221
648 -0.00139307107443 -9.75333746703e-05 0.0570335876221
649 -0.00139307107443 -9.75333746703e-05 0.0570335876221
650 -0.00139307107443 -9.75333746703e-05 0.0570335876221
651 0.0084494322331 -9.75333746703e-05 0.0570335876221
652 0.0084494322331 -9.75333746703e-05 0.0570335876221
653 0.0084494322331 -9.75333746703e-05 0.0570335876221
654 0.0084494322331 -9.75333746703e-05 0.0570335876221
655 0.0084494322331 -9.75333746703e-05 0.0570335876221
656 0.0084494322331 -9.75333746703e-05 0.0570335876221
657 0.0084494322331 -9.75333746703e-05 0.0570335876221
658 0.0084494322331 -9.75333746703e-05 0.0570335876221
659 0.0084494322331 -9.75333746703e-05 0.0570335876221
660 0.0084494322331 -9.75333746703e-05 0.0570335876221
661 0.0084494322331 -9.75333746703e-05 0.0570335876221
662 0.0084494322331 -9.75333746703e-05 0.0570335876221
663 0.0084494322331 -9.75333746703e-05 0.0570335876221
664 0.0084494322331 -9.75333746703e-05 0.0570335876221
665 0.0084494322331 -9.75333746703e-05 0.0570335876221
666 0.0084494322331 -9.75333746703e-05 0.0570335876221
667 0.0084494322331 -9.75333746703e-05 0.0570335876221
668 0.0084494322331 -9.75333746703e-05 0.0570335876221
669 0.0084494322331 -9.75333746703e-05 0.0570335876221
670 0.0084494322331 -9.75333746703e-05 0.0570335876221
671 0.0084494322331 -9.75333746703e-05 0.0570335876221
672 0.0084494322331 -9.75333746703e-05 0.0570335876221
673 0.0084494322331 -9.75333746703e-05 0.0570335876221
674 0.0084494322331 -9.75333746703e-05 0.0570335876221
675 0.0084494322331 -9.75333746703e-05 0.0570335876221
676 0.0084494322331 -9.75333746703e-05 0.0570335876221
677 0.0084494322331 -9.75333746703e-05 0.0570335876221
678 0.0084494322331 -9.75333746703e-05 0.0570335876221
679 0.0084494322331 -9.75333746703e-05 0.0570335876221
680 0.0084494322331 -9.75333746703e-05 0.0570335876221
681 0.0084494322331 -9.75333746703e-05 0.0570335876221
682 0.0084494322331 -9.75333746703e-05 0.0570335876221
683 0.0084494322331 -9.75333746703e-05 0.0570335876221
684 0.0084494322331 -9.75333746703e-05 0.0570335876221
685 0.0084494322331 -9.75333746703e-05 0.0570335876221
686 0.0084494322331 -9.75333746703e-05 0.0570335876221
687 0.0084494322331 -9.75333746703e-05 0.0570335876221
688 0.0084494322331 -9.75333746703e-05 0.0570335876221
689 0.0084494322331 -9.75333746703e-05 0.0570335876221
690 0.0084494322331 -9.75333746703e-05 0.0570335876221
691 0.0084494322331 -9.75333746703e-05 0.0570335876221
692 0.0084494322331 -9.75333746703e-05 0.0570335876221
693 0.0084494322331 -9.75333746703e-05 0.0570335876221
694 0.0084494322331 -9.75333746703e-05 0.0570335876221
695 0.0084494322331 -9.75333746703e-05 0.0570335876221
696 0.0084494322331 -9.75333746703e-05 0.0570335876221
697 0.0084494322331 -9.75333746703e-05 0.0570335876221
698 0.0084494322331 -9.75333746703e-05 0.0570335876221
699 0.0084494322331 -9.75333746703e-05 0.0570335876221
700 0.0084494322331 -9.75333746703e-05 0.0570335876221
701 0.0204081632653 0.0122255898639 0.0320225029127
702 0.0204081632653 0.0122255898639 0.0320225029127
703 0.0204081632653 0.0122255898639 0.0320225029127
704 0.0204081632653 0.0122255898639 0.0320225029127
705 0.0204081632653 0.0122255898639 0.0320225029127
706 0.0204081632653 0.0122255898639 0.0320225029127
707 0.0204081632653 0.0122255898639 0.0320225029127
708 0.0204081632653 0.0122255898639 0.0320225029127
709 0.0204081632653 0.0122255898639 0.0320225029127
710 0.0204081632653 0.0122255898639 0.0320225029127
711 0.0204081632653 0.0122255898639 0.0320225029127
712 0.0204081632653 0.0122255898639 0.0320225029127
713 0.0204081632653 0.0122255898639 0.0320225029127
714 0.0204081632653 0.0122255898639 0.0320225029127
715 0.0204081632653 0.0122255898639 0.0320225029127
716 0.0204081632653 0.0122255898639 0.0320225029127
717 0.0204081632653 0.0122255898639 0.0320225029127
718 0.0204081632653 0.0122255898639 0.0320225029127
719 0.0204081632653 0.0122255898639 0.0320225029127
720 0.0204081632653 0.0122255898639 0.0320225029127
721 0.0204081632653 0.0122255898639 0.0320225029127
722 0.0204081632653 0.0122255898639 0.0320225029127
723 0.0204081632653 0.0122255898639 0.0320225029127
724 0.0204081632653 0.0122255898639 0.0320225029127
725 0.0204081632653 0.0122255898639 0.0320225029127
726 0.0204081632653 0.0122255898639 0.0320225029127
727 0.0204081632653 0.0122255898639 0.0320225029127
728 0.0204081632653 0.0122255898639 0.0320225029127
729 0.0204081632653 0.0122255898639 0.0320225029127
730 0.0204081632653 0.0122255898639 0.0320225029127
731 0.0204081632653 0.0122255898639 0.0320225029127
732 0.0204081632653 0.0122255898639 0.0320225029127
733 0.0204081632653 0.0122255898639 0.0320225029127
734 0.0204081632653 0.0122255898639 0.0320225029127
735 0.0204081632653 0.0122255898639 0.0320225029127
736 0.0204081632653 0.0122255898639 0.0320225029127
737 0.0204081632653 0.0122255898639 0.0320225029127
738 0.0204081632653 0.0122255898639 0.0320225029127
739 0.0204081632653 0.0122255898639 0.0320225029127
740 0.0204081632653 0.0122255898639 0.0320225029127
741 0.0204081632653 0.0122255898639 0.0320225029127
742 0.0204081632653 0.0122255898639 0.0320225029127
743 0.0204081632653 0.0122255898639 0.0320225029127
744 0.0204081632653 0.0122255898639 0.0320225029127
745 0.0204081632653 0.0122255898639 0.0320225029127
746 0.0204081632653 0.0122255898639 0.0320225029127
747 0.0204081632653 0.0122255898639 0.0320225029127
748 0.0204081632653 0.0122255898639 0.0320225029127
749 0.0204081632653 0.0122255898639 0.0320225029127
750 0.0204081632653 0.0122255898639 0.0320225029127
751 -0.00141307309837 0.0122255898639 0.0320225029127
752 -0.00141307309837 0.0122255898639 0.0320225029127
753 -0.00141307309837 0.0122255898639 0.0320225029127
754 -0.00141307309837 0.0122255898639 0.0320225029127
755 -0.00141307309837 0.0122255898639 0.0320225029127
756 -0.00141307309837 0.0122255898639 0.0320225029127
757 -0.00141307309837 0.0122255898639 0.0320225029127
758 -0.00141307309837 0.0122255898639 0.0320225029127
759 -0.00141307309837 0.0122255898639 0.0320225029127
760 -0.00141307309837 0.0122255898639 0.0320225029127
761 -0.00141307309837 0.0122255898639 0.0320225029127
762 -0.00141307309837 0.0122255898639 0.0320225029127
763 -0.00141307309837 0.0122255898639 0.0320225029127
764 -0.00141307309837 0.0122255898639 0.0320225029127
765 -0.00141307309837 0.0122255898639 0.0320225029127
766 -0.00141307309837 0.0122255898639 0.0320225029127
767 -0.00141307309837 0.0122255898639 0.0320225029127
768 -0.00141307309837 0.0122255898639 0.0320225029127
769 -0.00141307309837 0.0122255898639 0.0320225029127
770 -0.00141307309837 0.0122255898639 0.0320225029127
771 -0.00141307309837 0.0122255898639 0.0320225029127
772 -0.00141307309837 0.0122255898639 0.0320225029127
773 -0.00141307309837 0.0122255898639 0.0320225029127
774 -0.00141307309837 0.0122255898639 0.0320225029127
775 -0.00141307309837 0.0122255898639 0.0320225029127
776 -0.00141307309837 0.0122255898639 0.0320225029127
777 -0.00141307309837 0.0122255898639 0.0320225029127
778 -0.00141307309837 0.0122255898639 0.0320225029127
779 -0.00141307309837 0.0122255898639 0.0320225029127
780 -0.00141307309837 0.0122255898639 0.0320225029127
781 -0.00141307309837 0.0122255898639 0.0320225029127
782 -0.00141307309837 0.0122255898639 0.0320225029127
783 -0.00141307309837 0.0122255898639 0.0320225029127
784 -0.00141307309837 0.0122255898639 0.0320225029127
785 -0.00141307309837 0.0122255898639 0.0320225029127
786 -0.00141307309837 0.0122255898639 0.0320225029127
787 -0.00141307309837 0.0122255898639 0.0320225029127
788 -0.00141307309837 0.0122255898639 0.0320225029127
789 -0.00141307309837 0.0122255898639 0.0320225029127
790 -0.00141307309837 0.0122255898639 0.0320225029127
791 -0.00141307309837 0.0122255898639 0.0320225029127
792 -0.00141307309837 0.0122255898639 0.0320225029127
793 -0.00141307309837 0.0122255898639 0.0320225029127
794 -0.00141307309837 0.0122255898639 0.0320225029127
795 -0.00141307309837 0.0122255898639 0.0320225029127
796 -0.00141307309837 0.0122255898639 0.0320225029127
797 -0.00141307309837 0.0122255898639 0.0320225029127
798 -0.00141307309837 0.0122255898639 0.0320225029127
799 -0.00141307309837 0.0122255898639 0.0320225029127
800 -0.00141307309837 0.0122255898639 0.0320225029127
801 -0.00292739382825 0.00532158540765 -0.0280508046107
802 -0.00292739382825 0.00532158540765 -0.0280508046107
803 -0.00292739382825 0.00532158540765 -0.0280508046107
804 -0.00292739382825 0.00532158540765 -0.0280508046107
805 -0.00292739382825 0.00532158540765 -0.0280508046107
806 -0.00292739382825 0.00532158540765 -0.0280508046107
807 -0.00292739382825 0.00532158540765 -0.0280508046107
808 -0.00292739382825 0.00532158540765 -0.0280508046107
809 -0.00292739382825 0.00532158540765 -0.0280508046107
810 -0.00292739382825 0.00532158540765 -0.0280508046107
811 -0.00292739382825 0.00532158540765 -0.0280508046107
812 -0.00292739382825 0.00532158540765 -0.0280508046107
813 -0.00292739382825 0.00532158540765 -0.0280508046107
814 -0.00292739382825 0.00532158540765 -0.0280508046107
815 -0.00292739382825 0.00532158540765 -0.0280508046107
816 -0.00292739382825 0.00532158540765 -0.0280508046107
817 -0.00292739382825 0.00532158540765 -0.0280508046107
818 -0.00292739382825 0.00532158540765 -0.0280508046107
819 -0.00292739382825 0.00532158540765 -0.0280508046107
820 -0.00292739382825 0.00532158540765 -0.0280508046107
821 -0.00292739382825 0.00532158540765 -0.0280508046107
822 -0.00292739382825 0.00532158540765 -0.0280508046107
823 -0.00292739382825 0.00532158540765 -0.0280508046107
824 -0.00292739382825 0.00532158540765 -0.0280508046107
825 -0.00292739382825 0.00532158540765 -0.0280508046107
826 -0.00292739382825 0.00532158540765 -0.0280508046107
827 -0.00292739382825 0.00532158540765 -0.0280508046107
828 -0.00292739382825 0.00532158540765 -0.0280508046107
829 -0.00292739382825 0.00532158540765 -0.0280508046107
830 -0.00292739382825 0.00532158540765 -0.0280508046107
831 -0.00292739382825 0.00532158540765 -0.0280508046107
832 -0.00292739382825 0.00532158540765 -0.0280508046107
833 -0.00292739382825 0.00532158540765 -0.0280508046107
834 -0.00292739382825 0.00532158540765 -0.0280508046107
835 -0.00292739382825 0.00532158540765 -0.0280508046107
836 -0.00292739382825 0.00532158540765 -0.0280508046107
837 -0.00292739382825 0.00532158540765 -0.0280508046107
838 -0.00292739382825 0.00532158540765 -0.0280508046107
839 -0.00292739382825 0.00532158540765 -0.0280508046107
840 -0.00292739382825 0.00532158540765 -0.0280508046107
841 -0.00292739382825 0.00532158540765 -0.0280508046107
842 -0.00292739382825 0.00532158540765 -0.0280508046107
843 -0.00292739382825 0.00532158540765 -0.0280508046107
844 -0.00292739382825 0.00532158540765 -0.0280508046107
845 -0.00292739382825 0.00532158540765 -0.0280508046107
846 -0.00292739382825 0.00532158540765 -0.0280508046107
847 -0.00292739382825 0.00532158540765 -0.0280508046107
848 -0.00292739382825 0.00532158540765 -0.0280508046107
849 -0.00292739382825 0.00532158540765 -0.0280508046107
850 -0.00292739382825 0.00532158540765 -0.0280508046107
851 -0.00160144943681 0.00532158540765 -0.0280508046107
852 -0.00160144943681 0.00532158540765 -0.0280508046107
853 -0.00160144943681 0.00532158540765 -0.0280508046107
854 -0.00160144943681 0.00532158540765 -0.0280508046107
855 -0.00160144943681 0.00532158540765 -0.0280508046107
856 -0.00160144943681 0.00532158540765 -0.0280508046107
857 -0.00160144943681 0.00532158540765 -0.0280508046107
858 -0.00160144943681 0.00532158540765 -0.0280508046107
859 -0.00160144943681 0.00532158540765 -0.0280508046107
860 -0.00160144943681 0.00532158540765 -0.0280508046107
861 -0.00160144943681 0.00532158540765 -0.0280508046107
862 -0.00160144943681 0.00532158540765 -0.0280508046107
863 -0.00160144943681 0.00532158540765 -0.0280508046107
864 -0.00160144943681 0.00532158540765 -0.0280508046107
865 -0.00160144943681 0.00532158540765 -0.0280508046107
866 -0.00160144943681 0.00532158540765 -0.0280508046107
867 -0.00160144943681 0.00532158540765 -0.0280508046107
868 -0.00160144943681 0.00532158540765 -0.0280508046107
869 -0.00160144943681 0.00532158540765 -0.0280508046107
870 -0.00160144943681 0.00532158540765 -0.0280508046107
871 -0.00160144943681 0.00532158540765 -0.0280508046107
872 -0.00160144943681 0.00532158540765 -0.0280508046107
873 -0.00160144943681 0.00532158540765 -0.0280508046107
874 -0.00160144943681 0.00532158540765 -0.0280508046107
875 -0.00160144943681 0.00532158540765 -0.0280508046107
876 -0.00160144943681 0.00532158540765 -0.0280508046107
877 -0.00160144943681 0.00532158540765 -0.0280508046107
878 -0.00160144943681 0.00532158540765 -0.0280508046107
879 -0.00160144943681 0.00532158540765 -0.0280508046107
880 -0.00160144943681 0.00532158540765 -0.0280508046107
881 -0.00160144943681 0.00532158540765 -0.0280508046107
882 -0.00160144943681 0.00532158540765 -0.0280508046107
883 -0.00160144943681 0.00532158540765 -0.0280508046107
884 -0.00160144943681 0.00532158540765 -0.0280508046107
885 -0.00160144943681 0.00532158540765 -0.0280508046107
886 -0.00160144943681 0.00532158540765 -0.0280508046107
887 -0.00160144943681 0.00532158540765 -0.0280508046107
888 -0.00160144943681 0.00532158540765 -0.0280508046107
889 -0.00160144943681 0.00532158540765 -0.0280508046107
890 -0.00160144943681 0.00532158540765 -0.0280508046107
891 -0.00160144943681 0.00532158540765 -0.0280508046107
892 -0.00160144943681 0.00532158540765 -0.0280508046107
893 -0.00160144943681 0.00532158540765 -0.0280508046107
894 -0.00160144943681 0.00532158540765 -0.0280508046107
895 -0.00160144943681 0.00532158540765 -0.0280508046107
896 -0.00160144943681 0.00532158540765 -0.0280508046107
897 -0.00160144943681 0.00532158540765 -0.0280508046107
898 -0.00160144943681 0.00532158540765 -0.0280508046107
899 -0.00160144943681 0.00532158540765 -0.0280508046107
900 -0.00160144943681 0.00532158540765 -0.0280508046107
901 -0.00998562610524 0.0120364351496 -0.0207824579744
902 -0.00998562610524 0.0120364351496 -0.0207824579744
903 -0.00998562610524 0.0120364351496 -0.0207824579744
904 -0.00998562610524 0.0120364351496 -0.0207824579744
905 -0.00998562610524 0.0120364351496 -0.0207824579744
906 -0.00998562610524 0.0120364351496 -0.0207824579744
907 -0.00998562610524 0.0120364351496 -0.0207824579744
908 -0.00998562610524 0.0120364351496 -0.0207824579744
909 -0.00998562610524 0.0120364351496 -0.0207824579744
910 -0.00998562610524 0.0120364351496 -0.0207824579744
911 -0.00998562610524 0.0120364351496 -0.0207824579744
912 -0.00998562610524 0.0120364351496 -0.0207824579744
913 -0.00998562610524 0.0120364351496 -0.0207824579744
914 -0.00998562610524 0.0120364351496 -0.0207824579744
915 -0.00998562610524 0.0120364351496 -0.0207824579744
916 -0.00998562610524 0.0120364351496 -0.0207824579744
917 -0.00998562610524 0.0120364351496 -0.0207824579744
918 -0.00998562610524 0.0120364351496 -0.0207824579744
919 -0.00998562610524 0.0120364351496 -0.0207824579744
920 -0.00998562610524 0.0120364351496 -0.0207824579744
921 -0.00998562610524 0.0120364351496 -0.0207824579744
922 -0.00998562610524 0.0120364351496 -0.0207824579744
923 -0.00998562610524 0.0120364351496 -0.0207824579744
924 -0.00998562610524 0.0120364351496 -0.0207824579744
925 -0.00998562610524 0.0120364351496 -0.0207824579744
926 -0.00998562610524 0.0120364351496 -0.0207824579744
927 -0.00998562610524 0.0120364351496 -0.0207824579744
928 -0.00998562610524 0.0120364351496 -0.0207824579744
929 -0.00998562610524 0.0120364351496 -0.0207824579744
930 -0.00998562610524 0.0120364351496 -0.0207824579744
931 -0.00998562610524 0.0120364351496 -0.0207824579744
932 -0.00998562610524 0.0120364351496 -0.0207824579744
933 -0.00998562610524 0.0120364351496 -0.0207824579744
934 -0.00998562610524 0.0120364351496 -0.0207824579744
935 -0.00998562610524 0.0120364351496 -0.0207824579744
936 -0.00998562610524 0.0120364351496 -0.0207824579744
937 -0.00998562610524 0.0120364351496 -0.0207824579744
938 -0.00998562610524 0.0120364351496 -0.0207824579744
939 -0.00998562610524 0.0120364351496 -0.0207824579744
940 -0.00998562610524 0.0120364351496 -0.0207824579744
941 -0.00998562610524 0.0120364351496 -0.0207824579744
942 -0.00998562610524 0.0120364351496 -0.0207824579744
943 -0.00998562610524 0.0120364351496 -0.0207824579744
944 -0.00998562610524 0.0120364351496 -0.0207824579744
945 -0.00998562610524 0.0120364351496 -0.0207824579744
946 -0.00998562610524 0.0120364351496 -0.0207824579744
947 -0.00998562610524 0.0120364351496 -0.0207824579744
948 -0.00998562610524 0.0120364351496 -0.0207824579744
949 -0.00998562610524 0.0120364351496 -0.0207824579744
950 -0.00998562610524 0.0120364351496 -0.0207824579744
951 -0.00998562610524 0.0120364351496 -0.0207824579744
952 -0.00998562610524 0.0120364351496 -0.0207824579744
953 -0.00998562610524 0.0120364351496 -0.0207824579744
954 -0.00998562610524 0.0120364351496 -0.0207824579744
955 -0.00998562610524 0.0120364351496 -0.0207824579744
956 -0.00998562610524 0.0120364351496 -0.0207824579744
957 -0.00998562610524 0.0120364351496 -0.0207824579744
958 -0.00998562610524 0.0120364351496 -0.0207824579744
959 -0.00998562610524 0.0120364351496 -0.0207824579744
960 -0.00998562610524 0.0120364351496 -0.0207824579744
961 -0.00998562610524 0.0120364351496 -0.0207824579744
962 -0.00998562610524 0.0120364351496 -0.0207824579744
963 -0.00998562610524 0.0120364351496 -0.0207824579744
964 -0.00998562610524 0.0120364351496 -0.0207824579744
965 -0.00998562610524 0.0120364351496 -0.0207824579744
966 -0.00998562610524 0.0120364351496 -0.0207824579744
967 -0.00998562610524 0.0120364351496 -0.0207824579744
968 -0.00998562610524 0.0120364351496 -0.0207824579744
969 -0.00998562610524 0.0120364351496 -0.0207824579744
970 -0.00998562610524 0.0120364351496 -0.0207824579744
971 0.00097293454601 0.0120364351496 -0.0207824579744
972 0.00097293454601 0.0120364351496 -0.0207824579744
973 0.00097293454601 0.0120364351496 -0.0207824579744
974 0.00097293454601 0.0120364351496 -0.0207824579744
975 0.00097293454601 0.0120364351496 -0.0207824579744
976 0.00097293454601 0.0120364351496 -0.0207824579744
977 0.00097293454601 0.0120364351496 -0.0207824579744
978 0.00097293454601 0.0120364351496 -0.0207824579744
979 0.00097293454601 0.0120364351496 -0.0207824579744
980 0.00097293454601 0.0120364351496 -0.0207824579744
981 0.00097293454601 0.0120364351496 -0.0207824579744
982 0.00097293454601 0.0120364351496 -0.0207824579744
983 0.00097293454601 0.0120364351496 -0.0207824579744
984 0.00097293454601 0.0120364351496 -0.0207824579744
985 0.00097293454601 0.0120364351496 -0.0207824579744
986 0.00097293454601 0.0120364351496 -0.0207824579744
987 0.00097293454601 0.0120364351496 -0.0207824579744
988 0.00097293454601 0.0120364351496 -0.0207824579744
989 0.00097293454601 0.0120364351496 -0.0207824579744
990 0.00097293454601 0.0120364351496 -0.0207824579744
991 0.00097293454601 0.0120364351496 -0.0207824579744
992 0.00097293454601 0.0120364351496 -0.0207824579744
993 0.00097293454601 0.0120364351496 -0.0207824579744
994 0.00097293454601 0.0120364351496 -0.0207824579744
995 0.00097293454601 0.0120364351496 -0.0207824579744
996 0.00097293454601 0.0120364351496 -0.0207824579744
997 0.00097293454601 0.0120364351496 -0.0207824579744
998 0.00097293454601 0.0120364351496 -0.0207824579744
999 0.00097293454601 0.0120364351496 -0.0207824579744
1000 0.00097293454601 0.0120364351496 -0.0207824579744
1001 0.00097293454601 0.0 0.0
1002 0.00097293454601 0.0 0.0
1003 0.00097293454601 0.0 0.0
1004 0.00097293454601 0.0 0.0
1005 0.00097293454601 0.0 0.0
1006 0.00097293454601 0.0 0.0
1007 0.00097293454601 0.0 0.0
1008 0.00097293454601 0.0 0.0
1009 0.00097293454601 0.0 0.0
1010 0.00097293454601 0.0 0.0
1011 0.00097293454601 0.0 0.0
1012 0.00097293454601 0.0 0.0
1013 0.00097293454601 0.0 0.0
1014 0.00097293454601 0.0 0.0
1015 0.00097293454601 0.0 0.0
1016 0.00097293454601 0.0 0.0
1017 0.00097293454601 0.0 0.0
1018 0.00097293454601 0.0 0.0
1019 0.00097293454601 0.0 0.0
1020 0.00097293454601 0.0 0.0
1021 0.00097293454601 0.0 0.0
1022 0.00097293454601 0.0 0.0
1023 0.00097293454601 0.0 0.0
1024 0.00097293454601 0.0 0.0
1025 0.00097293454601 0.0 0.0
1026 0.00097293454601 0.0 0.0
1027 0.00097293454601 0.0 0.0
1028 0.00097293454601 0.0 0.0
1029 0.00097293454601 0.0 0.0
1030 0.00097293454601 0.0 0.0
1031 0.00373472724032 0.0 0.0
1032 0.00373472724032 0.0 0.0
1033 0.00373472724032 0.0 0.0
1034 0.00373472724032 0.0 0.0
1035 0.00373472724032 0.0 0.0
1036 0.00373472724032 0.0 0.0
1037 0.00373472724032 0.0 0.0
1038 0.00373472724032 0.0 0.0
1039 0.00373472724032 0.0 0.0
1040 0.00373472724032 0.0 0.0
1041 0.00373472724032 0.0 0.0
1042 0.00373472724032 0.0 0.0
1043 0.00373472724032 0.0 0.0
1044 0.00373472724032 0.0 0.0
1045 0.00373472724032 0.0 0.0
1046 0.00373472724032 0.0 0.0
1047 0.00373472724032 0.0 0.0
1048 0.00373472724032 0.0 0.0
1049 0.00373472724032 0.0 0.0
1050 0.00373472724032 0.0 0.0
1051 0.00373472724032 0.0 0.0
1052 0.00373472724032 0.0 0.0
1053 0.00373472724032 0.0 0.0
1054 0.00373472724032 0.0 0.0
1055 0.00373472724032 0.0 0.0
1056 0.00373472724032 0.0 0.0
1057 0.00373472724032 0.0 0.0
1058 0.00373472724032 0.0 0.0
1059 0.00373472724032 0.0 0.0
1060 0.00373472724032 0.0 0.0
1061 0.00373472724032 0.0 0.0
1062 0.00373472724032 0.0 0.0
1063 0.00373472724032 0.0 0.0
1064 0.00373472724032 0.0 0.0
1065 0.00373472724032 0.0 0.0
1066 0.00373472724032 0.0 0.0
1067 0.00373472724032 0.0 0.0
1068 0.00373472724032 0.0 0.0
1069 0.00373472724032 0.0 0.0
1070 0.00373472724032 0.0 0.0
1071 0.00373472724032 0.0 0.0
1072 0.00373472724032 0.0 0.0
1073 0.00373472724032 0.0 0.0
1074 0.00373472724032 0.0 0.0
1075 0.00373472724032 0.0 0.0
1076 0.00373472724032 0.0 0.0
1077 0.00373472724032 0.0 0.0
1078 0.00373472724032 0.0 0.0
1079 0.00373472724032 0.0 0.0
1080 0.00373472724032 0.0 0.0
1081 0.00373472724032 0.0 0.0
1082 0.00373472724032 0.0 0.0
1083 0.00373472724032 0.0 0.0
1084 0.00373472724032 0.0 0.0
1085 0.00373472724032 0.0 0.0
1086 0.00373472724032 0.0 0.0
1087 0.00373472724032 0.0 0.0
1088 0.00373472724032 0.0 0.0
1089 0.00373472724032 0.0 0.0
1090 0.00373472724032 0.0 0.0
1091 0.000852112366841 0.0 0.0
1092 0.000852112366841 0.0 0.0
1093 0.000852112366841 0.0 0.0
1094 0.000852112366841 0.0 0.0
1095 0.000852112366841 0.0 0.0
1096 0.000852112366841 0.0 0.0
1097 0.000852112366841 0.0 0.0
1098 0.000852112366841 0.0 0.0
1099 0.000852112366841 0.0 0.0
1100 0.000852112366841 0.0 0.0
1101 0.000852112366841 0.0 0.0
1102 0.000852112366841 0.0 0.0
1103 0.000852112366841 0.0 0.0
1104 0.000852112366841 0.0 0.0
1105 0.000852112366841 0.0 0.0
1106 0.000852112366841 0.0 0.0
1107 0.000852112366841 0.0 0.0
1108 0.000852112366841 0.0 0.0
1109 0.000852112366841 0.0 0.0
1110 0.000852112366841 0.0 0.0
1111 0.000852112366841 0.0 0.0
1112 0.000852112366841 0.0 0.0
1113 0.000852112366841 0.0 0.0
1114 0.000852112366841 0.0 0.0
1115 0.000852112366841 0.0 0.0
1116 0.000852112366841 0.0 0.0
1117 0.000852112366841 0.0 0.0
1118 0.000852112366841 0.0 0.0
1119 0.000852112366841 0.0 0.0
1120 0.000852112366841 0.0 0.0
1121 0.000852112366841 0.0 0.0
1122 0.000852112366841 0.0 0.0
1123 0.000852112366841 0.0 0.0
1124 0.000852112366841 0.0 0.0
1125 0.000852112366841 0.0 0.0
1126 0.000852112366841 0.0 0.0
1127 0.000852112366841 0.0 0.0
1128 0.000852112366841 0.0 0.0
1129 0.000852112366841 0.0 0.0
1130 0.000852112366841 0.0 0.0
1131 0.000852112366841 0.0 0.0
1132 0.000852112366841 0.0 0.0
1133 0.000852112366841 0.0 0.0
1134 0.000852112366841 0.0 0.0
1135 0.000852112366841 0.0 0.0
1136 0.000852112366841 0.0 0.0
1137 0.000852112366841 0.0 0.0
1138 0.000852112366841 0.0 0.0
1139 0.000852112366841 0.0 0.0
1140 0.000852112366841 0.0 0.0
1141 0.000852112366841 0.0 0.0
1142 0.000852112366841 0.0 0.0
1143 0.000852112366841 0.0 0.0
1144 0.000852112366841 0.0 0.0
1145 0.000852112366841 0.0 0.0
1146 0.000852112366841 0.0 0.0
1147 0.000852112366841 0.0 0.0
1148 0.000852112366841 0.0 0.0
1149 0.000852112366841 0.0 0.0
1150 0.000852112366841 0.0 0.0
1151 -0.000815856369714 0.0 0.0
1152 -0.000815856369714 0.0 0.0
1153 -0.000815856369714 0.0 0.0
1154 -0.000815856369714 0.0 0.0
1155 -0.000815856369714 0.0 0.0
1156 -0.000815856369714 0.0 0.0
1157 -0.000815856369714 0.0 0.0
1158 -0.000815856369714 0.0 0.0
1159 -0.000815856369714 0.0 0.0
1160 -0.000815856369714 0.0 0.0
1161 -0.000815856369714 0.0 0.0
1162 -0.000815856369714 0.0 0.0
1163 -0.000815856369714 0.0 0.0
1164 -0.000815856369714 0.0 0.0
1165 -0.000815856369714 0.0 0.0
1166 -0.000815856369714 0.0 0.0
1167 -0.000815856369714 0.0 0.0
1168 -0.000815856369714 0.0 0.0
1169 -0.000815856369714 0.0 0.0
1170 -0.000815856369714 0.0 0.0
1171 -0.000815856369714 0.0 0.0
1172 -0.000815856369714 0.0 0.0
1173 -0.000815856369714 0.0 0.0
1174 -0.000815856369714 0.0 0.0
1175 -0.000815856369714 0.0 0.0
1176 -0.000815856369714 0.0 0.0
1177 -0.000815856369714 0.0 0.0
1178 -0.000815856369714 0.0 0.0
1179 -0.000815856369714 0.0 0.0
1180 -0.000815856369714 0.0 0.0
1181 -0.000815856369714 0.0 0.0
1182 -0.000815856369714 0.0 0.0
1183 -0.000815856369714 0.0 0.0
1184 -0.000815856369714 0.0 0.0
1185 -0.000815856369714 0.0 0.0
1186 -0.000815856369714 0.0 0.0
1187 -0.000815856369714 0.0 0.0
1188 -0.000815856369714 0.0 0.0
1189 -0.000815856369714 0.0 0.0
1190 -0.000815856369714 0.0 0.0
1191 -0.000815856369714 0.0 0.0
1192 -0.000815856369714 0.0 0.0
1193 -0.000815856369714 0.0 0.0
1194 -0.000815856369714 0.0 0.0
1195 -0.000815856369714 0.0 0.0
1196 -0.000815856369714 0.0 0.0
1197 -0.000815856369714 0.0 0.0
1198 -0.000815856369714 0.0 0.0
1199 -0.000815856369714 0.0 0.0
1200 -0.000815856369714 0.0 0.0
1201 -0.000815856369714 0.0 0.0
1202 -0.000815856369714 0.0 0.0
1203 -0.000815856369714 0.0 0.0
1204 -0.000815856369714 0.0 0.0
1205 -0.000815856369714 0.0 0.0
1206 -0.000815856369714 0.0 0.0
1207 -0.000815856369714 0.0 0.0
1208 -0.000815856369714 0.0 0.0
1209 -0.000815856369714 0.0 0.0
1210 -0.000815856369714 0.0 0.0
1211 -0.010251884127 0.0 0.0
1212 -0.010251884127 0.0 0.0
1213 -0.010251884127 0.0 0.0
1214 -0.010251884127 0.0 0.0
1215 -0.010251884127 0.0 0.0
1216 -0.010251884127 0.0 0.0
1217 -0.010251884127 0.0 0.0
1218 -0.010251884127 0.0 0.0
1219 -0.010251884127 0.0 0.0
1220 -0.010251884127 0.0 0.0
1221 -0.010251884127 0.0 0.0
1222 -0.010251884127 0.0 0.0
1223 -0.010251884127 0.0 0.0
1224 -0.010251884127 0.0 0.0
1225 -0.010251884127 0.0 0.0
1226 -0.010251884127 0.0 0.0
1227 -0.010251884127 0.0 0.0
1228 -0.010251884127 0.0 0.0
1229 -0.010251884127 0.0 0.0
1230 -0.010251884127 0.0 0.0
1231 -0.010251884127 0.0 0.0
1232 -0.010251884127 0.0 0.0
1233 -0.010251884127 0.0 0.0
1234 -0.010251884127 0.0 0.0
1235 -0.010251884127 0.0 0.0
1236 -0.010251884127 0.0 0.0
1237 -0.010251884127 0.0 0.0
1238 -0.010251884127 0.0 0.0
1239 -0.010251884127 0.0 0.0
1240 -0.010251884127 0.0 0.0
1241 -0.010251884127 0.0 0.0
1242 -0.010251884127 0.0 0.0
1243 -0.010251884127 0.0 0.0
1244 -0.010251884127 0.0 0.0
1245 -0.010251884127 0.0 0.0
1246 -0.010251884127 0.0 0.0
1247 -0.010251884127 0.0 0.0
1248 -0.010251884127 0.0 0.0
1249 -0.010251884127 0.0 0.0
1250 -0.010251884127 0.0 0.0
1251 -0.010251884127 0.0 0.0
1252 -0.010251884127 0.0 0.0
1253 -0.010251884127 0.0 0.0
1254 -0.010251884127 0.0 0.0
1255 -0.010251884127 0.0 0.0
1256 -0.010251884127 0.0 0.0
1257 -0.010251884127 0.0 0.0
1258 -0.010251884127 0.0 0.0
1259 -0.010251884127 0.0 0.0
1260 -0.010251884127 0.0 0.0
1261 -0.010251884127 0.0 0.0
1262 -0.010251884127 0.0 0.0
1263 -0.010251884127 0.0 0.0
1264 -0.010251884127 0.0 0.0
1265 -0.010251884127 0.0 0.0
1266 -0.010251884127 0.0 0.0
1267 -0.010251884127 0.0 0.0
1268 -0.010251884127 0.0 0.0
1269 -0.010251884127 0.0 0.0
1270 -0.010251884127 0.0 0.0
1271 -0.00323683638516 0.0 0.0
1272 -0.00323683638516 0.0 0.0
1273 -0.00323683638516 0.0 0.0
1274 -0.00323683638516 0.0 0.0
1275 -0.00323683638516 0.0 0.0
1276 -0.00323683638516 0.0 0.0
1277 -0.00323683638516 0.0 0.0
1278 -0.00323683638516 0.0 0.0
1279 -0.00323683638516 0.0 0.0
1280 -0.00323683638516 0.0 0.0
1281 -0.00323683638516 0.0 0.0
1282 -0.00323683638516 0.0 0.0
1283 -0.00323683638516 0.0 0.0
1284 -0.00323683638516 0.0 0.0
1285 -0.00323683638516 0.0 0.0
1286 -0.00323683638516 0.0 0.0
1287 -0.00323683638516 0.0 0.0
1288 -0.00323683638516 0.0 0.0
1289 -0.00323683638516 0.0 0.0
1290 -0.00323683638516 0.0 0.0
1291 -0.00323683638516 0.0 0.0
1292 -0.00323683638516 0.0 0.0
1293 -0.00323683638516 0.0 0.0
1294 -0.00323683638516 0.0 0.0
1295 -0.00323683638516 0.0 0.0
1296 -0.00323683638516 0.0 0.0
1297 -0.00323683638516 0.0 0.0
1298 -0.00323683638516 0.0 0.0
1299 -0.00323683638516 0.0 0.0
1300 -0.00323683638516 0.0 0.0
1301 -0.00323683638516 0.0 0.0
1302 -0.00323683638516 0.0 0.0
1303 -0.00323683638516 0.0 0.0
1304 -0.00323683638516 0.0 0.0
1305 -0.00323683638516 0.0 0.0
1306 -0.00323683638516 0.0 0.0
1307 -0.00323683638516 0.0 0.0
1308 -0.00323683638516 0.0 0.0
1309 -0.00323683638516 0.0 0.0
1310 -0.00323683638516 0.0 0.0
1311 -0.00323683638516 0.0 0.0
1312 -0.00323683638516 0.0 0.0
1313 -0.00323683638516 0.0 0.0
1314 -0.00323683638516 0.0 0.0
1315 -0.00323683638516 0.0 0.0
1316 -0.00323683638516 0.0 0.0
1317 -0.00323683638516 0.0 0.0
1318 -0.00323683638516 0.0 0.0
1319 -0.00323683638516 0.0 0.0
1320 -0.00323683638516 0.0 0.0
1321 -0.00323683638516 0.0 0.0
1322 -0.00323683638516 0.0 0.0
1323 -0.00323683638516 0.0 0.0
1324 -0.00323683638516 0.0 0.0
1325 -0.00323683638516 0.0 0.0
1326 -0.00323683638516 0.0 0.0
1327 -0.00323683638516 0.0 0.0
1328 -0.00323683638516 0.0 0.0
1329 -0.00323683638516 0.0 0.0
1330 -0.00323683638516 0.0 0.0
1331 -0.00294274243196 0.0 0.0
1332 -0.00294274243196 0.0 0.0
1333 -0.00294274243196 0.0 0.0
1334 -0.00294274243196 0.0 0.0
1335 -0.00294274243196 0.0 0.0
1336 -0.00294274243196 0.0 0.0
1337 -0.00294274243196 0.0 0.0
1338 -0.00294274243196 0.0 0.0
1339 -0.00294274243196 0.0 0.0
1340 -0.00294274243196 0.0 0.0
1341 -0.00294274243196 0.0 0.0
1342 -0.00294274243196 0.0 0.0
1343 -0.00294274243196 0.0 0.0
1344 -0.00294274243196 0.0 0.0
1345 -0.00294274243196 0.0 0.0
1346 -0.00294274243196 0.0 0.0
1347 -0.00294274243196 0.0 0.0
1348 -0.00294274243196 0.0 0.0
1349 -0.00294274243196 0.0 0.0
1350 -0.00294274243196 0.0 0.0
1351 -0.00294274243196 0.0 0.0
1352 -0.00294274243196 0.0 0.0
1353 -0.00294274243196 0.0 0.0
1354 -0.00294274243196 0.0 0.0
1355 -0.00294274243196 0.0 0.0
1356 -0.00294274243196 0.0 0.0
1357 -0.00294274243196 0.0 0.0
1358 -0.00294274243196 0.0 0.0
1359 -0.00294274243196 0.0 0.0
1360 -0.00294274243196 0.0 0.0
1361 -0.00294274243196 0.0 0.0
1362 -0.00294274243196 0.0 0.0
1363 -0.00294274243196 0.0 0.0
1364 -0.00294274243196 0.0 0.0
1365 -0.00294274243196 0.0 0.0
1366 -0.00294274243196 0.0 0.0
1367 -0.00294274243196 0.0 0.0
1368 -0.00294274243196 0.0 0.0
1369 -0.00294274243196 0.0 0.0
1370 -0.00294274243196 0.0 0.0
1371 -0.00294274243196 0.0 0.0
1372 -0.00294274243196 0.0 0.0
1373 -0.00294274243196 0.0 0.0
1374 -0.00294274243196 0.0 0.0
1375 -0.00294274243196 0.0 0.0
1376 -0.00294274243196 0.0 0.0
1377 -0.00294274243196 0.0 0.0
1378 -0.00294274243196 0.0 0.0
1379 -0.00294274243196 0.0 0.0
1380 -0.00294274243196 0.0 0.0
1381 -0.00294274243196 0.0 0.0
1382 -0.00294274243196 0.0 0.0
1383 -0.00294274243196 0.0 0.0
1384 -0.00294274243196 0.0 0.0
1385 -0.00294274243196 0.0 0.0
1386 -0.00294274243196 0.0 0.0
1387 -0.00294274243196 0.0 0.0
1388 -0.00294274243196 0.0 0.0
1389 -0.00294274243196 0.0 0.0
1390 -0.00294274243196 0.0 0.0
1391 0.0117483474621 0.0 0.0
1392 0.0117483474621 0.0 0.0
1393 0.0117483474621 0.0 0.0
1394 0.0117483474621 0.0 0.0
1395 0.0117483474621 0.0 0.0
1396 0.0117483474621 0.0 0.0
1397 0.0117483474621 0.0 0.0
1398 0.0117483474621 0.0 0.0
1399 0.0117483474621 0.0 0.0
1400 0.0117483474621 0.0 0.0
1401 0.0117483474621 0.0 0.0
1402 0.0117483474621 0.0 0.0
1403 0.0117483474621 0.0 0.0
1404 0.0117483474621 0.0 0.0
1405 0.0117483474621 0.0 0.0
1406 0.0117483474621 0.0 0.0
1407 0.0117483474621 0.0 0.0
1408 0.0117483474621 0.0 0.0
1409 0.0117483474621 0.0 0.0
1410 0.0117483474621 0.0 0.0
1411 0.0117483474621 0.0 0.0
1412 0.0117483474621 0.0 0.0
1413 0.0117483474621 0.0 0.0
1414 0.0117483474621 0.0 0.0
1415 0.0117483474621 0.0 0.0
1416 0.0117483474621 0.0 0.0
1417 0.0117483474621 0.0 0.0
1418 0.0117483474621 0.0 0.0
1419 0.0117483474621 0.0 0.0
1420 0.0117483474621 0.0 0.0
1421 0.0117483474621 0.0 0.0
1422 0.0117483474621 0.0 0.0
1423 0.0117483474621 0.0 0.0
1424 0.0117483474621 0.0 0.0
1425 0.0117483474621 0.0 0.0
1426 0.0117483474621 0.0 0.0
1427 0.0117483474621 0.0 0.0
1428 0.0117483474621 0.0 0.0
1429 0.0117483474621 0.0 0.0
1430 0.0117483474621 0.0 0.0
1431 0.0117483474621 0.0 0.0
1432 0.0117483474621 0.0 0.0
1433 0.0117483474621 0.0 0.0
1434 0.0117483474621 0.0 0.0
1435 0.0117483474621 0.0 0.0
1436 0.0117483474621 0.0 0.0
1437 0.0117483474621 0.0 0.0
1438 0.0117483474621 0.0 0.0
1439 0.0117483474621 0.0 0.0
1440 0.0117483474621 0.0 0.0
1441 0.0117483474621 0.0 0.0
1442 0.0117483474621 0.0 0.0
1443 0.0117483474621 0.0 0.0
1444 0.0117483474621 0.0 0.0
1445 0.0117483474621 0.0 0.0
1446 0.0117483474621 0.0 0.0
1447 0.0117483474621 0.0 0.0
1448 0.0117483474621 0.0 0.0
1449 0.0117483474621 0.0 0.0
1450 0.0117483474621 0.0 0.0
1451 -0.00469053112945 0.0 0.0
1452 -0.00469053112945 0.0 0.0
1453 -0.00469053112945 0.0 0.0
1454 -0.00469053112945 0.0 0.0
1455 -0.00469053112945 0.0 0.0
1456 -0.00469053112945 0.0 0.0
1457 -0.00469053112945 0.0 0.0
1458 -0.00469053112945 0.0 0.0
1459 -0.00469053112945 0.0 0.0
1460 -0.00469053112945 0.0 0.0
1461 -0.00469053112945 0.0 0.0
1462 -0.00469053112945 0.0 0.0
1463 -0.00469053112945 0.0 0.0
1464 -0.00469053112945 0.0 0.0
1465 -0.00469053112945 0.0 0.0
1466 -0.00469053112945 0.0 0.0
1467 -0.00469053112945 0.0 0.0
1468 -0.00469053112945 0.0 0.0
1469 -0.00469053112945 0.0 0.0
1470 -0.00469053112945 0.0 0.0
1471 -0.00469053112945 0.0 0.0
1472 -0.00469053112945 0.0 0.0
1473 -0.00469053112945 0.0 0.0
1474 -0.00469053112945 0.0 0.0
1475 -0.00469053112945 0.0 0.0
1476 -0.00469053112945 0.0 0.0
1477 -0.00469053112945 0.0 0.0
1478 -0.00469053112945 0.0 0.0
1479 -0.00469053112945 0.0 0.0
1480 -0.00469053112945 0.0 0.0
1481 -0.00469053112945 0.0 0.0
1482 -0.00469053112945 0.0 0.0
1483 -0.00469053112945 0.0 0.0
1484 -0.00469053112945 0.0 0.0
1485 -0.00469053112945 0.0 0.0
1486 -0.00469053112945 0.0 0.0
1487 -0.00469053112945 0.0 0.0
1488 -0.00469053112945 0.0 0.0
1489 -0.00469053112945 0.0 0.0
1490 -0.00469053112945 0.0 0.0
1491 -0.00469053112945 0.0 0.0
1492 -0.00469053112945 0.0 0.0
1493 -0.00469053112945 0.0 0.0
1494 -0.00469053112945 0.0 0.0
1495 -0.00469053112945 0.0 0.0
1496 -0.00469053112945 0.0 0.0
1497 -0.00469053112945 0.0 0.0
1498 -0.00469053112945 0.0 0.0
1499 -0.00469053112945 0.0 0.0
1500 -0.00469053112945 0.0 0.0
1501 -0.00469053112945 0.0 0.0
1502 -0.00469053112945 0.0 0.0
1503 -0.00469053112945 0.0 0.0
1504 -0.00469053112945 0.0 0.0
1505 -0.00469053112945 0.0 0.0
1506 -0.00469053112945 0.0 0.0
1507 -0.00469053112945 0.0 0.0
1508 -0.00469053112945 0.0 0.0
1509 -0.00469053112945 0.0 0.0
1510 -0.00469053112945 0.0 0.0
1511 0.0137594067787 0.0 0.0
1512 0.0137594067787 0.0 0.0
1513 0.0137594067787 0.0 0.0
1514 0.0137594067787 0.0 0.0
1515 0.0137594067787 0.0 0.0
1516 0.0137594067787 0.0 0.0
1517 0.0137594067787 0.0 0.0
1518 0.0137594067787 0.0 0.0
1519 0.0137594067787 0.0 0.0
1520 0.0137594067787 0.0 0.0
1521 0.0137594067787 0.0 0.0
1522 0.0137594067787 0.0 0.0
1523 0.0137594067787 0.0 0.0
1524 0.0137594067787 0.0 0.0
1525 0.0137594067787 0.0 0.0
1526 0.0137594067787 0.0 0.0
1527 0.0137594067787 0.0 0.0
1528 0.0137594067787 0.0 0.0
1529 0.0137594067787 0.0 0.0
1530 0.0137594067787 0.0 0.0
1531 0.0137594067787 0.0 0.0
1532 0.0137594067787 0.0 0.0
1533 0.0137594067787 0.0 0.0
1534 0.0137594067787 0.0 0.0
1535 0.0137594067787 0.0 0.0
1536 0.0137594067787 0.0 0.0
1537 0.0137594067787 0.0 0.0
1538 0.0137594067787 0.0 0.0
1539 0.0137594067787 0.0 0.0
1540 0.0137594067787 0.0 0.0
1541 0.0137594067787 0.0 0.0
1542 0.0137594067787 0.0 0.0
1543 0.0137594067787 0.0 0.0
1544 0.0137594067787 0.0 0.0
1545 0.0137594067787 0.0 0.0
1546 0.0137594067787 0.0 0.0
1547 0.0137594067787 0.0 0.0
1548 0.0137594067787 0.0 0.0
1549 0.0137594067787 0.0 0.0
1550 0.0137594067787 0.0 0.0
1551 0.0137594067787 0.0 0.0
1552 0.0137594067787 0.0 0.0
1553 0.0137594067787 0.0 0.0
1554 0.0137594067787 0.0 0.0
1555 0.0137594067787 0.0 0.0
1556 0.0137594067787 0.0 0.0
1557 0.0137594067787 0.0 0.0
1558 0.0137594067787 0.0 0.0
1559 0.0137594067787 0.0 0.0
1560 0.0137594067787 0.0 0.0
1561 0.0137594067787 0.0 0.0
1562 0.0137594067787 0.0 0.0
1563 0.0137594067787 0.0 0.0
1564 0.0137594067787 0.0 0.0
1565 0.0137594067787 0.0 0.0
1566 0.0137594067787 0.0 0.0
1567 0.0137594067787 0.0 0.0
1568 0.0137594067787 0.0 0.0
1569 0.0137594067787 0.0 0.0
1570 0.0137594067787 0.0 0.0
1571 0.00887068472764 0.0 0.0
1572 0.00887068472764 0.0 0.0
1573 0.00887068472764 0.0 0.0
1574 0.00887068472764 0.0 0.0
1575 0.00887068472764 0.0 0.0
1576 0.00887068472764 0.0 0.0
1577 0.00887068472764 0.0 0.0
1578 0.00887068472764 0.0 0.0
1579 0.00887068472764 0.0 0.0
1580 0.00887068472764 0.0 0.0
1581 0.00887068472764 0.0 0.0
1582 0.00887068472764 0.0 0.0
1583 0.00887068472764 0.0 0.0
1584 0.00887068472764 0.0 0.0
1585 0.00887068472764 0.0 0.0
1586 0.00887068472764 0.0 0.0
1587 0.00887068472764 0.0 0.0
1588 0.00887068472764 0.0 0.0
1589 0.00887068472764 0.0 0.0
1590 0.00887068472764 0.0 0.0
1591 0.00887068472764 0.0 0.0
1592 0.00887068472764 0.0 0.0
1593 0.00887068472764 0.0 0.0
1594 0.00887068472764 0.0 0.0
1595 0.00887068472764 0.0 0.0
1596 0.00887068472764 0.0 0.0
1597 0.00887068472764 0.0 0.0
1598 0.00887068472764 0.0 0.0
1599 0.00887068472764 0.0 0.0
1600 0.00887068472764 0.0 0.0
1601 0.00887068472764 0.0 0.0
1602 0.00887068472764 0.0 0.0
1603 0.00887068472764 0.0 0.0
1604 0.00887068472764 0.0 0.0
1605 0.00887068472764 0.0 0.0
1606 0.00887068472764 0.0 0.0
1607 0.00887068472764 0.0 0.0
1608 0.00887068472764 0.0 0.0
1609 0.00887068472764 0.0 0.0
1610 0.00887068472764 0.0 0.0
1611 0.00887068472764 0.0 0.0
1612 0.00887068472764 0.0 0.0
1613 0.00887068472764 0.0 0.0
1614 0.00887068472764 0.0 0.0
1615 0.00887068472764 0.0 0.0
1616 0.00887068472764 0.0 0.0
1617 0.00887068472764 0.0 0.0
1618 0.00887068472764 0.0 0.0
1619 0.00887068472764 0.0 0.0
1620 0.00887068472764 0.0 0.0
1621 0.00887068472764 0.0 0.0
1622 0.00887068472764 0.0 0.0
1623 0.00887068472764 0.0 0.0
1624 0.00887068472764 0.0 0.0
1625 0.00887068472764 0.0 0.0
1626 0.00887068472764 0.0 0.0
1627 0.00887068472764 0.0 0.0
1628 0.00887068472764 0.0 0.0
1629 0.00887068472764 0.0 0.0
1630 0.00887068472764 0.0 0.0
1631 0.00887068472764 0.0 0.0
1632 0.00887068472764 0.0 0.0
1633 0.00887068472764 0.0 0.0
1634 0.00887068472764 0.0 0.0
1635 0.00887068472764 0.0 0.0
1636 0.00887068472764 0.0 0.0
1637 0.00887068472764 0.0 0.0
1638 0.00887068472764 0.0 0.0
1639 0.00887068472764 0.0 0.0
1640 0.00887068472764 0.0 0.0
1641 0.00887068472764 0.0 0.0
1642 0.00887068472764 0.0 0.0
1643 0.00887068472764 0.0 0.0
1644 0.00887068472764 0.0 0.0
1645 0.00887068472764 0.0 0.0
1646 0.00887068472764 0.0 0.0
1647 0.00887068472764 0.0 0.0
1648 0.00887068472764 0.0 0.0
1649 0.00887068472764 0.0 0.0
1650 0.00887068472764 0.0 0.0
1651 0.0039033336788 0.0 0.0
1652 0.0039033336788 0.0 0.0
1653 0.0039033336788 0.0 0.0
1654 0.0039033336788 0.0 0.0
1655 0.0039033336788 0.0 0.0
1656 0.0039033336788 0.0 0.0
1657 0.0039033336788 0.0 0.0
1658 0.0039033336788 0.0 0.0
1659 0.0039033336788 0.0 0.0
1660 0.0039033336788 0.0 0.0
1661 0.0039033336788 0.0 0.0
1662 0.0039033336788 0.0 0.0
1663 0.0039033336788 0.0 0.0
1664 0.0039033336788 0.0 0.0
1665 0.0039033336788 0.0 0.0
1666 0.0039033336788 0.0 0.0
1667 0.0039033336788 0.0 0.0
1668 0.0039033336788 0.0 0.0
1669 0.0039033336788 0.0 0.0
1670 0.0039033336788 0.0 0.0
1671 0.0039033336788 0.0 0.0
1672 0.0039033336788 0.0 0.0
1673 0.0039033336788 0.0 0.0
1674 0.0039033336788 0.0 0.0
1675 0.0039033336788 0.0 0.0
1676 0.0039033336788 0.0 0.0
1677 0.0039033336788 0.0 0.0
1678 0.0039033336788 0.0 0.0
1679 0.0039033336788 0.0 0.0
1680 0.0039033336788 0.0 0.0
1681 0.0039033336788 0.0 0.0
1682 0.0039033336788 0.0 0.0
1683 0.0039033336788 0.0 0.0
1684 0.0039033336788 0.0 0.0
1685 0.0039033336788 0.0 0.0
1686 0.0039033336788 0.0 0.0
1687 0.0039033336788 0.0 0.0
1688 0.0039033336788 0.0 0.0
1689 0.0039033336788 0.0 0.0
1690 0.0039033336788 0.0 0.0
1691 0.0039033336788 0.0 0.0
1692 0.0039033336788 0.0 0.0
1693 0.0039033336788 0.0 0.0
1694 0.0039033336788 0.0 0.0
1695 0.0039033336788 0.0 0.0
1696 0.0039033336788 0.0 0.0
1697 0.0039033336788 0.0 0.0
1698 0.0039033336788 0.0 0.0
1699 0.0039033336788 0.0 0.0
1700 0.0039033336788 0.0 0.0
1701 0.0039033336788 0.0 0.0
1702 0.0039033336788 0.0 0.0
1703 0.0039033336788 0.0 0.0
1704 0.0039033336788 0.0 0.0
1705 0.0039033336788 0.0 0.0
1706 0.0039033336788 0.0 0.0
1707 0.0039033336788 0.0 0.0
1708 0.0039033336788 0.0 0.0
1709 0.0039033336788 0.0 0.0
1710 0.0039033336788 0.0 0.0
1711 0.0039033336788 0.0 0.0
1712 0.0039033336788 0.0 0.0
1713 0.0039033336788 0.0 0.0
1714 0.0039033336788 0.0 0.0
1715 0.0039033336788 0.0 0.0
1716 0.0039033336788 0.0 0.0
1717 0.0039033336788 0.0 0.0
1718 0.0039033336788 0.0 0.0
1719 0.0039033336788 0.0 0.0
1720 0.0039033336788 0.0 0.0
1721 0.0039033336788 0.0 0.0
1722 0.0039033336788 0.0 0.0
1723 0.0039033336788 0.0 0.0
1724 0.0039033336788 0.0 0.0
1725 0.0039033336788 0.0 0.0
1726 0.0039033336788 0.0 0.0
1727 0.0039033336788 0.0 0.0
1728 0.0039033336788 0.0 0.0
1729 0.0039033336788 0.0 0.0
1730 0.0039033336788 0.0 0.0
1731 0.0039033336788 0.0 0.0
1732 0.0039033336788 0.0 0.0
1733 0.0039033336788 0.0 0.0
1734 0.0039033336788 0.0 0.0
1735 0.0039033336788 0.0 0.0
1736 0.0039033336788 0.0 0.0
1737 0.0039033336788 0.0 0.0
1738 0.0039033336788 0.0 0.0
1739 0.0039033336788 0.0 0.0
1740 0.0039033336788 0.0 0.0
1741 0.0039033336788 0.0 0.0
1742 0.0039033336788 0.0 0.0
1743 0.0039033336788 0.0 0.0
1744 0.0039033336788 0.0 0.0
1745 0.0039033336788 0.0 0.0
1746 0.0039033336788 0.0 0.0
1747 0.0039033336788 0.0 0.0
1748 0.0039033336788 0.0 0.0
1749 0.0039033336788 0.0 0.0
1750 0.0039033336788 0.0 0.0
1751 0.0014742527492 0.0 0.0
1752 0.0014742527492 0.0 0.0
1753 0.0014742527492 0.0 0.0
1754 0.0014742527492 0.0 0.0
1755 0.0014742527492 0.0 0.0
1756 0.0014742527492 0.0 0.0
1757 0.0014742527492 0.0 0.0
1758 0.0014742527492 0.0 0.0
1759 0.0014742527492 0.0 0.0
1760 0.0014742527492 0.0 0.0
1761 0.0014742527492 0.0 0.0
1762 0.0014742527492 0.0 0.0
1763 0.0014742527492 0.0 0.0
1764 0.0014742527492 0.0 0.0
1765 0.0014742527492 0.0 0.0
1766 0.0014742527492 0.0 0.0
1767 0.0014742527492 0.0 0.0
1768 0.0014742527492 0.0 0.0
1769 0.0014742527492 0.0 0.0
1770 0.0014742527492 0.0 0.0
1771 0.0014742527492 0.0 0.0
1772 0.0014742527492 0.0 0.0
1773 0.0014742527492 0.0 0.0
1774 0.0014742527492 0.0 0.0
1775 0.0014742527492 0.0 0.0
1776 0.0014742527492 0.0 0.0
1777 0.0014742527492 0.0 0.0
1778 0.0014742527492 0.0 0.0
1779 0.0014742527492 0.0 0.0
1780 0.0014742527492 0.0 0.0
1781 0.0014742527492 0.0 0.0
1782 0.0014742527492 0.0 0.0
1783 0.0014742527492 0.0 0.0
1784 0.0014742527492 0.0 0.0
1785 0.0014742527492 0.0 0.0
1786 0.0014742527492 0.0 0.0
1787 0.0014742527492 0.0 0.0
1788 0.0014742527492 0.0 0.0
1789 0.0014742527492 0.0 0.0
1790 0.0014742527492 0.0 0.0
1791 0.0014742527492 0.0 0.0
1792 0.0014742527492 0.0 0.0
1793 0.0014742527492 0.0 0.0
1794 0.0014742527492 0.0 0.0
1795 0.0014742527492 0.0 0.0
1796 0.0014742527492 0.0 0.0
1797 0.0014742527492 0.0 0.0
1798 0.0014742527492 0.0 0.0
1799 0.0014742527492 0.0 0.0
1800 0.0014742527492 0.0 0.0
1801 0.0014742527492 0.0 0.0
1802 0.0014742527492 0.0 0.0
1803 0.0014742527492 0.0 0.0
1804 0.0014742527492 0.0 0.0
1805 0.0014742527492 0.0 0.0
1806 0.0014742527492 0.0 0.0
1807 0.0014742527492 0.0 0.0
1808 0.0014742527492 0.0 0.0
1809 0.0014742527492 0.0 0.0
1810 0.0014742527492 0.0 0.0
1811 0.0014742527492 0.0 0.0
1812 0.0014742527492 0.0 0.0
1813 0.0014742527492 0.0 0.0
1814 0.0014742527492 0.0 0.0
1815 0.0014742527492 0.0 0.0
1816 0.0014742527492 0.0 0.0
1817 0.0014742527492 0.0 0.0
1818 0.0014742527492 0.0 0.0
1819 0.0014742527492 0.0 0.0
1820 0.0014742527492 0.0 0.0
1821 0.0014742527492 0.0 0.0
1822 0.0014742527492 0.0 0.0
1823 0.0014742527492 0.0 0.0
1824 0.0014742527492 0.0 0.0
1825 0.0014742527492 0.0 0.0
1826 0.0014742527492 0.0 0.0
1827 0.0014742527492 0.0 0.0
1828 0.0014742527492 0.0 0.0
1829 0.0014742527492 0.0 0.0
1830 0.0014742527492 0.0 0.0
1831 0.0014742527492 0.0 0.0
1832 0.0014742527492 0.0 0.0
1833 0.0014742527492 0.0 0.0
1834 0.0014742527492 0.0 0.0
1835 0.0014742527492 0.0 0.0
1836 0.0014742527492 0.0 0.0
1837 0.0014742527492 0.0 0.0
1838 0.0014742527492 0.0 0.0
1839 0.0014742527492 0.0 0.0
1840 0.0014742527492 0.0 0.0
1841 0.0014742527492 0.0 0.0
1842 0.0014742527492 0.0 0.0
1843 0.0014742527492 0.0 0.0
1844 0.0014742527492 0.0 0.0
1845 0.0014742527492 0.0 0.0
1846 0.0014742527492 0.0 0.0
1847 0.0014742527492 0.0 0.0
1848 0.0014742527492 0.0 0.0
1849 0.0014742527492 0.0 0.0
1850 0.0014742527492 0.0 0.0
1851 -0.00757793925126 0.0 0.0
1852 -0.00757793925126 0.0 0.0
1853 -0.00757793925126 0.0 0.0
1854 -0.00757793925126 0.0 0.0
1855 -0.00757793925126 0.0 0.0
1856 -0.00757793925126 0.0 0.0
1857 -0.00757793925126 0.0 0.0
1858 -0.00757793925126 0.0 0.0
1859 -0.00757793925126 0.0 0.0
1860 -0.00757793925126 0.0 0.0
1861 -0.00757793925126 0.0 0.0
1862 -0.00757793925126 0.0 0.0
1863 -0.00757793925126 0.0 0.0
1864 -0.00757793925126 0.0 0.0
1865 -0.00757793925126 0.0 0.0
1866 -0.00757793925126 0.0 0.0
1867 -0.00757793925126 0.0 0.0
1868 -0.00757793925126 0.0 0.0
1869 -0.00757793925126 0.0 0.0
1870 -0.00757793925126 0.0 0.0
1871 -0.00757793925126 0.0 0.0
1872 -0.00757793925126 0.0 0.0
1873 -0.00757793925126 0.0 0.0
1874 -0.00757793925126 0.0 0.0
1875 -0.00757793925126 0.0 0.0
1876 -0.00757793925126 0.0 0.0
1877 -0.00757793925126 0.0 0.0
1878 -0.00757793925126 0.0 0.0
1879 -0.00757793925126 0.0 0.0
1880 -0.00757793925126 0.0 0.0
1881 -0.00757793925126 0.0 0.0
1882 -0.00757793925126 0.0 0.0
1883 -0.00757793925126 0.0 0.0
1884 -0.00757793925126 0.0 0.0
1885 -0.00757793925126 0.0 0.0
1886 -0.00757793925126 0.0 0.0
1887 -0.00757793925126 0.0 0.0
1888 -0.00757793925126 0.0 0.0
1889 -0.00757793925126 0.0 0.0
1890 -0.00757793925126 0.0 0.0
1891 -0.00757793925126 0.0 0.0
1892 -0.00757793925126 0.0 0.0
1893 -0.00757793925126 0.0 0.0
1894 -0.00757793925126 0.0 0.0
1895 -0.00757793925126 0.0 0.0
1896 -0.00757793925126 0.0 0.0
1897 -0.00757793925126 0.0 0.0
1898 -0.00757793925126 0.0 0.0
1899 -0.00757793925126 0.0 0.0
1900 -0.00757793925126 0.0 0.0
1901 -0.00757793925126 0.0 0.0
1902 -0.00757793925126 0.0 0.0
1903 -0.00757793925126 0.0 0.0
1904 -0.00757793925126 0.0 0.0
1905 -0.00757793925126 0.0 0.0
1906 -0.00757793925126 0.0 0.0
1907 -0.00757793925126 0.0 0.0
1908 -0.00757793925126 0.0 0.0
1909 -0.00757793925126 0.0 0.0
1910 -0.00757793925126 0.0 0.0
1911 -0.00757793925126 0.0 0.0
1912 -0.00757793925126 0.0 0.0
1913 -0.00757793925126 0.0 0.0
1914 -0.00757793925126 0.0 0.0
1915 -0.00757793925126 0.0 0.0
1916 -0.00757793925126 0.0 0.0
1917 -0.00757793925126 0.0 0.0
1918 -0.00757793925126 0.0 0.0
1919 -0.00757793925126 0.0 0.0
1920 -0.00757793925126 0.0 0.0
1921 -0.00757793925126 0.0 0.0
1922 -0.00757793925126 0.0 0.0
1923 -0.00757793925126 0.0 0.0
1924 -0.00757793925126 0.0 0.0
1925 -0.00757793925126 0.0 0.0
1926 -0.00757793925126 0.0 0.0
1927 -0.00757793925126 0.0 0.0
1928 -0.00757793925126 0.0 0.0
1929 -0.00757793925126 0.0 0.0
1930 -0.00757793925126 0.0 0.0
1931 -0.00757793925126 0.0 0.0
1932 -0.00757793925126 0.0 0.0
1933 -0.00757793925126 0.0 0.0
1934 -0.00757793925126 0.0 0.0
1935 -0.00757793925126 0.0 0.0
1936 -0.00757793925126 0.0 0.0
1937 -0.00757793925126 0.0 0.0
1938 -0.00757793925126 0.0 0.0
1939 -0.00757793925126 0.0 0.0
1940 -0.00757793925126 0.0 0.0
1941 -0.00757793925126 0.0 0.0
1942 -0.00757793925126 0.0 0.0
1943 -0.00757793925126 0.0 0.0
1944 -0.00757793925126 0.0 0.0
1945 -0.00757793925126 0.0 0.0
1946 -0.00757793925126 0.0 0.0
1947 -0.00757793925126 0.0 0.0
1948 -0.00757793925126 0.0 0.0
1949 -0.00757793925126 0.0 0.0
1950 -0.00757793925126 0.0 0.0
1951 0.00031255837179 0.0 0.0
1952 0.00031255837179 0.0 0.0
1953 0.00031255837179 0.0 0.0
1954 0.00031255837179 0.0 0.0
1955 0.00031255837179 0.0 0.0
1956 0.00031255837179 0.0 0.0
1957 0.00031255837179 0.0 0.0
1958 0.00031255837179 0.0 0.0
1959 0.00031255837179 0.0 0.0
1960 0.00031255837179 0.0 0.0
1961 0.00031255837179 0.0 0.0
1962 0.00031255837179 0.0 0.0
1963 0.00031255837179 0.0 0.0
1964 0.00031255837179 0.0 0.0
1965 0.00031255837179 0.0 0.0
1966 0.00031255837179 0.0 0.0
1967 0.00031255837179 0.0 0.0
1968 0.00031255837179 0.0 0.0
1969 0.00031255837179 0.0 0.0
1970 0.00031255837179 0.0 0.0
1971 0.00031255837179 0.0 0.0
1972 0.00031255837179 0.0 0.0
1973 0.00031255837179 0.0 0.0
1974 0.00031255837179 0.0 0.0
1975 0.00031255837179 0.0 0.0
1976 0.00031255837179 0.0 0.0
1977 0.00031255837179 0.0 0.0
1978 0.00031255837179 0.0 0.0
1979 0.00031255837179 0.0 0.0
1980 0.00031255837179 0.0 0.0
1981 0.00031255837179 0.0 0.0
1982 0.00031255837179 0.0 0.0
1983 0.00031255837179 0.0 0.0
1984 0.00031255837179 0.0 0.0
1985 0.00031255837179 0.0 0.0
1986 0.00031255837179 0.0 0.0
1987 0.00031255837179 0.0 0.0
1988 0.00031255837179 0.0 0.0
1989 0.00031255837179 0.0 0.0
1990 0.00031255837179 0.0 0.0
1991 0.00031255837179 0.0 0.0
1992 0.00031255837179 0.0 0.0
1993 0.00031255837179 0.0 0.0
1994 0.00031255837179 0.0 0.0
1995 0.00031255837179 0.0 0.0
1996 0.00031255837179 0.0 0.0
1997 0.00031255837179 0.0 0.0
1998 0.00031255837179 0.0 0.0
1999 0.00031255837179 0.0 0.0
2000 0.00031255837179 0.0 0.0
2001 0.00031255837179 0.0 0.0
2002 0.00031255837179 0.0 0.0
2003 0.00031255837179 0.0 0.0
2004 0.00031255837179 0.0 0.0
2005 0.00031255837179 0.0 0.0
2006 0.00031255837179 0.0 0.0
2007 0.00031255837179 0.0 0.0
2008 0.00031255837179 0.0 0.0
2009 0.00031255837179 0.0 0.0
2010 0.00031255837179 0.0 0.0
2011 0.00031255837179 0.0 0.0
2012 0.00031255837179 0.0 0.0
2013 0.00031255837179 0.0 0.0
2014 0.00031255837179 0.0 0.0
2015 0.00031255837179 0.0 0.0
2016 0.00031255837179 0.0 0.0
2017 0.00031255837179 0.0 0.0
2018 0.00031255837179 0.0 0.0
2019 0.00031255837179 0.0 0.0
2020 0.00031255837179 0.0 0.0
2021 0.00031255837179 0.0 0.0
2022 0.00031255837179 0.0 0.0
2023 0.00031255837179 0.0 0.0
2024 0.00031255837179 0.0 0.0
2025 0.00031255837179 0.0 0.0
2026 0.00031255837179 0.0 0.0
2027 0.00031255837179 0.0 0.0
2028 0.00031255837179 0.0 0.0
2029 0.00031255837179 0.0 0.0
2030 0.00031255837179 0.0 0.0
2031 0.00031255837179 0.0 0.0
2032 0.00031255837179 0.0 0.0
2033 0.00031255837179 0.0 0.0
2034 0.00031255837179 0.0 0.0
2035 0.00031255837179 0.0 0.0
2036 0.00031255837179 0.0 0.0
2037 0.00031255837179 0.0 0.0
2038 0.00031255837179 0.0 0.0
2039 0.00031255837179 0.0 0.0
2040 0.00031255837179 0.0 0.0
2041 0.00031255837179 0.0 0.0
2042 0.00031255837179 0.0 0.0
2043 0.00031255837179 0.0 0.0
2044 0.00031255837179 0.0 0.0
2045 0.00031255837179 0.0 0.0
2046 0.00031255837179 0.0 0.0
2047 0.00031255837179 0.0 0.0
2048 0.00031255837179 0.0 0.0
2049 0.00031255837179 0.0 0.0
2050 0.00031255837179 0.0 0.0
2051 0.00031255837179 0.0 0.0
2052 0.00031255837179 0.0 0.0
2053 0.00031255837179 0.0 0.0
2054 0.00031255837179 0.0 0.0
2055 0.00031255837179 0.0 0.0
2056 0.00031255837179 0.0 0.0
2057 0.00031255837179 0.0 0.0
2058 0.00031255837179 0.0 0.0
2059 0.00031255837179 0.0 0.0
2060 0.00031255837179 0.0 0.0
2061 0.00031255837179 0.0 0.0
2062 0.00031255837179 0.0 0.0
2063 0.00031255837179 0.0 0.0
2064 0.00031255837179 0.0 0.0
2065 0.00031255837179 0.0 0.0
2066 0.00031255837179 0.0 0.0
2067 0.00031255837179 0.0 0.0
2068 0.00031255837179 0.0 0.0
2069 0.00031255837179 0.0 0.0
2070 0.00031255837179 0.0 0.0
2071 0.00031255837179 0.0 0.0
2072 0.00031255837179 0.0 0.0
2073 0.00031255837179 0.0 0.0
2074 0.00031255837179 0.0 0.0
2075 0.00031255837179 0.0 0.0
2076 0.00031255837179 0.0 0.0
2077 0.00031255837179 0.0 0.0
2078 0.00031255837179 0.0 0.0
2079 0.00031255837179 0.0 0.0
2080 0.00031255837179 0.0 0.0
2081 0.00031255837179 0.0 0.0
2082 0.00031255837179 0.0 0.0
2083 0.00031255837179 0.0 0.0
2084 0.00031255837179 0.0 0.0
2085 0.00031255837179 0.0 0.0
2086 0.00031255837179 0.0 0.0
2087 0.00031255837179 0.0 0.0
2088 0.00031255837179 0.0 0.0
2089 0.00031255837179 0.0 0.0
2090 0.00031255837179 0.0 0.0
2091 0.00031255837179 0.0 0.0
2092 0.00031255837179 0.0 0.0
2093 0.00031255837179 0.0 0.0
2094 0.00031255837179 0.0 0.0
2095 0.00031255837179 0.0 0.0
2096 0.00031255837179 0.0 0.0
2097 0.00031255837179 0.0 0.0
2098 0.00031255837179 0.0 0.0
2099 0.00031255837179 0.0 0.0
2100 0.00031255837179 0.0 0.0
2101 -0.00281487744038 0.0 0.0
2102 -0.00281487744038 0.0 0.0
2103 -0.00281487744038 0.0 0.0
2104 -0.00281487744038 0.0 0.0
2105 -0.00281487744038 0.0 0.0
2106 -0.00281487744038 0.0 0.0
2107 -0.00281487744038 0.0 0.0
2108 -0.00281487744038 0.0 0.0
2109 -0.00281487744038 0.0 0.0
2110 -0.00281487744038 0.0 0.0
2111 -0.00281487744038 0.0 0.0
2112 -0.00281487744038 0.0 0.0
2113 -0.00281487744038 0.0 0.0
2114 -0.00281487744038 0.0 0.0
2115 -0.00281487744038 0.0 0.0
2116 -0.00281487744038 0.0 0.0
2117 -0.00281487744038 0.0 0.0
2118 -0.00281487744038 0.0 0.0
2119 -0.00281487744038 0.0 0.0
2120 -0.00281487744038 0.0 0.0
2121 -0.00281487744038 0.0 0.0
2122 -0.00281487744038 0.0 0.0
2123 -0.00281487744038 0.0 0.0
2124 -0.00281487744038 0.0 0.0
2125 -0.00281487744038 0.0 0.0
2126 -0.00281487744038 0.0 0.0
2127 -0.00281487744038 0.0 0.0
2128 -0.00281487744038 0.0 0.0
2129 -0.00281487744038 0.0 0.0
2130 -0.00281487744038 0.0 0.0
2131 -0.00281487744038 0.0 0.0
2132 -0.00281487744038 0.0 0.0
2133 -0.00281487744038 0.0 0.0
2134 -0.00281487744038 0.0 0.0
2135 -0.00281487744038 0.0 0.0
2136 -0.00281487744038 0.0 0.0
2137 -0.00281487744038 0.0 0.0
2138 -0.00281487744038 0.0 0.0
2139 -0.00281487744038 0.0 0.0
2140 -0.00281487744038 0.0 0.0
2141 -0.00281487744038 0.0 0.0
2142 -0.00281487744038 0.0 0.0
2143 -0.00281487744038 0.0 0.0
2144 -0.00281487744038 0.0 0.0
2145 -0.00281487744038 0.0 0.0
2146 -0.00281487744038 0.0 0.0
2147 -0.00281487744038 0.0 0.0
2148 -0.00281487744038 0.0 0.0
2149 -0.00281487744038 0.0 0.0
2150 -0.00281487744038 0.0 0.0
2151 -0.00281487744038 0.0 0.0
2152 -0.00281487744038 0.0 0.0
2153 -0.00281487744038 0.0 0.0
2154 -0.00281487744038 0.0 0.0
2155 -0.00281487744038 0.0 0.0
2156 -0.00281487744038 0.0 0.0
2157 -0.00281487744038 0.0 0.0
2158 -0.00281487744038 0.0 0.0
2159 -0.00281487744038 0.0 0.0
2160 -0.00281487744038 0.0 0.0
2161 -0.00281487744038 0.0 0.0
2162 -0.00281487744038 0.0 0.0
2163 -0.00281487744038 0.0 0.0
2164 -0.00281487744038 0.0 0.0
2165 -0.00281487744038 0.0 0.0
2166 -0.00281487744038 0.0 0.0
2167 -0.00281487744038 0.0 0.0
2168 -0.00281487744038 0.0 0.0
2169 -0.00281487744038 0.0 0.0
2170 -0.00281487744038 0.0 0.0
2171 -0.00281487744038 0.0 0.0
2172 -0.00281487744038 0.0 0.0
2173 -0.00281487744038 0.0 0.0
2174 -0.00281487744038 0.0 0.0
2175 -0.00281487744038 0.0 0.0
2176 -0.00281487744038 0.0 0.0
2177 -0.00281487744038 0.0 0.0
2178 -0.00281487744038 0.0 0.0
2179 -0.00281487744038 0.0 0.0
2180 -0.00281487744038 0.0 0.0
2181 -0.00281487744038 0.0 0.0
2182 -0.00281487744038 0.0 0.0
2183 -0.00281487744038 0.0 0.0
2184 -0.00281487744038 0.0 0.0
2185 -0.00281487744038 0.0 0.0
2186 -0.00281487744038 0.0 0.0
2187 -0.00281487744038 0.0 0.0
2188 -0.00281487744038 0.0 0.0
2189 -0.00281487744038 0.0 0.0
2190 -0.00281487744038 0.0 0.0
2191 -0.00281487744038 0.0 0.0
2192 -0.00281487744038 0.0 0.0
2193 -0.00281487744038 0.0 0.0
2194 -0.00281487744038 0.0 0.0
2195 -0.00281487744038 0.0 0.0
2196 -0.00281487744038 0.0 0.0
2197 -0.00281487744038 0.0 0.0
2198 -0.00281487744038 0.0 0.0
2199 -0.00281487744038 0.0 0.0
2200 -0.00281487744038 0.0 0.0
2201 -0.00281487744038 0.0 0.0
2202 -0.00281487744038 0.0 0.0
2203 -0.00281487744038 0.0 0.0
2204 -0.00281487744038 0.0 0.0
2205 -0.00281487744038 0.0 0.0
2206 -0.00281487744038 0.0 0.0
2207 -0.00281487744038 0.0 0.0
2208 -0.00281487744038 0.0 0.0
2209 -0.00281487744038 0.0 0.0
2210 -0.00281487744038 0.0 0.0
2211 -0.00281487744038 0.0 0.0
2212 -0.00281487744038 0.0 0.0
2213 -0.00281487744038 0.0 0.0
2214 -0.00281487744038 0.0 0.0
2215 -0.00281487744038 0.0 0.0
2216 -0.00281487744038 0.0 0.0
2217 -0.00281487744038 0.0 0.0
2218 -0.00281487744038 0.0 0.0
2219 -0.00281487744038 0.0 0.0
2220 -0.00281487744038 0.0 0.0
2221 -0.00281487744038 0.0 0.0
2222 -0.00281487744038 0.0 0.0
2223 -0.00281487744038 0.0 0.0
2224 -0.00281487744038 0.0 0.0
2225 -0.00281487744038 0.0 0.0
2226 -0.00281487744038 0.0 0.0
2227 -0.00281487744038 0.0 0.0
2228 -0.00281487744038 0.0 0.0
2229 -0.00281487744038 0.0 0.0
2230 -0.00281487744038 0.0 0.0
2231 -0.00281487744038 0.0 0.0
2232 -0.00281487744038 0.0 0.0
2233 -0.00281487744038 0.0 0.0
2234 -0.00281487744038 0.0 0.0
2235 -0.00281487744038 0.0 0.0
2236 -0.00281487744038 0.0 0.0
2237 -0.00281487744038 0.0 0.0
2238 -0.00281487744038 0.0 0.0
2239 -0.00281487744038 0.0 0.0
2240 -0.00281487744038 0.0 0.0
2241 -0.00281487744038 0.0 0.0
2242 -0.00281487744038 0.0 0.0
2243 -0.00281487744038 0.0 0.0
2244 -0.00281487744038 0.0 0.0
2245 -0.00281487744038 0.0 0.0
2246 -0.00281487744038 0.0 0.0
2247 -0.00281487744038 0.0 0.0
2248 -0.00281487744038 0.0 0.0
2249 -0.00281487744038 0.0 0.0
2250 -0.00281487744038 0.0 0.0
2251 -0.00281487744038 0.0 0.0
2252 -0.00281487744038 0.0 0.0
2253 -0.00281487744038 0.0 0.0
2254 -0.00281487744038 0.0 0.0
2255 -0.00281487744038 0.0 0.0
2256 -0.00281487744038 0.0 0.0
2257 -0.00281487744038 0.0 0.0
2258 -0.00281487744038 0.0 0.0
2259 -0.00281487744038 0.0 0.0
2260 -0.00281487744038 0.0 0.0
2261 -0.00281487744038 0.0 0.0
2262 -0.00281487744038 0.0 0.0
2263 -0.00281487744038 0.0 0.0
2264 -0.00281487744038 0.0 0.0
2265 -0.00281487744038 0.0 0.0
2266 -0.00281487744038 0.0 0.0
2267 -0.00281487744038 0.0 0.0
2268 -0.00281487744038 0.0 0.0
2269 -0.00281487744038 0.0 0.0
2270 -0.00281487744038 0.0 0.0
2271 -0.00281487744038 0.0 0.0
2272 -0.00281487744038 0.0 0.0
2273 -0.00281487744038 0.0 0.0
2274 -0.00281487744038 0.0 0.0
2275 -0.00281487744038 0.0 0.0
2276 -0.00281487744038 0.0 0.0
2277 -0.00281487744038 0.0 0.0
2278 -0.00281487744038 0.0 0.0
2279 -0.00281487744038 0.0 0.0
2280 -0.00281487744038 0.0 0.0
2281 -0.00281487744038 0.0 0.0
2282 -0.00281487744038 0.0 0.0
2283 -0.00281487744038 0.0 0.0
2284 -0.00281487744038 0.0 0.0
2285 -0.00281487744038 0.0 0.0
2286 -0.00281487744038 0.0 0.0
2287 -0.00281487744038 0.0 0.0
2288 -0.00281487744038 0.0 0.0
2289 -0.00281487744038 0.0 0.0
2290 -0.00281487744038 0.0 0.0
2291 -0.00281487744038 0.0 0.0
2292 -0.00281487744038 0.0 0.0
2293 -0.00281487744038 0.0 0.0
2294 -0.00281487744038 0.0 0.0
2295 -0.00281487744038 0.0 0.0
2296 -0.00281487744038 0.0 0.0
2297 -0.00281487744038 0.0 0.0
2298 -0.00281487744038 0.0 0.0
2299 -0.00281487744038 0.0 0.0
2300 -0.00281487744038 0.0 0.0
2301 0.00595951505334 0.0 0.0
2302 0.00595951505334 0.0 0.0
2303 0.00595951505334 0.0 0.0
2304 0.00595951505334 0.0 0.0
2305 0.00595951505334 0.0 0.0
2306 0.00595951505334 0.0 0.0
2307 0.00595951505334 0.0 0.0
2308 0.00595951505334 0.0 0.0
2309 0.00595951505334 0.0 0.0
2310 0.00595951505334 0.0 0.0
2311 0.00595951505334 0.0 0.0
2312 0.00595951505334 0.0 0.0
2313 0.00595951505334 0.0 0.0
2314 0.00595951505334 0.0 0.0
2315 0.00595951505334 0.0 0.0
2316 0.00595951505334 0.0 0.0
2317 0.00595951505334 0.0 0.0
2318 0.00595951505334 0.0 0.0
2319 0.00595951505334 0.0 0.0
2320 0.00595951505334 0.0 0.0
2321 0.00595951505334 0.0 0.0
2322 0.00595951505334 0.0 0.0
2323 0.00595951505334 0.0 0.0
2324 0.00595951505334 0.0 0.0
2325 0.00595951505334 0.0 0.0
2326 0.00595951505334 0.0 0.0
2327 0.00595951505334 0.0 0.0
2328 0.00595951505334 0.0 0.0
2329 0.00595951505334 0.0 0.0
2330 0.00595951505334 0.0 0.0
2331 0.00595951505334 0.0 0.0
2332 0.00595951505334 0.0 0.0
2333 0.00595951505334 0.0 0.0
2334 0.00595951505334 0.0 0.0
2335 0.00595951505334 0.0 0.0
2336 0.00595951505334 0.0 0.0
2337 0.00595951505334 0.0 0.0
2338 0.00595951505334 0.0 0.0
2339 0.00595951505334 0.0 0.0
2340 0.00595951505334 0.0 0.0
2341 0.00595951505334 0.0 0.0
2342 0.00595951505334 0.0 0.0
2343 0.00595951505334 0.0 0.0
2344 0.00595951505334 0.0 0.0
2345 0.00595951505334 0.0 0.0
2346 0.00595951505334 0.0 0.0
2347 0.00595951505334 0.0 0.0
2348 0.00595951505334 0.0 0.0
2349 0.00595951505334 0.0 0.0
2350 0.00595951505334 0.0 0.0
2351 0.00595951505334 0.0 0.0
2352 0.00595951505334 0.0 0.0
2353 0.00595951505334 0.0 0.0
2354 0.00595951505334 0.0 0.0
2355 0.00595951505334 0.0 0.0
2356 0.00595951505334 0.0 0.0
2357 0.00595951505334 0.0 0.0
2358 0.00595951505334 0.0 0.0
2359 0.00595951505334 0.0 0.0
2360 0.00595951505334 0.0 0.0
2361 0.00595951505334 0.0 0.0
2362 0.00595951505334 0.0 0.0
2363 0.00595951505334 0.0 0.0
2364 0.00595951505334 0.0 0.0
2365 0.00595951505334 0.0 0.0
2366 0.00595951505334 0.0 0.0
2367 0.00595951505334 0.0 0.0
2368 0.00595951505334 0.0 0.0
2369 0.00595951505334 0.0 0.0
2370 0.00595951505334 0.0 0.0
2371 0.00595951505334 0.0 0.0
2372 0.00595951505334 0.0 0.0
2373 0.00595951505334 0.0 0.0
2374 0.00595951505334 0.0 0.0
2375 0.00595951505334 0.0 0.0
2376 0.00595951505334 0.0 0.0
2377 0.00595951505334 0.0 0.0
2378 0.00595951505334 0.0 0.0
2379 0.00595951505334 0.0 0.0
2380 0.00595951505334 0.0 0.0
2381 0.00595951505334 0.0 0.0
2382 0.00595951505334 0.0 0.0
2383 0.00595951505334 0.0 0.0
2384 0.00595951505334 0.0 0.0
2385 0.00595951505334 0.0 0.0
2386 0.00595951505334 0.0 0.0
2387 0.00595951505334 0.0 0.0
2388 0.00595951505334 0.0 0.0
2389 0.00595951505334 0.0 0.0
2390 0.00595951505334 0.0 0.0
2391 0.00595951505334 0.0 0.0
2392 0.00595951505334 0.0 0.0
2393 0.00595951505334 0.0 0.0
2394 0.00595951505334 0.0 0.0
2395 0.00595951505334 0.0 0.0
2396 0.00595951505334 0.0 0.0
2397 0.00595951505334 0.0 0.0
2398 0.00595951505334 0.0 0.0
2399 0.00595951505334 0.0 0.0
2400 0.00595951505334 0.0 0.0
2401 0.00595951505334 0.0 0.0
2402 0.00595951505334 0.0 0.0
2403 0.00595951505334 0.0 0.0
2404 0.00595951505334 0.0 0.0
2405 0.00595951505334 0.0 0.0
2406 0.00595951505334 0.0 0.0
2407 0.00595951505334 0.0 0.0
2408 0.00595951505334 0.0 0.0
2409 0.00595951505334 0.0 0.0
2410 0.00595951505334 0.0 0.0
2411 0.00595951505334 0.0 0.0
2412 0.00595951505334 0.0 0.0
2413 0.00595951505334 0.0 0.0
2414 0.00595951505334 0.0 0.0
2415 0.00595951505334 0.0 0.0
2416 0.00595951505334 0.0 0.0
2417 0.00595951505334 0.0 0.0
2418 0.00595951505334 0.0 0.0
2419 0.00595951505334 0.0 0.0
2420 0.00595951505334 0.0 0.0
2421 0.00595951505334 0.0 0.0
2422 0.00595951505334 0.0 0.0
2423 0.00595951505334 0.0 0.0
2424 0.00595951505334 0.0 0.0
2425 0.00595951505334 0.0 0.0
2426 0.00595951505334 0.0 0.0
2427 0.00595951505334 0.0 0.0
2428 0.00595951505334 0.0 0.0
2429 0.00595951505334 0.0 0.0
2430 0.00595951505334 0.0 0.0
2431 0.00595951505334 0.0 0.0
2432 0.00595951505334 0.0 0.0
2433 0.00595951505334 0.0 0.0
2434 0.00595951505334 0.0 0.0
2435 0.00595951505334 0.0 0.0
2436 0.00595951505334 0.0 0.0
2437 0.00595951505334 0.0 0.0
2438 0.00595951505334 0.0 0.0
2439 0.00595951505334 0.0 0.0
2440 0.00595951505334 0.0 0.0
2441 0.00595951505334 0.0 0.0
2442 0.00595951505334 0.0 0.0
2443 0.00595951505334 0.0 0.0
2444 0.00595951505334 0.0 0.0
2445 0.00595951505334 0.0 0.0
2446 0.00595951505334 0.0 0.0
2447 0.00595951505334 0.0 0.0
2448 0.00595951505334 0.0 0.0
2449 0.00595951505334 0.0 0.0
2450 0.00595951505334 0.0 0.0
2451 0.00595951505334 0.0 0.0
2452 0.00595951505334 0.0 0.0
2453 0.00595951505334 0.0 0.0
2454 0.00595951505334 0.0 0.0
2455 0.00595951505334 0.0 0.0
2456 0.00595951505334 0.0 0.0
2457 0.00595951505334 0.0 0.0
2458 0.00595951505334 0.0 0.0
2459 0.00595951505334 0.0 0.0
2460 0.00595951505334 0.0 0.0
2461 0.00595951505334 0.0 0.0
2462 0.00595951505334 0.0 0.0
2463 0.00595951505334 0.0 0.0
2464 0.00595951505334 0.0 0.0
2465 0.00595951505334 0.0 0.0
2466 0.00595951505334 0.0 0.0
2467 0.00595951505334 0.0 0.0
2468 0.00595951505334 0.0 0.0
2469 0.00595951505334 0.0 0.0
2470 0.00595951505334 0.0 0.0
2471 0.00595951505334 0.0 0.0
2472 0.00595951505334 0.0 0.0
2473 0.00595951505334 0.0 0.0
2474 0.00595951505334 0.0 0.0
2475 0.00595951505334 0.0 0.0
2476 0.00595951505334 0.0 0.0
2477 0.00595951505334 0.0 0.0
2478 0.00595951505334 0.0 0.0
2479 0.00595951505334 0.0 0.0
2480 0.00595951505334 0.0 0.0
2481 0.00595951505334 0.0 0.0
2482 0.00595951505334 0.0 0.0
2483 0.00595951505334 0.0 0.0
2484 0.00595951505334 0.0 0.0
2485 0.00595951505334 0.0 0.0
2486 0.00595951505334 0.0 0.0
2487 0.00595951505334 0.0 0.0
2488 0.00595951505334 0.0 0.0
2489 0.00595951505334 0.0 0.0
2490 0.00595951505334 0.0 0.0
2491 0.00595951505334 0.0 0.0
2492 0.00595951505334 0.0 0.0
2493 0.00595951505334 0.0 0.0
2494 0.00595951505334 0.0 0.0
2495 0.00595951505334 0.0 0.0
2496 0.00595951505334 0.0 0.0
2497 0.00595951505334 0.0 0.0
2498 0.00595951505334 0.0 0.0
2499 0.00595951505334 0.0 0.0
2500 0.00595951505334 0.0 0.0
