0 0.0 0.0 0.0
1 0.0 0.0 0.0
2 0.000412643804731 0.0 0.0
3 0.000412643804731 0.0 0.0
4 0.000412643804731 0.0 0.0
5 0.000412643804731 0.0 0.0
6 0.000412643804731 0.0 0.0
7 0.000412643804731 0.0 0.0
8 0.000412643804731 0.0 0.0
9 0.000412643804731 0.0 0.0
10 0.000412643804731 0.0 0.0
11 0.000412643804731 0.0 0.0
12 0.000412643804731 0.0 0.0
13 0.000412643804731 0.0 0.0
14 0.000412643804731 0.0 0.0
15 0.000412643804731 0.0 0.0
16 0.000412643804731 0.0 0.0
17 0.000412643804731 0.0 0.0
18 0.000412643804731 0.0 0.0
19 0.000412643804731 0.0 0.0
20 0.000412643804731 0.0 0.0
21 0.000412643804731 0.0 0.0
22 0.000412643804731 0.0 0.0
23 0.000412643804731 0.0 0.0
24 0.000412643804731 0.0 0.0
25 0.000412643804731 0.0 0.0
26 0.000412643804731 0.0 0.0
27 0.000412643804731 0.0 0.0
28 0.000412643804731 0.0 0.0
29 0.000412643804731 0.0 0.0
30 0.000412643804731 0.0 0.0
31 0.000412643804731 0.0 0.0
32 0.000412643804731 0.0 0.0
33 0.000412643804731 0.0 0.0
34 0.000412643804731 0.0 0.0
35 0.000412643804731 0.0 0.0
36 0.000412643804731 0.0 0.0
37 0.000412643804731 0.0 0.0
38 0.000412643804731 0.0 0.0
39 0.000412643804731 0.0 0.0
40 0.000412643804731 0.0 0.0
41 0.000412643804731 0.0 0.0
42 0.000412643804731 0.0 0.0
43 0.000412643804731 0.0 0.0
44 0.000412643804731 0.0 0.0
45 0.000412643804731 0.0 0.0
46 0.000412643804731 0.0 0.0
47 0.000412643804731 0.0 0.0
48 0.000412643804731 0.0 0.0
49 0.000412643804731 0.0 0.0
50 0.000412643804731 0.0 0.0
51 0.000303205988522 0.0 0.0
52 0.000303205988522 0.0 0.0
53 0.000303205988522 0.0 0.0
54 0.000303205988522 0.0 0.0
55 0.000303205988522 0.0 0.0
56 0.000303205988522 0.0 0.0
57 0.000303205988522 0.0 0.0
58 0.000303205988522 0.0 0.0
59 0.000303205988522 0.0 0.0
60 0.000303205988522 0.0 0.0
61 0.000303205988522 0.0 0.0
62 0.000303205988522 0.0 0.0
63 0.000303205988522 0.0 0.0
64 0.000303205988522 0.0 0.0
65 0.000303205988522 0.0 0.0
66 0.000303205988522 0.0 0.0
67 0.000303205988522 0.0 0.0
68 0.000303205988522 0.0 0.0
69 0.000303205988522 0.0 0.0
70 0.000303205988522 0.0 0.0
71 0.000303205988522 0.0 0.0
72 0.000303205988522 0.0 0.0
73 0.000303205988522 0.0 0.0
74 0.000303205988522 0.0 0.0
75 0.000303205988522 0.0 0.0
76 0.000303205988522 0.0 0.0
77 0.000303205988522 0.0 0.0
78 0.000303205988522 0.0 0.0
79 0.000303205988522 0.0 0.0
80 0.000303205988522 0.0 0.0
81 0.000303205988522 0.0 0.0
82 0.000303205988522 0.0 0.0
83 0.000303205988522 0.0 0.0
84 0.000303205988522 0.0 0.0
85 0.000303205988522 0.0 0.0
86 0.000303205988522 0.0 0.0
87 0.000303205988522 0.0 0.0
88 0.000303205988522 0.0 0.0
89 0.000303205988522 0.0 0.0
90 0.000303205988522 0.0 0.0
91 0.000303205988522 0.0 0.0
92 0.000303205988522 0.0 0.0
93 0.000303205988522 0.0 0.0
94 0.000303205988522 0.0 0.0
95 0.000303205988522 0.0 0.0
96 0.000303205988522 0.0 0.0
97 0.000303205988522 0.0 0.0
98 0.000303205988522 0.0 0.0
99 0.000303205988522 0.0 0.0
100 0.000303205988522 0.0 0.0
101 -0.000584953994543 0.00130748594284 0.0411579343969
102 -0.000584953994543 0.00130748594284 0.0411579343969
103 -0.000584953994543 0.00130748594284 0.0411579343969
104 -0.000584953994543 0.00130748594284 0.0411579343969
105 -0.000584953994543 0.00130748594284 0.0411579343969
106 -0.000584953994543 0.00130748594284 0.0411579343969
107 -0.000584953994543 0.00130748594284 0.0411579343969
108 -0.000584953994543 0.00130748594284 0.0411579343969
109 -0.000584953994543 0.00130748594284 0.0411579343969
110 -0.000584953994543 0.00130748594284 0.0411579343969
111 -0.000584953994543 0.00130748594284 0.0411579343969
112 -0.000584953994543 0.00130748594284 0.0411579343969
113 -0.000584953994543 0.00130748594284 0.0411579343969
114 -0.000584953994543 0.00130748594284 0.0411579343969
115 -0.000584953994543 0.00130748594284 0.0411579343969
116 -0.000584953994543 0.00130748594284 0.0411579343969
117 -0.000584953994543 0.00130748594284 0.0411579343969
118 -0.000584953994543 0.00130748594284 0.0411579343969
119 -0.000584953994543 0.00130748594284 0.0411579343969
120 -0.000584953994543 0.00130748594284 0.0411579343969
121 -0.000584953994543 0.00130748594284 0.0411579343969
122 -0.000584953994543 0.00130748594284 0.0411579343969
123 -0.000584953994543 0.00130748594284 0.0411579343969
124 -0.000584953994543 0.00130748594284 0.0411579343969
125 -0.000584953994543 0.00130748594284 0.0411579343969
126 -0.000584953994543 0.00130748594284 0.0411579343969
127 -0.000584953994543 0.00130748594284 0.0411579343969
128 -0.000584953994543 0.00130748594284 0.0411579343969
129 -0.000584953994543 0.00130748594284 0.0411579343969
130 -0.000584953994543 0.00130748594284 0.0411579343969
131 -0.000584953994543 0.00130748594284 0.0411579343969
132 -0.000584953994543 0.00130748594284 0.0411579343969
133 -0.000584953994543 0.00130748594284 0.0411579343969
134 -0.000584953994543 0.00130748594284 0.0411579343969
135 -0.000584953994543 0.00130748594284 0.0411579343969
136 -0.000584953994543 0.00130748594284 0.0411579343969
137 -0.000584953994543 0.00130748594284 0.0411579343969
138 -0.000584953994543 0.00130748594284 0.0411579343969
139 -0.000584953994543 0.00130748594284 0.0411579343969
140 -0.000584953994543 0.00130748594284 0.0411579343969
141 -0.000584953994543 0.00130748594284 0.0411579343969
142 -0.000584953994543 0.00130748594284 0.0411579343969
143 -0.000584953994543 0.00130748594284 0.0411579343969
144 -0.000584953994543 0.00130748594284 0.0411579343969
145 -0.000584953994543 0.00130748594284 0.0411579343969
146 -0.000584953994543 0.00130748594284 0.0411579343969
147 -0.000584953994543 0.00130748594284 0.0411579343969
148 -0.000584953994543 0.00130748594284 0.0411579343969
149 -0.000584953994543 0.00130748594284 0.0411579343969
150 -0.000584953994543 0.00130748594284 0.0411579343969
151 0.00048401984722 0.00130748594284 0.0411579343969
152 0.00048401984722 0.00130748594284 0.0411579343969
153 0.00048401984722 0.00130748594284 0.0411579343969
154 0.00048401984722 0.00130748594284 0.0411579343969
155 0.00048401984722 0.00130748594284 0.0411579343969
156 0.00048401984722 0.00130748594284 0.0411579343969
157 0.00048401984722 0.00130748594284 0.0411579343969
158 0.00048401984722 0.00130748594284 0.0411579343969
159 0.00048401984722 0.00130748594284 0.0411579343969
160 0.00048401984722 0.00130748594284 0.0411579343969
161 0.00048401984722 0.00130748594284 0.0411579343969
162 0.00048401984722 0.00130748594284 0.0411579343969
163 0.00048401984722 0.00130748594284 0.0411579343969
164 0.00048401984722 0.00130748594284 0.0411579343969
165 0.00048401984722 0.00130748594284 0.0411579343969
166 0.00048401984722 0.00130748594284 0.0411579343969
167 0.00048401984722 0.00130748594284 0.0411579343969
168 0.00048401984722 0.00130748594284 0.0411579343969
169 0.00048401984722 0.00130748594284 0.0411579343969
170 0.00048401984722 0.00130748594284 0.0411579343969
171 0.00048401984722 0.00130748594284 0.0411579343969
172 0.00048401984722 0.00130748594284 0.0411579343969
173 0.00048401984722 0.00130748594284 0.0411579343969
174 0.00048401984722 0.00130748594284 0.0411579343969
175 0.00048401984722 0.00130748594284 0.0411579343969
176 0.00048401984722 0.00130748594284 0.0411579343969
177 0.00048401984722 0.00130748594284 0.0411579343969
178 0.00048401984722 0.00130748594284 0.0411579343969
179 0.00048401984722 0.00130748594284 0.0411579343969
180 0.00048401984722 0.00130748594284 0.0411579343969
181 0.00048401984722 0.00130748594284 0.0411579343969
182 0.00048401984722 0.00130748594284 0.0411579343969
183 0.00048401984722 0.00130748594284 0.0411579343969
184 0.00048401984722 0.00130748594284 0.0411579343969
185 0.00048401984722 0.00130748594284 0.0411579343969
186 0.00048401984722 0.00130748594284 0.0411579343969
187 0.00048401984722 0.00130748594284 0.0411579343969
188 0.00048401984722 0.00130748594284 0.0411579343969
189 0.00048401984722 0.00130748594284 0.0411579343969
190 0.00048401984722 0.00130748594284 0.0411579343969
191 0.00048401984722 0.00130748594284 0.0411579343969
192 0.00048401984722 0.00130748594284 0.0411579343969
193 0.00048401984722 0.00130748594284 0.0411579343969
194 0.00048401984722 0.00130748594284 0.0411579343969
195 0.00048401984722 0.00130748594284 0.0411579343969
196 0.00048401984722 0.00130748594284 0.0411579343969
197 0.00048401984722 0.00130748594284 0.0411579343969
198 0.00048401984722 0.00130748594284 0.0411579343969
199 0.00048401984722 0.00130748594284 0.0411579343969
200 0.00048401984722 0.00130748594284 0.0411579343969
201 0.000527680459574 0.00105874265819 -0.0211368850239
202 0.000527680459574 0.00105874265819 -0.0211368850239
203 0.000527680459574 0.00105874265819 -0.0211368850239
204 0.000527680459574 0.00105874265819 -0.0211368850239
205 0.000527680459574 0.00105874265819 -0.0211368850239
206 0.000527680459574 0.00105874265819 -0.0211368850239
207 0.000527680459574 0.00105874265819 -0.0211368850239
208 0.000527680459574 0.00105874265819 -0.0211368850239
209 0.000527680459574 0.00105874265819 -0.0211368850239
210 0.000527680459574 0.00105874265819 -0.0211368850239
211 0.000527680459574 0.00105874265819 -0.0211368850239
212 0.000527680459574 0.00105874265819 -0.0211368850239
213 0.000527680459574 0.00105874265819 -0.0211368850239
214 0.000527680459574 0.00105874265819 -0.0211368850239
215 0.000527680459574 0.00105874265819 -0.0211368850239
216 0.000527680459574 0.00105874265819 -0.0211368850239
217 0.000527680459574 0.00105874265819 -0.0211368850239
218 0.000527680459574 0.00105874265819 -0.0211368850239
219 0.000527680459574 0.00105874265819 -0.0211368850239
220 0.000527680459574 0.00105874265819 -0.0211368850239
221 0.000527680459574 0.00105874265819 -0.0211368850239
222 0.000527680459574 0.00105874265819 -0.0211368850239
223 0.000527680459574 0.00105874265819 -0.0211368850239
224 0.000527680459574 0.00105874265819 -0.0211368850239
225 0.000527680459574 0.00105874265819 -0.0211368850239
226 0.000527680459574 0.00105874265819 -0.0211368850239
227 0.000527680459574 0.00105874265819 -0.0211368850239
228 0.000527680459574 0.00105874265819 -0.0211368850239
229 0.000527680459574 0.00105874265819 -0.0211368850239
230 0.000527680459574 0.00105874265819 -0.0211368850239
231 0.000527680459574 0.00105874265819 -0.0211368850239
232 0.000527680459574 0.00105874265819 -0.0211368850239
233 0.000527680459574 0.00105874265819 -0.0211368850239
234 0.000527680459574 0.00105874265819 -0.0211368850239
235 0.000527680459574 0.00105874265819 -0.0211368850239
236 0.000527680459574 0.00105874265819 -0.0211368850239
237 0.000527680459574 0.00105874265819 -0.0211368850239
238 0.000527680459574 0.00105874265819 -0.0211368850239
239 0.000527680459574 0.00105874265819 -0.0211368850239
240 0.000527680459574 0.00105874265819 -0.0211368850239
241 0.000527680459574 0.00105874265819 -0.0211368850239
242 0.000527680459574 0.00105874265819 -0.0211368850239
243 0.000527680459574 0.00105874265819 -0.0211368850239
244 0.000527680459574 0.00105874265819 -0.0211368850239
245 0.000527680459574 0.00105874265819 -0.0211368850239
246 0.000527680459574 0.00105874265819 -0.0211368850239
247 0.000527680459574 0.00105874265819 -0.0211368850239
248 0.000527680459574 0.00105874265819 -0.0211368850239
249 0.000527680459574 0.00105874265819 -0.0211368850239
250 0.000527680459574 0.00105874265819 -0.0211368850239
251 -0.000203876971389 0.00105874265819 -0.0211368850239
252 -0.000203876971389 0.00105874265819 -0.0211368850239
253 -0.000203876971389 0.00105874265819 -0.0211368850239
254 -0.000203876971389 0.00105874265819 -0.0211368850239
255 -0.000203876971389 0.00105874265819 -0.0211368850239
256 -0.000203876971389 0.00105874265819 -0.0211368850239
257 -0.000203876971389 0.00105874265819 -0.0211368850239
258 -0.000203876971389 0.00105874265819 -0.0211368850239
259 -0.000203876971389 0.00105874265819 -0.0211368850239
260 -0.000203876971389 0.00105874265819 -0.0211368850239
261 -0.000203876971389 0.00105874265819 -0.0211368850239
262 -0.000203876971389 0.00105874265819 -0.0211368850239
263 -0.000203876971389 0.00105874265819 -0.0211368850239
264 -0.000203876971389 0.00105874265819 -0.0211368850239
265 -0.000203876971389 0.00105874265819 -0.0211368850239
266 -0.000203876971389 0.00105874265819 -0.0211368850239
267 -0.000203876971389 0.00105874265819 -0.0211368850239
268 -0.000203876971389 0.00105874265819 -0.0211368850239
269 -0.000203876971389 0.00105874265819 -0.0211368850239
270 -0.000203876971389 0.00105874265819 -0.0211368850239
271 -0.000203876971389 0.00105874265819 -0.0211368850239
272 -0.000203876971389 0.00105874265819 -0.0211368850239
273 -0.000203876971389 0.00105874265819 -0.0211368850239
274 -0.000203876971389 0.00105874265819 -0.0211368850239
275 -0.000203876971389 0.00105874265819 -0.0211368850239
276 -0.000203876971389 0.00105874265819 -0.0211368850239
277 -0.000203876971389 0.00105874265819 -0.0211368850239
278 -0.000203876971389 0.00105874265819 -0.0211368850239
279 -0.000203876971389 0.00105874265819 -0.0211368850239
280 -0.000203876971389 0.00105874265819 -0.0211368850239
281 -0.000203876971389 0.00105874265819 -0.0211368850239
282 -0.000203876971389 0.00105874265819 -0.0211368850239
283 -0.000203876971389 0.00105874265819 -0.0211368850239
284 -0.000203876971389 0.00105874265819 -0.0211368850239
285 -0.000203876971389 0.00105874265819 -0.0211368850239
286 -0.000203876971389 0.00105874265819 -0.0211368850239
287 -0.000203876971389 0.00105874265819 -0.0211368850239
288 -0.000203876971389 0.00105874265819 -0.0211368850239
289 -0.000203876971389 0.00105874265819 -0.0211368850239
290 -0.000203876971389 0.00105874265819 -0.0211368850239
291 -0.000203876971389 0.00105874265819 -0.0211368850239
292 -0.000203876971389 0.00105874265819 -0.0211368850239
293 -0.000203876971389 0.00105874265819 -0.0211368850239
294 -0.000203876971389 0.00105874265819 -0.0211368850239
295 -0.000203876971389 0.00105874265819 -0.0211368850239
296 -0.000203876971389 0.00105874265819 -0.0211368850239
297 -0.000203876971389 0.00105874265819 -0.0211368850239
298 -0.000203876971389 0.00105874265819 -0.0211368850239
299 -0.000203876971389 0.00105874265819 -0.0211368850239
300 -0.000203876971389 0.00105874265819 -0.0211368850239
301 -0.000825419603745 -0.00126588128492 0.00397196574097
302 -0.000825419603745 -0.00126588128492 0.00397196574097
303 -0.000825419603745 -0.00126588128492 0.00397196574097
304 -0.000825419603745 -0.00126588128492 0.00397196574097
305 -0.000825419603745 -0.00126588128492 0.00397196574097
306 -0.000825419603745 -0.00126588128492 0.00397196574097
307 -0.000825419603745 -0.00126588128492 0.00397196574097
308 -0.000825419603745 -0.00126588128492 0.00397196574097
309 -0.000825419603745 -0.00126588128492 0.00397196574097
310 -0.000825419603745 -0.00126588128492 0.00397196574097
311 -0.000825419603745 -0.00126588128492 0.00397196574097
312 -0.000825419603745 -0.00126588128492 0.00397196574097
313 -0.000825419603745 -0.00126588128492 0.00397196574097
314 -0.000825419603745 -0.00126588128492 0.00397196574097
315 -0.000825419603745 -0.00126588128492 0.00397196574097
316 -0.000825419603745 -0.00126588128492 0.00397196574097
317 -0.000825419603745 -0.00126588128492 0.00397196574097
318 -0.000825419603745 -0.00126588128492 0.00397196574097
319 -0.000825419603745 -0.00126588128492 0.00397196574097
320 -0.000825419603745 -0.00126588128492 0.00397196574097
321 -0.000825419603745 -0.00126588128492 0.00397196574097
322 -0.000825419603745 -0.00126588128492 0.00397196574097
323 -0.000825419603745 -0.00126588128492 0.00397196574097
324 -0.000825419603745 -0.00126588128492 0.00397196574097
325 -0.000825419603745 -0.00126588128492 0.00397196574097
326 -0.000825419603745 -0.00126588128492 0.00397196574097
327 -0.000825419603745 -0.00126588128492 0.00397196574097
328 -0.000825419603745 -0.00126588128492 0.00397196574097
329 -0.000825419603745 -0.00126588128492 0.00397196574097
330 -0.000825419603745 -0.00126588128492 0.00397196574097
331 -0.000825419603745 -0.00126588128492 0.00397196574097
332 -0.000825419603745 -0.00126588128492 0.00397196574097
333 -0.000825419603745 -0.00126588128492 0.00397196574097
334 -0.000825419603745 -0.00126588128492 0.00397196574097
335 -0.000825419603745 -0.00126588128492 0.00397196574097
336 -0.000825419603745 -0.00126588128492 0.00397196574097
337 -0.000825419603745 -0.00126588128492 0.00397196574097
338 -0.000825419603745 -0.00126588128492 0.00397196574097
339 -0.000825419603745 -0.00126588128492 0.00397196574097
340 -0.000825419603745 -0.00126588128492 0.00397196574097
341 -0.000825419603745 -0.00126588128492 0.00397196574097
342 -0.000825419603745 -0.00126588128492 0.00397196574097
343 -0.000825419603745 -0.00126588128492 0.00397196574097
344 -0.000825419603745 -0.00126588128492 0.00397196574097
345 -0.000825419603745 -0.00126588128492 0.00397196574097
346 -0.000825419603745 -0.00126588128492 0.00397196574097
347 -0.000825419603745 -0.00126588128492 0.00397196574097
348 -0.000825419603745 -0.00126588128492 0.00397196574097
349 -0.000825419603745 -0.00126588128492 0.00397196574097
350 -0.000825419603745 -0.00126588128492 0.00397196574097
351 0.00174865659454 -0.00126588128492 0.00397196574097
352 0.00174865659454 -0.00126588128492 0.00397196574097
353 0.00174865659454 -0.00126588128492 0.00397196574097
354 0.00174865659454 -0.00126588128492 0.00397196574097
355 0.00174865659454 -0.00126588128492 0.00397196574097
356 0.00174865659454 -0.00126588128492 0.00397196574097
357 0.00174865659454 -0.00126588128492 0.00397196574097
358 0.00174865659454 -0.00126588128492 0.00397196574097
359 0.00174865659454 -0.00126588128492 0.00397196574097
360 0.00174865659454 -0.00126588128492 0.00397196574097
361 0.00174865659454 -0.00126588128492 0.00397196574097
362 0.00174865659454 -0.00126588128492 0.00397196574097
363 0.00174865659454 -0.00126588128492 0.00397196574097
364 0.00174865659454 -0.00126588128492 0.00397196574097
365 0.00174865659454 -0.00126588128492 0.00397196574097
366 0.00174865659454 -0.00126588128492 0.00397196574097
367 0.00174865659454 -0.00126588128492 0.00397196574097
368 0.00174865659454 -0.00126588128492 0.00397196574097
369 0.00174865659454 -0.00126588128492 0.00397196574097
370 0.00174865659454 -0.00126588128492 0.00397196574097
371 0.00174865659454 -0.00126588128492 0.00397196574097
372 0.00174865659454 -0.00126588128492 0.00397196574097
373 0.00174865659454 -0.00126588128492 0.00397196574097
374 0.00174865659454 -0.00126588128492 0.00397196574097
375 0.00174865659454 -0.00126588128492 0.00397196574097
376 0.00174865659454 -0.00126588128492 0.00397196574097
377 0.00174865659454 -0.00126588128492 0.00397196574097
378 0.00174865659454 -0.00126588128492 0.00397196574097
379 0.00174865659454 -0.00126588128492 0.00397196574097
380 0.00174865659454 -0.00126588128492 0.00397196574097
381 0.00174865659454 -0.00126588128492 0.00397196574097
382 0.00174865659454 -0.00126588128492 0.00397196574097
383 0.00174865659454 -0.00126588128492 0.00397196574097
384 0.00174865659454 -0.00126588128492 0.00397196574097
385 0.00174865659454 -0.00126588128492 0.00397196574097
386 0.00174865659454 -0.00126588128492 0.00397196574097
387 0.00174865659454 -0.00126588128492 0.00397196574097
388 0.00174865659454 -0.00126588128492 0.00397196574097
389 0.00174865659454 -0.00126588128492 0.00397196574097
390 0.00174865659454 -0.00126588128492 0.00397196574097
391 0.00174865659454 -0.00126588128492 0.00397196574097
392 0.00174865659454 -0.00126588128492 0.00397196574097
393 0.00174865659454 -0.00126588128492 0.00397196574097
394 0.00174865659454 -0.00126588128492 0.00397196574097
395 0.00174865659454 -0.00126588128492 0.00397196574097
396 0.00174865659454 -0.00126588128492 0.00397196574097
397 0.00174865659454 -0.00126588128492 0.00397196574097
398 0.00174865659454 -0.00126588128492 0.00397196574097
399 0.00174865659454 -0.00126588128492 0.00397196574097
400 0.00174865659454 -0.00126588128492 0.00397196574097
401 0.000731679203896 0.0019814891855 -0.0122127047773
402 0.000731679203896 0.0019814891855 -0.0122127047773
403 0.000731679203896 0.0019814891855 -0.0122127047773
404 0.000731679203896 0.0019814891855 -0.0122127047773
405 0.000731679203896 0.0019814891855 -0.0122127047773
406 0.000731679203896 0.0019814891855 -0.0122127047773
407 0.000731679203896 0.0019814891855 -0.0122127047773
408 0.000731679203896 0.0019814891855 -0.0122127047773
409 0.000731679203896 0.0019814891855 -0.0122127047773
410 0.000731679203896 0.0019814891855 -0.0122127047773
411 0.000731679203896 0.0019814891855 -0.0122127047773
412 0.000731679203896 0.0019814891855 -0.0122127047773
413 0.000731679203896 0.0019814891855 -0.0122127047773
414 0.000731679203896 0.0019814891855 -0.0122127047773
415 0.000731679203896 0.0019814891855 -0.0122127047773
416 0.000731679203896 0.0019814891855 -0.0122127047773
417 0.000731679203896 0.0019814891855 -0.0122127047773
418 0.000731679203896 0.0019814891855 -0.0122127047773
419 0.000731679203896 0.0019814891855 -0.0122127047773
420 0.000731679203896 0.0019814891855 -0.0122127047773
421 0.000731679203896 0.0019814891855 -0.0122127047773
422 0.000731679203896 0.0019814891855 -0.0122127047773
423 0.000731679203896 0.0019814891855 -0.0122127047773
424 0.000731679203896 0.0019814891855 -0.0122127047773
425 0.000731679203896 0.0019814891855 -0.0122127047773
426 0.000731679203896 0.0019814891855 -0.0122127047773
427 0.000731679203896 0.0019814891855 -0.0122127047773
428 0.000731679203896 0.0019814891855 -0.0122127047773
429 0.000731679203896 0.0019814891855 -0.0122127047773
430 0.000731679203896 0.0019814891855 -0.0122127047773
431 0.000731679203896 0.0019814891855 -0.0122127047773
432 0.000731679203896 0.0019814891855 -0.0122127047773
433 0.000731679203896 0.0019814891855 -0.0122127047773
434 0.000731679203896 0.0019814891855 -0.0122127047773
435 0.000731679203896 0.0019814891855 -0.0122127047773
436 0.000731679203896 0.0019814891855 -0.0122127047773
437 0.000731679203896 0.0019814891855 -0.0122127047773
438 0.000731679203896 0.0019814891855 -0.0122127047773
439 0.000731679203896 0.0019814891855 -0.0122127047773
440 0.000731679203896 0.0019814891855 -0.0122127047773
441 0.000731679203896 0.0019814891855 -0.0122127047773
442 0.000731679203896 0.0019814891855 -0.0122127047773
443 0.000731679203896 0.0019814891855 -0.0122127047773
444 0.000731679203896 0.0019814891855 -0.0122127047773
445 0.000731679203896 0.0019814891855 -0.0122127047773
446 0.000731679203896 0.0019814891855 -0.0122127047773
447 0.000731679203896 0.0019814891855 -0.0122127047773
448 0.000731679203896 0.0019814891855 -0.0122127047773
449 0.000731679203896 0.0019814891855 -0.0122127047773
450 0.000731679203896 0.0019814891855 -0.0122127047773
451 0.000402887142126 0.0019814891855 -0.0122127047773
452 0.000402887142126 0.0019814891855 -0.0122127047773
453 0.000402887142126 0.0019814891855 -0.0122127047773
454 0.000402887142126 0.0019814891855 -0.0122127047773
455 0.000402887142126 0.0019814891855 -0.0122127047773
456 0.000402887142126 0.0019814891855 -0.0122127047773
457 0.000402887142126 0.0019814891855 -0.0122127047773
458 0.000402887142126 0.0019814891855 -0.0122127047773
459 0.000402887142126 0.0019814891855 -0.0122127047773
460 0.000402887142126 0.0019814891855 -0.0122127047773
461 0.000402887142126 0.0019814891855 -0.0122127047773
462 0.000402887142126 0.0019814891855 -0.0122127047773
463 0.000402887142126 0.0019814891855 -0.0122127047773
464 0.000402887142126 0.0019814891855 -0.0122127047773
465 0.000402887142126 0.0019814891855 -0.0122127047773
466 0.000402887142126 0.0019814891855 -0.0122127047773
467 0.000402887142126 0.0019814891855 -0.0122127047773
468 0.000402887142126 0.0019814891855 -0.0122127047773
469 0.000402887142126 0.0019814891855 -0.0122127047773
470 0.000402887142126 0.0019814891855 -0.0122127047773
471 0.000402887142126 0.0019814891855 -0.0122127047773
472 0.000402887142126 0.0019814891855 -0.0122127047773
473 0.000402887142126 0.0019814891855 -0.0122127047773
474 0.000402887142126 0.0019814891855 -0.0122127047773
475 0.000402887142126 0.0019814891855 -0.0122127047773
476 0.000402887142126 0.0019814891855 -0.0122127047773
477 0.000402887142126 0.0019814891855 -0.0122127047773
478 0.000402887142126 0.0019814891855 -0.0122127047773
479 0.000402887142126 0.0019814891855 -0.0122127047773
480 0.000402887142126 0.0019814891855 -0.0122127047773
481 0.000402887142126 0.0019814891855 -0.0122127047773
482 0.000402887142126 0.0019814891855 -0.0122127047773
483 0.000402887142126 0.0019814891855 -0.0122127047773
484 0.000402887142126 0.0019814891855 -0.0122127047773
485 0.000402887142126 0.0019814891855 -0.0122127047773
486 0.000402887142126 0.0019814891855 -0.0122127047773
487 0.000402887142126 0.0019814891855 -0.0122127047773
488 0.000402887142126 0.0019814891855 -0.0122127047773
489 0.000402887142126 0.0019814891855 -0.0122127047773
490 0.000402887142126 0.0019814891855 -0.0122127047773
491 0.000402887142126 0.0019814891855 -0.0122127047773
492 0.000402887142126 0.0019814891855 -0.0122127047773
493 0.000402887142126 0.0019814891855 -0.0122127047773
494 0.000402887142126 0.0019814891855 -0.0122127047773
495 0.000402887142126 0.0019814891855 -0.0122127047773
496 0.000402887142126 0.0019814891855 -0.0122127047773
497 0.000402887142126 0.0019814891855 -0.0122127047773
498 0.000402887142126 0.0019814891855 -0.0122127047773
499 0.000402887142126 0.0019814891855 -0.0122127047773
500 0.000402887142126 0.0019814891855 -0.0122127047773
501 0.00164244015223 0.00280068973686 -0.0136141460335
502 0.00164244015223 0.00280068973686 -0.0136141460335
503 0.00164244015223 0.00280068973686 -0.0136141460335
504 0.00164244015223 0.00280068973686 -0.0136141460335
505 0.00164244015223 0.00280068973686 -0.0136141460335
506 0.00164244015223 0.00280068973686 -0.0136141460335
507 0.00164244015223 0.00280068973686 -0.0136141460335
508 0.00164244015223 0.00280068973686 -0.0136141460335
509 0.00164244015223 0.00280068973686 -0.0136141460335
510 0.00164244015223 0.00280068973686 -0.0136141460335
511 0.00164244015223 0.00280068973686 -0.0136141460335
512 0.00164244015223 0.00280068973686 -0.0136141460335
513 0.00164244015223 0.00280068973686 -0.0136141460335
514 0.00164244015223 0.00280068973686 -0.0136141460335
515 0.00164244015223 0.00280068973686 -0.0136141460335
516 0.00164244015223 0.00280068973686 -0.0136141460335
517 0.00164244015223 0.00280068973686 -0.0136141460335
518 0.00164244015223 0.00280068973686 -0.0136141460335
519 0.00164244015223 0.00280068973686 -0.0136141460335
520 0.00164244015223 0.00280068973686 -0.0136141460335
521 0.00164244015223 0.00280068973686 -0.0136141460335
522 0.00164244015223 0.00280068973686 -0.0136141460335
523 0.00164244015223 0.00280068973686 -0.0136141460335
524 0.00164244015223 0.00280068973686 -0.0136141460335
525 0.00164244015223 0.00280068973686 -0.0136141460335
526 0.00164244015223 0.00280068973686 -0.0136141460335
527 0.00164244015223 0.00280068973686 -0.0136141460335
528 0.00164244015223 0.00280068973686 -0.0136141460335
529 0.00164244015223 0.00280068973686 -0.0136141460335
530 0.00164244015223 0.00280068973686 -0.0136141460335
531 0.00164244015223 0.00280068973686 -0.0136141460335
532 0.00164244015223 0.00280068973686 -0.0136141460335
533 0.00164244015223 0.00280068973686 -0.0136141460335
534 0.00164244015223 0.00280068973686 -0.0136141460335
535 0.00164244015223 0.00280068973686 -0.0136141460335
536 0.00164244015223 0.00280068973686 -0.0136141460335
537 0.00164244015223 0.00280068973686 -0.0136141460335
538 0.00164244015223 0.00280068973686 -0.0136141460335
539 0.00164244015223 0.00280068973686 -0.0136141460335
540 0.00164244015223 0.00280068973686 -0.0136141460335
541 0.00164244015223 0.00280068973686 -0.0136141460335
542 0.00164244015223 0.00280068973686 -0.0136141460335
543 0.00164244015223 0.00280068973686 -0.0136141460335
544 0.00164244015223 0.00280068973686 -0.0136141460335
545 0.00164244015223 0.00280068973686 -0.0136141460335
546 0.00164244015223 0.00280068973686 -0.0136141460335
547 0.00164244015223 0.00280068973686 -0.0136141460335
548 0.00164244015223 0.00280068973686 -0.0136141460335
549 0.00164244015223 0.00280068973686 -0.0136141460335
550 0.00164244015223 0.00280068973686 -0.0136141460335
551 0.00220877127569 0.00280068973686 -0.0136141460335
552 0.00220877127569 0.00280068973686 -0.0136141460335
553 0.00220877127569 0.00280068973686 -0.0136141460335
554 0.00220877127569 0.00280068973686 -0.0136141460335
555 0.00220877127569 0.00280068973686 -0.0136141460335
556 0.00220877127569 0.00280068973686 -0.0136141460335
557 0.00220877127569 0.00280068973686 -0.0136141460335
558 0.00220877127569 0.00280068973686 -0.0136141460335
559 0.00220877127569 0.00280068973686 -0.0136141460335
560 0.00220877127569 0.00280068973686 -0.0136141460335
561 0.00220877127569 0.00280068973686 -0.0136141460335
562 0.00220877127569 0.00280068973686 -0.0136141460335
563 0.00220877127569 0.00280068973686 -0.0136141460335
564 0.00220877127569 0.00280068973686 -0.0136141460335
565 0.00220877127569 0.00280068973686 -0.0136141460335
566 0.00220877127569 0.00280068973686 -0.0136141460335
567 0.00220877127569 0.00280068973686 -0.0136141460335
568 0.00220877127569 0.00280068973686 -0.0136141460335
569 0.00220877127569 0.00280068973686 -0.0136141460335
570 0.00220877127569 0.00280068973686 -0.0136141460335
571 0.00220877127569 0.00280068973686 -0.0136141460335
572 0.00220877127569 0.00280068973686 -0.0136141460335
573 0.00220877127569 0.00280068973686 -0.0136141460335
574 0.00220877127569 0.00280068973686 -0.0136141460335
575 0.00220877127569 0.00280068973686 -0.0136141460335
576 0.00220877127569 0.00280068973686 -0.0136141460335
577 0.00220877127569 0.00280068973686 -0.0136141460335
578 0.00220877127569 0.00280068973686 -0.0136141460335
579 0.00220877127569 0.00280068973686 -0.0136141460335
580 0.00220877127569 0.00280068973686 -0.0136141460335
581 0.00220877127569 0.00280068973686 -0.0136141460335
582 0.00220877127569 0.00280068973686 -0.0136141460335
583 0.00220877127569 0.00280068973686 -0.0136141460335
584 0.00220877127569 0.00280068973686 -0.0136141460335
585 0.00220877127569 0.00280068973686 -0.0136141460335
586 0.00220877127569 0.00280068973686 -0.0136141460335
587 0.00220877127569 0.00280068973686 -0.0136141460335
588 0.00220877127569 0.00280068973686 -0.0136141460335
589 0.00220877127569 0.00280068973686 -0.0136141460335
590 0.00220877127569 0.00280068973686 -0.0136141460335
591 0.00220877127569 0.00280068973686 -0.0136141460335
592 0.00220877127569 0.00280068973686 -0.0136141460335
593 0.00220877127569 0.00280068973686 -0.0136141460335
594 0.00220877127569 0.00280068973686 -0.0136141460335
595 0.00220877127569 0.00280068973686 -0.0136141460335
596 0.00220877127569 0.00280068973686 -0.0136141460335
597 0.00220877127569 0.00280068973686 -0.0136141460335
598 0.00220877127569 0.00280068973686 -0.0136141460335
599 0.00220877127569 0.00280068973686 -0.0136141460335
600 0.00220877127569 0.00280068973686 -0.0136141460335
601 -0.00186060623335 -0.000173845579341 0.0227341379393
602 -0.00186060623335 -0.000173845579341 0.0227341379393
603 -0.00186060623335 -0.000173845579341 0.0227341379393
604 -0.00186060623335 -0.000173845579341 0.0227341379393
605 -0.00186060623335 -0.000173845579341 0.0227341379393
606 -0.00186060623335 -0.000173845579341 0.0227341379393
607 -0.00186060623335 -0.000173845579341 0.0227341379393
608 -0.00186060623335 -0.000173845579341 0.0227341379393
609 -0.00186060623335 -0.000173845579341 0.0227341379393
610 -0.00186060623335 -0.000173845579341 0.0227341379393
611 -0.00186060623335 -0.000173845579341 0.0227341379393
612 -0.00186060623335 -0.000173845579341 0.0227341379393
613 -0.00186060623335 -0.000173845579341 0.0227341379393
614 -0.00186060623335 -0.000173845579341 0.0227341379393
615 -0.00186060623335 -0.000173845579341 0.0227341379393
616 -0.00186060623335 -0.000173845579341 0.0227341379393
617 -0.00186060623335 -0.000173845579341 0.0227341379393
618 -0.00186060623335 -0.000173845579341 0.0227341379393
619 -0.00186060623335 -0.000173845579341 0.0227341379393
620 -0.00186060623335 -0.000173845579341 0.0227341379393
621 -0.00186060623335 -0.000173845579341 0.0227341379393
622 -0.00186060623335 -0.000173845579341 0.0227341379393
623 -0.00186060623335 -0.000173845579341 0.0227341379393
624 -0.00186060623335 -0.000173845579341 0.0227341379393
625 -0.00186060623335 -0.000173845579341 0.0227341379393
626 -0.00186060623335 -0.000173845579341 0.0227341379393
627 -0.00186060623335 -0.000173845579341 0.0227341379393
628 -0.00186060623335 -0.000173845579341 0.0227341379393
629 -0.00186060623335 -0.000173845579341 0.0227341379393
630 -0.00186060623335 -0.000173845579341 0.0227341379393
631 -0.00186060623335 -0.000173845579341 0.0227341379393
632 -0.00186060623335 -0.000173845579341 0.0227341379393
633 -0.00186060623335 -0.000173845579341 0.0227341379393
634 -0.00186060623335 -0.000173845579341 0.0227341379393
635 -0.00186060623335 -0.000173845579341 0.0227341379393
636 -0.00186060623335 -0.000173845579341 0.0227341379393
637 -0.00186060623335 -0.000173845579341 0.0227341379393
638 -0.00186060623335 -0.000173845579341 0.0227341379393
639 -0.00186060623335 -0.000173845579341 0.0227341379393
640 -0.00186060623335 -0.000173845579341 0.0227341379393
641 -0.00186060623335 -0.000173845579341 0.0227341379393
642 -0.00186060623335 -0.000173845579341 0.0227341379393
643 -0.00186060623335 -0.000173845579341 0.0227341379393
644 -0.00186060623335 -0.000173845579341 0.0227341379393
645 -0.00186060623335 -0.000173845579341 0.0227341379393
646 -0.00186060623335 -0.000173845579341 0.0227341379393
647 -0.00186060623335 -0.000173845579341 0.0227341379393
648 -0.00186060623335 -0.000173845579341 0.0227341379393
649 -0.00186060623335 -0.000173845579341 0.0227341379393
650 -0.00186060623335 -0.000173845579341 0.0227341379393
651 -0.0017232000583 -0.000173845579341 0.0227341379393
652 -0.0017232000583 -0.000173845579341 0.0227341379393
653 -0.0017232000583 -0.000173845579341 0.0227341379393
654 -0.0017232000583 -0.000173845579341 0.0227341379393
655 -0.0017232000583 -0.000173845579341 0.0227341379393
656 -0.0017232000583 -0.000173845579341 0.0227341379393
657 -0.0017232000583 -0.000173845579341 0.0227341379393
658 -0.0017232000583 -0.000173845579341 0.0227341379393
659 -0.0017232000583 -0.000173845579341 0.0227341379393
660 -0.0017232000583 -0.000173845579341 0.0227341379393
661 -0.0017232000583 -0.000173845579341 0.0227341379393
662 -0.0017232000583 -0.000173845579341 0.0227341379393
663 -0.0017232000583 -0.000173845579341 0.0227341379393
664 -0.0017232000583 -0.000173845579341 0.0227341379393
665 -0.0017232000583 -0.000173845579341 0.0227341379393
666 -0.0017232000583 -0.000173845579341 0.0227341379393
667 -0.0017232000583 -0.000173845579341 0.0227341379393
668 -0.0017232000583 -0.000173845579341 0.0227341379393
669 -0.0017232000583 -0.000173845579341 0.0227341379393
670 -0.0017232000583 -0.000173845579341 0.0227341379393
671 -0.0017232000583 -0.000173845579341 0.0227341379393
672 -0.0017232000583 -0.000173845579341 0.0227341379393
673 -0.0017232000583 -0.000173845579341 0.0227341379393
674 -0.0017232000583 -0.000173845579341 0.0227341379393
675 -0.0017232000583 -0.000173845579341 0.0227341379393
676 -0.0017232000583 -0.000173845579341 0.0227341379393
677 -0.0017232000583 -0.000173845579341 0.0227341379393
678 -0.0017232000583 -0.000173845579341 0.0227341379393
679 -0.0017232000583 -0.000173845579341 0.0227341379393
680 -0.0017232000583 -0.000173845579341 0.0227341379393
681 -0.0017232000583 -0.000173845579341 0.0227341379393
682 -0.0017232000583 -0.000173845579341 0.0227341379393
683 -0.0017232000583 -0.000173845579341 0.0227341379393
684 -0.0017232000583 -0.000173845579341 0.0227341379393
685 -0.0017232000583 -0.000173845579341 0.0227341379393
686 -0.0017232000583 -0.000173845579341 0.0227341379393
687 -0.0017232000583 -0.000173845579341 0.0227341379393
688 -0.0017232000583 -0.000173845579341 0.0227341379393
689 -0.0017232000583 -0.000173845579341 0.0227341379393
690 -0.0017232000583 -0.000173845579341 0.0227341379393
691 -0.0017232000583 -0.000173845579341 0.0227341379393
692 -0.0017232000583 -0.000173845579341 0.0227341379393
693 -0.0017232000583 -0.000173845579341 0.0227341379393
694 -0.0017232000583 -0.000173845579341 0.0227341379393
695 -0.0017232000583 -0.000173845579341 0.0227341379393
696 -0.0017232000583 -0.000173845579341 0.0227341379393
697 -0.0017232000583 -0.000173845579341 0.0227341379393
698 -0.0017232000583 -0.000173845579341 0.0227341379393
699 -0.0017232000583 -0.000173845579341 0.0227341379393
700 -0.0017232000583 -0.000173845579341 0.0227341379393
701 -0.00117531267239 0.00177871353261 -0.00242184222131
702 -0.00117531267239 0.00177871353261 -0.00242184222131
703 -0.00117531267239 0.00177871353261 -0.00242184222131
704 -0.00117531267239 0.00177871353261 -0.00242184222131
705 -0.00117531267239 0.00177871353261 -0.00242184222131
706 -0.00117531267239 0.00177871353261 -0.00242184222131
707 -0.00117531267239 0.00177871353261 -0.00242184222131
708 -0.00117531267239 0.00177871353261 -0.00242184222131
709 -0.00117531267239 0.00177871353261 -0.00242184222131
710 -0.00117531267239 0.00177871353261 -0.00242184222131
711 -0.00117531267239 0.00177871353261 -0.00242184222131
712 -0.00117531267239 0.00177871353261 -0.00242184222131
713 -0.00117531267239 0.00177871353261 -0.00242184222131
714 -0.00117531267239 0.00177871353261 -0.00242184222131
715 -0.00117531267239 0.00177871353261 -0.00242184222131
716 -0.00117531267239 0.00177871353261 -0.00242184222131
717 -0.00117531267239 0.00177871353261 -0.00242184222131
718 -0.00117531267239 0.00177871353261 -0.00242184222131
719 -0.00117531267239 0.00177871353261 -0.00242184222131
720 -0.00117531267239 0.00177871353261 -0.00242184222131
721 -0.00117531267239 0.00177871353261 -0.00242184222131
722 -0.00117531267239 0.00177871353261 -0.00242184222131
723 -0.00117531267239 0.00177871353261 -0.00242184222131
724 -0.00117531267239 0.00177871353261 -0.00242184222131
725 -0.00117531267239 0.00177871353261 -0.00242184222131
726 -0.00117531267239 0.00177871353261 -0.00242184222131
727 -0.00117531267239 0.00177871353261 -0.00242184222131
728 -0.00117531267239 0.00177871353261 -0.00242184222131
729 -0.00117531267239 0.00177871353261 -0.00242184222131
730 -0.00117531267239 0.00177871353261 -0.00242184222131
731 -0.00117531267239 0.00177871353261 -0.00242184222131
732 -0.00117531267239 0.00177871353261 -0.00242184222131
733 -0.00117531267239 0.00177871353261 -0.00242184222131
734 -0.00117531267239 0.00177871353261 -0.00242184222131
735 -0.00117531267239 0.00177871353261 -0.00242184222131
736 -0.00117531267239 0.00177871353261 -0.00242184222131
737 -0.00117531267239 0.00177871353261 -0.00242184222131
738 -0.00117531267239 0.00177871353261 -0.00242184222131
739 -0.00117531267239 0.00177871353261 -0.00242184222131
740 -0.00117531267239 0.00177871353261 -0.00242184222131
741 -0.00117531267239 0.00177871353261 -0.00242184222131
742 -0.00117531267239 0.00177871353261 -0.00242184222131
743 -0.00117531267239 0.00177871353261 -0.00242184222131
744 -0.00117531267239 0.00177871353261 -0.00242184222131
745 -0.00117531267239 0.00177871353261 -0.00242184222131
746 -0.00117531267239 0.00177871353261 -0.00242184222131
747 -0.00117531267239 0.00177871353261 -0.00242184222131
748 -0.00117531267239 0.00177871353261 -0.00242184222131
749 -0.00117531267239 0.00177871353261 -0.00242184222131
750 -0.00117531267239 0.00177871353261 -0.00242184222131
751 0.000365436142647 0.00177871353261 -0.00242184222131
752 0.000365436142647 0.00177871353261 -0.00242184222131
753 0.000365436142647 0.00177871353261 -0.00242184222131
754 0.000365436142647 0.00177871353261 -0.00242184222131
755 0.000365436142647 0.00177871353261 -0.00242184222131
756 0.000365436142647 0.00177871353261 -0.00242184222131
757 0.000365436142647 0.00177871353261 -0.00242184222131
758 0.000365436142647 0.00177871353261 -0.00242184222131
759 0.000365436142647 0.00177871353261 -0.00242184222131
760 0.000365436142647 0.00177871353261 -0.00242184222131
761 0.000365436142647 0.00177871353261 -0.00242184222131
762 0.000365436142647 0.00177871353261 -0.00242184222131
763 0.000365436142647 0.00177871353261 -0.00242184222131
764 0.000365436142647 0.00177871353261 -0.00242184222131
765 0.000365436142647 0.00177871353261 -0.00242184222131
766 0.000365436142647 0.00177871353261 -0.00242184222131
767 0.000365436142647 0.00177871353261 -0.00242184222131
768 0.000365436142647 0.00177871353261 -0.00242184222131
769 0.000365436142647 0.00177871353261 -0.00242184222131
770 0.000365436142647 0.00177871353261 -0.00242184222131
771 0.000365436142647 0.00177871353261 -0.00242184222131
772 0.000365436142647 0.00177871353261 -0.00242184222131
773 0.000365436142647 0.00177871353261 -0.00242184222131
774 0.000365436142647 0.00177871353261 -0.00242184222131
775 0.000365436142647 0.00177871353261 -0.00242184222131
776 0.000365436142647 0.00177871353261 -0.00242184222131
777 0.000365436142647 0.00177871353261 -0.00242184222131
778 0.000365436142647 0.00177871353261 -0.00242184222131
779 0.000365436142647 0.00177871353261 -0.00242184222131
780 0.000365436142647 0.00177871353261 -0.00242184222131
781 0.000365436142647 0.00177871353261 -0.00242184222131
782 0.000365436142647 0.00177871353261 -0.00242184222131
783 0.000365436142647 0.00177871353261 -0.00242184222131
784 0.000365436142647 0.00177871353261 -0.00242184222131
785 0.000365436142647 0.00177871353261 -0.00242184222131
786 0.000365436142647 0.00177871353261 -0.00242184222131
787 0.000365436142647 0.00177871353261 -0.00242184222131
788 0.000365436142647 0.00177871353261 -0.00242184222131
789 0.000365436142647 0.00177871353261 -0.00242184222131
790 0.000365436142647 0.00177871353261 -0.00242184222131
791 0.000365436142647 0.00177871353261 -0.00242184222131
792 0.000365436142647 0.00177871353261 -0.00242184222131
793 0.000365436142647 0.00177871353261 -0.00242184222131
794 0.000365436142647 0.00177871353261 -0.00242184222131
795 0.000365436142647 0.00177871353261 -0.00242184222131
796 0.000365436142647 0.00177871353261 -0.00242184222131
797 0.000365436142647 0.00177871353261 -0.00242184222131
798 0.000365436142647 0.00177871353261 -0.00242184222131
799 0.000365436142647 0.00177871353261 -0.00242184222131
800 0.000365436142647 0.00177871353261 -0.00242184222131
801 0.000445981933474 -0.0090955757929 -0.00965397382881
802 0.000445981933474 -0.0090955757929 -0.00965397382881
803 0.000445981933474 -0.0090955757929 -0.00965397382881
804 0.000445981933474 -0.0090955757929 -0.00965397382881
805 0.000445981933474 -0.0090955757929 -0.00965397382881
806 0.000445981933474 -0.0090955757929 -0.00965397382881
807 0.000445981933474 -0.0090955757929 -0.00965397382881
808 0.000445981933474 -0.0090955757929 -0.00965397382881
809 0.000445981933474 -0.0090955757929 -0.00965397382881
810 0.000445981933474 -0.0090955757929 -0.00965397382881
811 0.000445981933474 -0.0090955757929 -0.00965397382881
812 0.000445981933474 -0.0090955757929 -0.00965397382881
813 0.000445981933474 -0.0090955757929 -0.00965397382881
814 0.000445981933474 -0.0090955757929 -0.00965397382881
815 0.000445981933474 -0.0090955757929 -0.00965397382881
816 0.000445981933474 -0.0090955757929 -0.00965397382881
817 0.000445981933474 -0.0090955757929 -0.00965397382881
818 0.000445981933474 -0.0090955757929 -0.00965397382881
819 0.000445981933474 -0.0090955757929 -0.00965397382881
820 0.000445981933474 -0.0090955757929 -0.00965397382881
821 0.000445981933474 -0.0090955757929 -0.00965397382881
822 0.000445981933474 -0.0090955757929 -0.00965397382881
823 0.000445981933474 -0.0090955757929 -0.00965397382881
824 0.000445981933474 -0.0090955757929 -0.00965397382881
825 0.000445981933474 -0.0090955757929 -0.00965397382881
826 0.000445981933474 -0.0090955757929 -0.00965397382881
827 0.000445981933474 -0.0090955757929 -0.00965397382881
828 0.000445981933474 -0.0090955757929 -0.00965397382881
829 0.000445981933474 -0.0090955757929 -0.00965397382881
830 0.000445981933474 -0.0090955757929 -0.00965397382881
831 0.000445981933474 -0.0090955757929 -0.00965397382881
832 0.000445981933474 -0.0090955757929 -0.00965397382881
833 0.000445981933474 -0.0090955757929 -0.00965397382881
834 0.000445981933474 -0.0090955757929 -0.00965397382881
835 0.000445981933474 -0.0090955757929 -0.00965397382881
836 0.000445981933474 -0.0090955757929 -0.00965397382881
837 0.000445981933474 -0.0090955757929 -0.00965397382881
838 0.000445981933474 -0.0090955757929 -0.00965397382881
839 0.000445981933474 -0.0090955757929 -0.00965397382881
840 0.000445981933474 -0.0090955757929 -0.00965397382881
841 0.000445981933474 -0.0090955757929 -0.00965397382881
842 0.000445981933474 -0.0090955757929 -0.00965397382881
843 0.000445981933474 -0.0090955757929 -0.00965397382881
844 0.000445981933474 -0.0090955757929 -0.00965397382881
845 0.000445981933474 -0.0090955757929 -0.00965397382881
846 0.000445981933474 -0.0090955757929 -0.00965397382881
847 0.000445981933474 -0.0090955757929 -0.00965397382881
848 0.000445981933474 -0.0090955757929 -0.00965397382881
849 0.000445981933474 -0.0090955757929 -0.00965397382881
850 0.000445981933474 -0.0090955757929 -0.00965397382881
851 0.000734381237194 -0.0090955757929 -0.00965397382881
852 0.000734381237194 -0.0090955757929 -0.00965397382881
853 0.000734381237194 -0.0090955757929 -0.00965397382881
854 0.000734381237194 -0.0090955757929 -0.00965397382881
855 0.000734381237194 -0.0090955757929 -0.00965397382881
856 0.000734381237194 -0.0090955757929 -0.00965397382881
857 0.000734381237194 -0.0090955757929 -0.00965397382881
858 0.000734381237194 -0.0090955757929 -0.00965397382881
859 0.000734381237194 -0.0090955757929 -0.00965397382881
860 0.000734381237194 -0.0090955757929 -0.00965397382881
861 0.000734381237194 -0.0090955757929 -0.00965397382881
862 0.000734381237194 -0.0090955757929 -0.00965397382881
863 0.000734381237194 -0.0090955757929 -0.00965397382881
864 0.000734381237194 -0.0090955757929 -0.00965397382881
865 0.000734381237194 -0.0090955757929 -0.00965397382881
866 0.000734381237194 -0.0090955757929 -0.00965397382881
867 0.000734381237194 -0.0090955757929 -0.00965397382881
868 0.000734381237194 -0.0090955757929 -0.00965397382881
869 0.000734381237194 -0.0090955757929 -0.00965397382881
870 0.000734381237194 -0.0090955757929 -0.00965397382881
871 0.000734381237194 -0.0090955757929 -0.00965397382881
872 0.000734381237194 -0.0090955757929 -0.00965397382881
873 0.000734381237194 -0.0090955757929 -0.00965397382881
874 0.000734381237194 -0.0090955757929 -0.00965397382881
875 0.000734381237194 -0.0090955757929 -0.00965397382881
876 0.000734381237194 -0.0090955757929 -0.00965397382881
877 0.000734381237194 -0.0090955757929 -0.00965397382881
878 0.000734381237194 -0.0090955757929 -0.00965397382881
879 0.000734381237194 -0.0090955757929 -0.00965397382881
880 0.000734381237194 -0.0090955757929 -0.00965397382881
881 0.000734381237194 -0.0090955757929 -0.00965397382881
882 0.000734381237194 -0.0090955757929 -0.00965397382881
883 0.000734381237194 -0.0090955757929 -0.00965397382881
884 0.000734381237194 -0.0090955757929 -0.00965397382881
885 0.000734381237194 -0.0090955757929 -0.00965397382881
886 0.000734381237194 -0.0090955757929 -0.00965397382881
887 0.000734381237194 -0.0090955757929 -0.00965397382881
888 0.000734381237194 -0.0090955757929 -0.00965397382881
889 0.000734381237194 -0.0090955757929 -0.00965397382881
890 0.000734381237194 -0.0090955757929 -0.00965397382881
891 0.000734381237194 -0.0090955757929 -0.00965397382881
892 0.000734381237194 -0.0090955757929 -0.00965397382881
893 0.000734381237194 -0.0090955757929 -0.00965397382881
894 0.000734381237194 -0.0090955757929 -0.00965397382881
895 0.000734381237194 -0.0090955757929 -0.00965397382881
896 0.000734381237194 -0.0090955757929 -0.00965397382881
897 0.000734381237194 -0.0090955757929 -0.00965397382881
898 0.000734381237194 -0.0090955757929 -0.00965397382881
899 0.000734381237194 -0.0090955757929 -0.00965397382881
900 0.000734381237194 -0.0090955757929 -0.00965397382881
901 0.000904070105061 -0.000266883054011 0.000549204191997
902 0.000904070105061 -0.000266883054011 0.000549204191997
903 0.000904070105061 -0.000266883054011 0.000549204191997
904 0.000904070105061 -0.000266883054011 0.000549204191997
905 0.000904070105061 -0.000266883054011 0.000549204191997
906 0.000904070105061 -0.000266883054011 0.000549204191997
907 0.000904070105061 -0.000266883054011 0.000549204191997
908 0.000904070105061 -0.000266883054011 0.000549204191997
909 0.000904070105061 -0.000266883054011 0.000549204191997
910 0.000904070105061 -0.000266883054011 0.000549204191997
911 0.000904070105061 -0.000266883054011 0.000549204191997
912 0.000904070105061 -0.000266883054011 0.000549204191997
913 0.000904070105061 -0.000266883054011 0.000549204191997
914 0.000904070105061 -0.000266883054011 0.000549204191997
915 0.000904070105061 -0.000266883054011 0.000549204191997
916 0.000904070105061 -0.000266883054011 0.000549204191997
917 0.000904070105061 -0.000266883054011 0.000549204191997
918 0.000904070105061 -0.000266883054011 0.000549204191997
919 0.000904070105061 -0.000266883054011 0.000549204191997
920 0.000904070105061 -0.000266883054011 0.000549204191997
921 0.000904070105061 -0.000266883054011 0.000549204191997
922 0.000904070105061 -0.000266883054011 0.000549204191997
923 0.000904070105061 -0.000266883054011 0.000549204191997
924 0.000904070105061 -0.000266883054011 0.000549204191997
925 0.000904070105061 -0.000266883054011 0.000549204191997
926 0.000904070105061 -0.000266883054011 0.000549204191997
927 0.000904070105061 -0.000266883054011 0.000549204191997
928 0.000904070105061 -0.000266883054011 0.000549204191997
929 0.000904070105061 -0.000266883054011 0.000549204191997
930 0.000904070105061 -0.000266883054011 0.000549204191997
931 0.000904070105061 -0.000266883054011 0.000549204191997
932 0.000904070105061 -0.000266883054011 0.000549204191997
933 0.000904070105061 -0.000266883054011 0.000549204191997
934 0.000904070105061 -0.000266883054011 0.000549204191997
935 0.000904070105061 -0.000266883054011 0.000549204191997
936 0.000904070105061 -0.000266883054011 0.000549204191997
937 0.000904070105061 -0.000266883054011 0.000549204191997
938 0.000904070105061 -0.000266883054011 0.000549204191997
939 0.000904070105061 -0.000266883054011 0.000549204191997
940 0.000904070105061 -0.000266883054011 0.000549204191997
941 0.000904070105061 -0.000266883054011 0.000549204191997
942 0.000904070105061 -0.000266883054011 0.000549204191997
943 0.000904070105061 -0.000266883054011 0.000549204191997
944 0.000904070105061 -0.000266883054011 0.000549204191997
945 0.000904070105061 -0.000266883054011 0.000549204191997
946 0.000904070105061 -0.000266883054011 0.000549204191997
947 0.000904070105061 -0.000266883054011 0.000549204191997
948 0.000904070105061 -0.000266883054011 0.000549204191997
949 0.000904070105061 -0.000266883054011 0.000549204191997
950 0.000904070105061 -0.000266883054011 0.000549204191997
951 0.000904070105061 -0.000266883054011 0.000549204191997
952 0.000904070105061 -0.000266883054011 0.000549204191997
953 0.000904070105061 -0.000266883054011 0.000549204191997
954 0.000904070105061 -0.000266883054011 0.000549204191997
955 0.000904070105061 -0.000266883054011 0.000549204191997
956 0.000904070105061 -0.000266883054011 0.000549204191997
957 0.000904070105061 -0.000266883054011 0.000549204191997
958 0.000904070105061 -0.000266883054011 0.000549204191997
959 0.000904070105061 -0.000266883054011 0.000549204191997
960 0.000904070105061 -0.000266883054011 0.000549204191997
961 0.000904070105061 -0.000266883054011 0.000549204191997
962 0.000904070105061 -0.000266883054011 0.000549204191997
963 0.000904070105061 -0.000266883054011 0.000549204191997
964 0.000904070105061 -0.000266883054011 0.000549204191997
965 0.000904070105061 -0.000266883054011 0.000549204191997
966 0.000904070105061 -0.000266883054011 0.000549204191997
967 0.000904070105061 -0.000266883054011 0.000549204191997
968 0.000904070105061 -0.000266883054011 0.000549204191997
969 0.000904070105061 -0.000266883054011 0.000549204191997
970 0.000904070105061 -0.000266883054011 0.000549204191997
971 0.00444794156889 -0.000266883054011 0.000549204191997
972 0.00444794156889 -0.000266883054011 0.000549204191997
973 0.00444794156889 -0.000266883054011 0.000549204191997
974 0.00444794156889 -0.000266883054011 0.000549204191997
975 0.00444794156889 -0.000266883054011 0.000549204191997
976 0.00444794156889 -0.000266883054011 0.000549204191997
977 0.00444794156889 -0.000266883054011 0.000549204191997
978 0.00444794156889 -0.000266883054011 0.000549204191997
979 0.00444794156889 -0.000266883054011 0.000549204191997
980 0.00444794156889 -0.000266883054011 0.000549204191997
981 0.00444794156889 -0.000266883054011 0.000549204191997
982 0.00444794156889 -0.000266883054011 0.000549204191997
983 0.00444794156889 -0.000266883054011 0.000549204191997
984 0.00444794156889 -0.000266883054011 0.000549204191997
985 0.00444794156889 -0.000266883054011 0.000549204191997
986 0.00444794156889 -0.000266883054011 0.000549204191997
987 0.00444794156889 -0.000266883054011 0.000549204191997
988 0.00444794156889 -0.000266883054011 0.000549204191997
989 0.00444794156889 -0.000266883054011 0.000549204191997
990 0.00444794156889 -0.000266883054011 0.000549204191997
991 0.00444794156889 -0.000266883054011 0.000549204191997
992 0.00444794156889 -0.000266883054011 0.000549204191997
993 0.00444794156889 -0.000266883054011 0.000549204191997
994 0.00444794156889 -0.000266883054011 0.000549204191997
995 0.00444794156889 -0.000266883054011 0.000549204191997
996 0.00444794156889 -0.000266883054011 0.000549204191997
997 0.00444794156889 -0.000266883054011 0.000549204191997
998 0.00444794156889 -0.000266883054011 0.000549204191997
999 0.00444794156889 -0.000266883054011 0.000549204191997
1000 0.00444794156889 -0.000266883054011 0.000549204191997
1001 0.00444794156889 0.0 0.0
1002 0.00444794156889 0.0 0.0
1003 0.00444794156889 0.0 0.0
1004 0.00444794156889 0.0 0.0
1005 0.00444794156889 0.0 0.0
1006 0.00444794156889 0.0 0.0
1007 0.00444794156889 0.0 0.0
1008 0.00444794156889 0.0 0.0
1009 0.00444794156889 0.0 0.0
1010 0.00444794156889 0.0 0.0
1011 0.00444794156889 0.0 0.0
1012 0.00444794156889 0.0 0.0
1013 0.00444794156889 0.0 0.0
1014 0.00444794156889 0.0 0.0
1015 0.00444794156889 0.0 0.0
1016 0.00444794156889 0.0 0.0
1017 0.00444794156889 0.0 0.0
1018 0.00444794156889 0.0 0.0
1019 0.00444794156889 0.0 0.0
1020 0.00444794156889 0.0 0.0
1021 0.00444794156889 0.0 0.0
1022 0.00444794156889 0.0 0.0
1023 0.00444794156889 0.0 0.0
1024 0.00444794156889 0.0 0.0
1025 0.00444794156889 0.0 0.0
1026 0.00444794156889 0.0 0.0
1027 0.00444794156889 0.0 0.0
1028 0.00444794156889 0.0 0.0
1029 0.00444794156889 0.0 0.0
1030 0.00444794156889 0.0 0.0
1031 -0.000916884154077 0.0 0.0
1032 -0.000916884154077 0.0 0.0
1033 -0.000916884154077 0.0 0.0
1034 -0.000916884154077 0.0 0.0
1035 -0.000916884154077 0.0 0.0
1036 -0.000916884154077 0.0 0.0
1037 -0.000916884154077 0.0 0.0
1038 -0.000916884154077 0.0 0.0
1039 -0.000916884154077 0.0 0.0
1040 -0.000916884154077 0.0 0.0
1041 -0.000916884154077 0.0 0.0
1042 -0.000916884154077 0.0 0.0
1043 -0.000916884154077 0.0 0.0
1044 -0.000916884154077 0.0 0.0
1045 -0.000916884154077 0.0 0.0
1046 -0.000916884154077 0.0 0.0
1047 -0.000916884154077 0.0 0.0
1048 -0.000916884154077 0.0 0.0
1049 -0.000916884154077 0.0 0.0
1050 -0.000916884154077 0.0 0.0
1051 -0.000916884154077 0.0 0.0
1052 -0.000916884154077 0.0 0.0
1053 -0.000916884154077 0.0 0.0
1054 -0.000916884154077 0.0 0.0
1055 -0.000916884154077 0.0 0.0
1056 -0.000916884154077 0.0 0.0
1057 -0.000916884154077 0.0 0.0
1058 -0.000916884154077 0.0 0.0
1059 -0.000916884154077 0.0 0.0
1060 -0.000916884154077 0.0 0.0
1061 -0.000916884154077 0.0 0.0
1062 -0.000916884154077 0.0 0.0
1063 -0.000916884154077 0.0 0.0
1064 -0.000916884154077 0.0 0.0
1065 -0.000916884154077 0.0 0.0
1066 -0.000916884154077 0.0 0.0
1067 -0.000916884154077 0.0 0.0
1068 -0.000916884154077 0.0 0.0
1069 -0.000916884154077 0.0 0.0
1070 -0.000916884154077 0.0 0.0
1071 -0.000916884154077 0.0 0.0
1072 -0.000916884154077 0.0 0.0
1073 -0.000916884154077 0.0 0.0
1074 -0.000916884154077 0.0 0.0
1075 -0.000916884154077 0.0 0.0
1076 -0.000916884154077 0.0 0.0
1077 -0.000916884154077 0.0 0.0
1078 -0.000916884154077 0.0 0.0
1079 -0.000916884154077 0.0 0.0
1080 -0.000916884154077 0.0 0.0
1081 -0.000916884154077 0.0 0.0
1082 -0.000916884154077 0.0 0.0
1083 -0.000916884154077 0.0 0.0
1084 -0.000916884154077 0.0 0.0
1085 -0.000916884154077 0.0 0.0
1086 -0.000916884154077 0.0 0.0
1087 -0.000916884154077 0.0 0.0
1088 -0.000916884154077 0.0 0.0
1089 -0.000916884154077 0.0 0.0
1090 -0.000916884154077 0.0 0.0
1091 -0.000375673755471 0.0 0.0
1092 -0.000375673755471 0.0 0.0
1093 -0.000375673755471 0.0 0.0
1094 -0.000375673755471 0.0 0.0
1095 -0.000375673755471 0.0 0.0
1096 -0.000375673755471 0.0 0.0
1097 -0.000375673755471 0.0 0.0
1098 -0.000375673755471 0.0 0.0
1099 -0.000375673755471 0.0 0.0
1100 -0.000375673755471 0.0 0.0
1101 -0.000375673755471 0.0 0.0
1102 -0.000375673755471 0.0 0.0
1103 -0.000375673755471 0.0 0.0
1104 -0.000375673755471 0.0 0.0
1105 -0.000375673755471 0.0 0.0
1106 -0.000375673755471 0.0 0.0
1107 -0.000375673755471 0.0 0.0
1108 -0.000375673755471 0.0 0.0
1109 -0.000375673755471 0.0 0.0
1110 -0.000375673755471 0.0 0.0
1111 -0.000375673755471 0.0 0.0
1112 -0.000375673755471 0.0 0.0
1113 -0.000375673755471 0.0 0.0
1114 -0.000375673755471 0.0 0.0
1115 -0.000375673755471 0.0 0.0
1116 -0.000375673755471 0.0 0.0
1117 -0.000375673755471 0.0 0.0
1118 -0.000375673755471 0.0 0.0
1119 -0.000375673755471 0.0 0.0
1120 -0.000375673755471 0.0 0.0
1121 -0.000375673755471 0.0 0.0
1122 -0.000375673755471 0.0 0.0
1123 -0.000375673755471 0.0 0.0
1124 -0.000375673755471 0.0 0.0
1125 -0.000375673755471 0.0 0.0
1126 -0.000375673755471 0.0 0.0
1127 -0.000375673755471 0.0 0.0
1128 -0.000375673755471 0.0 0.0
1129 -0.000375673755471 0.0 0.0
1130 -0.000375673755471 0.0 0.0
1131 -0.000375673755471 0.0 0.0
1132 -0.000375673755471 0.0 0.0
1133 -0.000375673755471 0.0 0.0
1134 -0.000375673755471 0.0 0.0
1135 -0.000375673755471 0.0 0.0
1136 -0.000375673755471 0.0 0.0
1137 -0.000375673755471 0.0 0.0
1138 -0.000375673755471 0.0 0.0
1139 -0.000375673755471 0.0 0.0
1140 -0.000375673755471 0.0 0.0
1141 -0.000375673755471 0.0 0.0
1142 -0.000375673755471 0.0 0.0
1143 -0.000375673755471 0.0 0.0
1144 -0.000375673755471 0.0 0.0
1145 -0.000375673755471 0.0 0.0
1146 -0.000375673755471 0.0 0.0
1147 -0.000375673755471 0.0 0.0
1148 -0.000375673755471 0.0 0.0
1149 -0.000375673755471 0.0 0.0
1150 -0.000375673755471 0.0 0.0
1151 -0.00156985203581 0.0 0.0
1152 -0.00156985203581 0.0 0.0
1153 -0.00156985203581 0.0 0.0
1154 -0.00156985203581 0.0 0.0
1155 -0.00156985203581 0.0 0.0
1156 -0.00156985203581 0.0 0.0
1157 -0.00156985203581 0.0 0.0
1158 -0.00156985203581 0.0 0.0
1159 -0.00156985203581 0.0 0.0
1160 -0.00156985203581 0.0 0.0
1161 -0.00156985203581 0.0 0.0
1162 -0.00156985203581 0.0 0.0
1163 -0.00156985203581 0.0 0.0
1164 -0.00156985203581 0.0 0.0
1165 -0.00156985203581 0.0 0.0
1166 -0.00156985203581 0.0 0.0
1167 -0.00156985203581 0.0 0.0
1168 -0.00156985203581 0.0 0.0
1169 -0.00156985203581 0.0 0.0
1170 -0.00156985203581 0.0 0.0
1171 -0.00156985203581 0.0 0.0
1172 -0.00156985203581 0.0 0.0
1173 -0.00156985203581 0.0 0.0
1174 -0.00156985203581 0.0 0.0
1175 -0.00156985203581 0.0 0.0
1176 -0.00156985203581 0.0 0.0
1177 -0.00156985203581 0.0 0.0
1178 -0.00156985203581 0.0 0.0
1179 -0.00156985203581 0.0 0.0
1180 -0.00156985203581 0.0 0.0
1181 -0.00156985203581 0.0 0.0
1182 -0.00156985203581 0.0 0.0
1183 -0.00156985203581 0.0 0.0
1184 -0.00156985203581 0.0 0.0
1185 -0.00156985203581 0.0 0.0
1186 -0.00156985203581 0.0 0.0
1187 -0.00156985203581 0.0 0.0
1188 -0.00156985203581 0.0 0.0
1189 -0.00156985203581 0.0 0.0
1190 -0.00156985203581 0.0 0.0
1191 -0.00156985203581 0.0 0.0
1192 -0.00156985203581 0.0 0.0
1193 -0.00156985203581 0.0 0.0
1194 -0.00156985203581 0.0 0.0
1195 -0.00156985203581 0.0 0.0
1196 -0.00156985203581 0.0 0.0
1197 -0.00156985203581 0.0 0.0
1198 -0.00156985203581 0.0 0.0
1199 -0.00156985203581 0.0 0.0
1200 -0.00156985203581 0.0 0.0
1201 -0.00156985203581 0.0 0.0
1202 -0.00156985203581 0.0 0.0
1203 -0.00156985203581 0.0 0.0
1204 -0.00156985203581 0.0 0.0
1205 -0.00156985203581 0.0 0.0
1206 -0.00156985203581 0.0 0.0
1207 -0.00156985203581 0.0 0.0
1208 -0.00156985203581 0.0 0.0
1209 -0.00156985203581 0.0 0.0
1210 -0.00156985203581 0.0 0.0
1211 0.00369864603685 0.0 0.0
1212 0.00369864603685 0.0 0.0
1213 0.00369864603685 0.0 0.0
1214 0.00369864603685 0.0 0.0
1215 0.00369864603685 0.0 0.0
1216 0.00369864603685 0.0 0.0
1217 0.00369864603685 0.0 0.0
1218 0.00369864603685 0.0 0.0
1219 0.00369864603685 0.0 0.0
1220 0.00369864603685 0.0 0.0
1221 0.00369864603685 0.0 0.0
1222 0.00369864603685 0.0 0.0
1223 0.00369864603685 0.0 0.0
1224 0.00369864603685 0.0 0.0
1225 0.00369864603685 0.0 0.0
1226 0.00369864603685 0.0 0.0
1227 0.00369864603685 0.0 0.0
1228 0.00369864603685 0.0 0.0
1229 0.00369864603685 0.0 0.0
1230 0.00369864603685 0.0 0.0
1231 0.00369864603685 0.0 0.0
1232 0.00369864603685 0.0 0.0
1233 0.00369864603685 0.0 0.0
1234 0.00369864603685 0.0 0.0
1235 0.00369864603685 0.0 0.0
1236 0.00369864603685 0.0 0.0
1237 0.00369864603685 0.0 0.0
1238 0.00369864603685 0.0 0.0
1239 0.00369864603685 0.0 0.0
1240 0.00369864603685 0.0 0.0
1241 0.00369864603685 0.0 0.0
1242 0.00369864603685 0.0 0.0
1243 0.00369864603685 0.0 0.0
1244 0.00369864603685 0.0 0.0
1245 0.00369864603685 0.0 0.0
1246 0.00369864603685 0.0 0.0
1247 0.00369864603685 0.0 0.0
1248 0.00369864603685 0.0 0.0
1249 0.00369864603685 0.0 0.0
1250 0.00369864603685 0.0 0.0
1251 0.00369864603685 0.0 0.0
1252 0.00369864603685 0.0 0.0
1253 0.00369864603685 0.0 0.0
1254 0.00369864603685 0.0 0.0
1255 0.00369864603685 0.0 0.0
1256 0.00369864603685 0.0 0.0
1257 0.00369864603685 0.0 0.0
1258 0.00369864603685 0.0 0.0
1259 0.00369864603685 0.0 0.0
1260 0.00369864603685 0.0 0.0
1261 0.00369864603685 0.0 0.0
1262 0.00369864603685 0.0 0.0
1263 0.00369864603685 0.0 0.0
1264 0.00369864603685 0.0 0.0
1265 0.00369864603685 0.0 0.0
1266 0.00369864603685 0.0 0.0
1267 0.00369864603685 0.0 0.0
1268 0.00369864603685 0.0 0.0
1269 0.00369864603685 0.0 0.0
1270 0.00369864603685 0.0 0.0
1271 -0.00328140998046 0.0 0.0
1272 -0.00328140998046 0.0 0.0
1273 -0.00328140998046 0.0 0.0
1274 -0.00328140998046 0.0 0.0
1275 -0.00328140998046 0.0 0.0
1276 -0.00328140998046 0.0 0.0
1277 -0.00328140998046 0.0 0.0
1278 -0.00328140998046 0.0 0.0
1279 -0.00328140998046 0.0 0.0
1280 -0.00328140998046 0.0 0.0
1281 -0.00328140998046 0.0 0.0
1282 -0.00328140998046 0.0 0.0
1283 -0.00328140998046 0.0 0.0
1284 -0.00328140998046 0.0 0.0
1285 -0.00328140998046 0.0 0.0
1286 -0.00328140998046 0.0 0.0
1287 -0.00328140998046 0.0 0.0
1288 -0.00328140998046 0.0 0.0
1289 -0.00328140998046 0.0 0.0
1290 -0.00328140998046 0.0 0.0
1291 -0.00328140998046 0.0 0.0
1292 -0.00328140998046 0.0 0.0
1293 -0.00328140998046 0.0 0.0
1294 -0.00328140998046 0.0 0.0
1295 -0.00328140998046 0.0 0.0
1296 -0.00328140998046 0.0 0.0
1297 -0.00328140998046 0.0 0.0
1298 -0.00328140998046 0.0 0.0
1299 -0.00328140998046 0.0 0.0
1300 -0.00328140998046 0.0 0.0
1301 -0.00328140998046 0.0 0.0
1302 -0.00328140998046 0.0 0.0
1303 -0.00328140998046 0.0 0.0
1304 -0.00328140998046 0.0 0.0
1305 -0.00328140998046 0.0 0.0
1306 -0.00328140998046 0.0 0.0
1307 -0.00328140998046 0.0 0.0
1308 -0.00328140998046 0.0 0.0
1309 -0.00328140998046 0.0 0.0
1310 -0.00328140998046 0.0 0.0
1311 -0.00328140998046 0.0 0.0
1312 -0.00328140998046 0.0 0.0
1313 -0.00328140998046 0.0 0.0
1314 -0.00328140998046 0.0 0.0
1315 -0.00328140998046 0.0 0.0
1316 -0.00328140998046 0.0 0.0
1317 -0.00328140998046 0.0 0.0
1318 -0.00328140998046 0.0 0.0
1319 -0.00328140998046 0.0 0.0
1320 -0.00328140998046 0.0 0.0
1321 -0.00328140998046 0.0 0.0
1322 -0.00328140998046 0.0 0.0
1323 -0.00328140998046 0.0 0.0
1324 -0.00328140998046 0.0 0.0
1325 -0.00328140998046 0.0 0.0
1326 -0.00328140998046 0.0 0.0
1327 -0.00328140998046 0.0 0.0
1328 -0.00328140998046 0.0 0.0
1329 -0.00328140998046 0.0 0.0
1330 -0.00328140998046 0.0 0.0
1331 0.00135056686951 0.0 0.0
1332 0.00135056686951 0.0 0.0
1333 0.00135056686951 0.0 0.0
1334 0.00135056686951 0.0 0.0
1335 0.00135056686951 0.0 0.0
1336 0.00135056686951 0.0 0.0
1337 0.00135056686951 0.0 0.0
1338 0.00135056686951 0.0 0.0
1339 0.00135056686951 0.0 0.0
1340 0.00135056686951 0.0 0.0
1341 0.00135056686951 0.0 0.0
1342 0.00135056686951 0.0 0.0
1343 0.00135056686951 0.0 0.0
1344 0.00135056686951 0.0 0.0
1345 0.00135056686951 0.0 0.0
1346 0.00135056686951 0.0 0.0
1347 0.00135056686951 0.0 0.0
1348 0.00135056686951 0.0 0.0
1349 0.00135056686951 0.0 0.0
1350 0.00135056686951 0.0 0.0
1351 0.00135056686951 0.0 0.0
1352 0.00135056686951 0.0 0.0
1353 0.00135056686951 0.0 0.0
1354 0.00135056686951 0.0 0.0
1355 0.00135056686951 0.0 0.0
1356 0.00135056686951 0.0 0.0
1357 0.00135056686951 0.0 0.0
1358 0.00135056686951 0.0 0.0
1359 0.00135056686951 0.0 0.0
1360 0.00135056686951 0.0 0.0
1361 0.00135056686951 0.0 0.0
1362 0.00135056686951 0.0 0.0
1363 0.00135056686951 0.0 0.0
1364 0.00135056686951 0.0 0.0
1365 0.00135056686951 0.0 0.0
1366 0.00135056686951 0.0 0.0
1367 0.00135056686951 0.0 0.0
1368 0.00135056686951 0.0 0.0
1369 0.00135056686951 0.0 0.0
1370 0.00135056686951 0.0 0.0
1371 0.00135056686951 0.0 0.0
1372 0.00135056686951 0.0 0.0
1373 0.00135056686951 0.0 0.0
1374 0.00135056686951 0.0 0.0
1375 0.00135056686951 0.0 0.0
1376 0.00135056686951 0.0 0.0
1377 0.00135056686951 0.0 0.0
1378 0.00135056686951 0.0 0.0
1379 0.00135056686951 0.0 0.0
1380 0.00135056686951 0.0 0.0
1381 0.00135056686951 0.0 0.0
1382 0.00135056686951 0.0 0.0
1383 0.00135056686951 0.0 0.0
1384 0.00135056686951 0.0 0.0
1385 0.00135056686951 0.0 0.0
1386 0.00135056686951 0.0 0.0
1387 0.00135056686951 0.0 0.0
1388 0.00135056686951 0.0 0.0
1389 0.00135056686951 0.0 0.0
1390 0.00135056686951 0.0 0.0
1391 0.000286460242027 0.0 0.0
1392 0.000286460242027 0.0 0.0
1393 0.000286460242027 0.0 0.0
1394 0.000286460242027 0.0 0.0
1395 0.000286460242027 0.0 0.0
1396 0.000286460242027 0.0 0.0
1397 0.000286460242027 0.0 0.0
1398 0.000286460242027 0.0 0.0
1399 0.000286460242027 0.0 0.0
1400 0.000286460242027 0.0 0.0
1401 0.000286460242027 0.0 0.0
1402 0.000286460242027 0.0 0.0
1403 0.000286460242027 0.0 0.0
1404 0.000286460242027 0.0 0.0
1405 0.000286460242027 0.0 0.0
1406 0.000286460242027 0.0 0.0
1407 0.000286460242027 0.0 0.0
1408 0.000286460242027 0.0 0.0
1409 0.000286460242027 0.0 0.0
1410 0.000286460242027 0.0 0.0
1411 0.000286460242027 0.0 0.0
1412 0.000286460242027 0.0 0.0
1413 0.000286460242027 0.0 0.0
1414 0.000286460242027 0.0 0.0
1415 0.000286460242027 0.0 0.0
1416 0.000286460242027 0.0 0.0
1417 0.000286460242027 0.0 0.0
1418 0.000286460242027 0.0 0.0
1419 0.000286460242027 0.0 0.0
1420 0.000286460242027 0.0 0.0
1421 0.000286460242027 0.0 0.0
1422 0.000286460242027 0.0 0.0
1423 0.000286460242027 0.0 0.0
1424 0.000286460242027 0.0 0.0
1425 0.000286460242027 0.0 0.0
1426 0.000286460242027 0.0 0.0
1427 0.000286460242027 0.0 0.0
1428 0.000286460242027 0.0 0.0
1429 0.000286460242027 0.0 0.0
1430 0.000286460242027 0.0 0.0
1431 0.000286460242027 0.0 0.0
1432 0.000286460242027 0.0 0.0
1433 0.000286460242027 0.0 0.0
1434 0.000286460242027 0.0 0.0
1435 0.000286460242027 0.0 0.0
1436 0.000286460242027 0.0 0.0
1437 0.000286460242027 0.0 0.0
1438 0.000286460242027 0.0 0.0
1439 0.000286460242027 0.0 0.0
1440 0.000286460242027 0.0 0.0
1441 0.000286460242027 0.0 0.0
1442 0.000286460242027 0.0 0.0
1443 0.000286460242027 0.0 0.0
1444 0.000286460242027 0.0 0.0
1445 0.000286460242027 0.0 0.0
1446 0.000286460242027 0.0 0.0
1447 0.000286460242027 0.0 0.0
1448 0.000286460242027 0.0 0.0
1449 0.000286460242027 0.0 0.0
1450 0.000286460242027 0.0 0.0
1451 -0.000589320583014 0.0 0.0
1452 -0.000589320583014 0.0 0.0
1453 -0.000589320583014 0.0 0.0
1454 -0.000589320583014 0.0 0.0
1455 -0.000589320583014 0.0 0.0
1456 -0.000589320583014 0.0 0.0
1457 -0.000589320583014 0.0 0.0
1458 -0.000589320583014 0.0 0.0
1459 -0.000589320583014 0.0 0.0
1460 -0.000589320583014 0.0 0.0
1461 -0.000589320583014 0.0 0.0
1462 -0.000589320583014 0.0 0.0
1463 -0.000589320583014 0.0 0.0
1464 -0.000589320583014 0.0 0.0
1465 -0.000589320583014 0.0 0.0
1466 -0.000589320583014 0.0 0.0
1467 -0.000589320583014 0.0 0.0
1468 -0.000589320583014 0.0 0.0
1469 -0.000589320583014 0.0 0.0
1470 -0.000589320583014 0.0 0.0
1471 -0.000589320583014 0.0 0.0
1472 -0.000589320583014 0.0 0.0
1473 -0.000589320583014 0.0 0.0
1474 -0.000589320583014 0.0 0.0
1475 -0.000589320583014 0.0 0.0
1476 -0.000589320583014 0.0 0.0
1477 -0.000589320583014 0.0 0.0
1478 -0.000589320583014 0.0 0.0
1479 -0.000589320583014 0.0 0.0
1480 -0.000589320583014 0.0 0.0
1481 -0.000589320583014 0.0 0.0
1482 -0.000589320583014 0.0 0.0
1483 -0.000589320583014 0.0 0.0
1484 -0.000589320583014 0.0 0.0
1485 -0.000589320583014 0.0 0.0
1486 -0.000589320583014 0.0 0.0
1487 -0.000589320583014 0.0 0.0
1488 -0.000589320583014 0.0 0.0
1489 -0.000589320583014 0.0 0.0
1490 -0.000589320583014 0.0 0.0
1491 -0.000589320583014 0.0 0.0
1492 -0.000589320583014 0.0 0.0
1493 -0.000589320583014 0.0 0.0
1494 -0.000589320583014 0.0 0.0
1495 -0.000589320583014 0.0 0.0
1496 -0.000589320583014 0.0 0.0
1497 -0.000589320583014 0.0 0.0
1498 -0.000589320583014 0.0 0.0
1499 -0.000589320583014 0.0 0.0
1500 -0.000589320583014 0.0 0.0
1501 -0.000589320583014 0.0 0.0
1502 -0.000589320583014 0.0 0.0
1503 -0.000589320583014 0.0 0.0
1504 -0.000589320583014 0.0 0.0
1505 -0.000589320583014 0.0 0.0
1506 -0.000589320583014 0.0 0.0
1507 -0.000589320583014 0.0 0.0
1508 -0.000589320583014 0.0 0.0
1509 -0.000589320583014 0.0 0.0
1510 -0.000589320583014 0.0 0.0
1511 -0.0054560915279 0.0 0.0
1512 -0.0054560915279 0.0 0.0
1513 -0.0054560915279 0.0 0.0
1514 -0.0054560915279 0.0 0.0
1515 -0.0054560915279 0.0 0.0
1516 -0.0054560915279 0.0 0.0
1517 -0.0054560915279 0.0 0.0
1518 -0.0054560915279 0.0 0.0
1519 -0.0054560915279 0.0 0.0
1520 -0.0054560915279 0.0 0.0
1521 -0.0054560915279 0.0 0.0
1522 -0.0054560915279 0.0 0.0
1523 -0.0054560915279 0.0 0.0
1524 -0.0054560915279 0.0 0.0
1525 -0.0054560915279 0.0 0.0
1526 -0.0054560915279 0.0 0.0
1527 -0.0054560915279 0.0 0.0
1528 -0.0054560915279 0.0 0.0
1529 -0.0054560915279 0.0 0.0
1530 -0.0054560915279 0.0 0.0
1531 -0.0054560915279 0.0 0.0
1532 -0.0054560915279 0.0 0.0
1533 -0.0054560915279 0.0 0.0
1534 -0.0054560915279 0.0 0.0
1535 -0.0054560915279 0.0 0.0
1536 -0.0054560915279 0.0 0.0
1537 -0.0054560915279 0.0 0.0
1538 -0.0054560915279 0.0 0.0
1539 -0.0054560915279 0.0 0.0
1540 -0.0054560915279 0.0 0.0
1541 -0.0054560915279 0.0 0.0
1542 -0.0054560915279 0.0 0.0
1543 -0.0054560915279 0.0 0.0
1544 -0.0054560915279 0.0 0.0
1545 -0.0054560915279 0.0 0.0
1546 -0.0054560915279 0.0 0.0
1547 -0.0054560915279 0.0 0.0
1548 -0.0054560915279 0.0 0.0
1549 -0.0054560915279 0.0 0.0
1550 -0.0054560915279 0.0 0.0
1551 -0.0054560915279 0.0 0.0
1552 -0.0054560915279 0.0 0.0
1553 -0.0054560915279 0.0 0.0
1554 -0.0054560915279 0.0 0.0
1555 -0.0054560915279 0.0 0.0
1556 -0.0054560915279 0.0 0.0
1557 -0.0054560915279 0.0 0.0
1558 -0.0054560915279 0.0 0.0
1559 -0.0054560915279 0.0 0.0
1560 -0.0054560915279 0.0 0.0
1561 -0.0054560915279 0.0 0.0
1562 -0.0054560915279 0.0 0.0
1563 -0.0054560915279 0.0 0.0
1564 -0.0054560915279 0.0 0.0
1565 -0.0054560915279 0.0 0.0
1566 -0.0054560915279 0.0 0.0
1567 -0.0054560915279 0.0 0.0
1568 -0.0054560915279 0.0 0.0
1569 -0.0054560915279 0.0 0.0
1570 -0.0054560915279 0.0 0.0
1571 -0.0045893658559 0.0 0.0
1572 -0.0045893658559 0.0 0.0
1573 -0.0045893658559 0.0 0.0
1574 -0.0045893658559 0.0 0.0
1575 -0.0045893658559 0.0 0.0
1576 -0.0045893658559 0.0 0.0
1577 -0.0045893658559 0.0 0.0
1578 -0.0045893658559 0.0 0.0
1579 -0.0045893658559 0.0 0.0
1580 -0.0045893658559 0.0 0.0
1581 -0.0045893658559 0.0 0.0
1582 -0.0045893658559 0.0 0.0
1583 -0.0045893658559 0.0 0.0
1584 -0.0045893658559 0.0 0.0
1585 -0.0045893658559 0.0 0.0
1586 -0.0045893658559 0.0 0.0
1587 -0.0045893658559 0.0 0.0
1588 -0.0045893658559 0.0 0.0
1589 -0.0045893658559 0.0 0.0
1590 -0.0045893658559 0.0 0.0
1591 -0.0045893658559 0.0 0.0
1592 -0.0045893658559 0.0 0.0
1593 -0.0045893658559 0.0 0.0
1594 -0.0045893658559 0.0 0.0
1595 -0.0045893658559 0.0 0.0
1596 -0.0045893658559 0.0 0.0
1597 -0.0045893658559 0.0 0.0
1598 -0.0045893658559 0.0 0.0
1599 -0.0045893658559 0.0 0.0
1600 -0.0045893658559 0.0 0.0
1601 -0.0045893658559 0.0 0.0
1602 -0.0045893658559 0.0 0.0
1603 -0.0045893658559 0.0 0.0
1604 -0.0045893658559 0.0 0.0
1605 -0.0045893658559 0.0 0.0
1606 -0.0045893658559 0.0 0.0
1607 -0.0045893658559 0.0 0.0
1608 -0.0045893658559 0.0 0.0
1609 -0.0045893658559 0.0 0.0
1610 -0.0045893658559 0.0 0.0
1611 -0.0045893658559 0.0 0.0
1612 -0.0045893658559 0.0 0.0
1613 -0.0045893658559 0.0 0.0
1614 -0.0045893658559 0.0 0.0
1615 -0.0045893658559 0.0 0.0
1616 -0.0045893658559 0.0 0.0
1617 -0.0045893658559 0.0 0.0
1618 -0.0045893658559 0.0 0.0
1619 -0.0045893658559 0.0 0.0
1620 -0.0045893658559 0.0 0.0
1621 -0.0045893658559 0.0 0.0
1622 -0.0045893658559 0.0 0.0
1623 -0.0045893658559 0.0 0.0
1624 -0.0045893658559 0.0 0.0
1625 -0.0045893658559 0.0 0.0
1626 -0.0045893658559 0.0 0.0
1627 -0.0045893658559 0.0 0.0
1628 -0.0045893658559 0.0 0.0
1629 -0.0045893658559 0.0 0.0
1630 -0.0045893658559 0.0 0.0
1631 -0.0045893658559 0.0 0.0
1632 -0.0045893658559 0.0 0.0
1633 -0.0045893658559 0.0 0.0
1634 -0.0045893658559 0.0 0.0
1635 -0.0045893658559 0.0 0.0
1636 -0.0045893658559 0.0 0.0
1637 -0.0045893658559 0.0 0.0
1638 -0.0045893658559 0.0 0.0
1639 -0.0045893658559 0.0 0.0
1640 -0.0045893658559 0.0 0.0
1641 -0.0045893658559 0.0 0.0
1642 -0.0045893658559 0.0 0.0
1643 -0.0045893658559 0.0 0.0
1644 -0.0045893658559 0.0 0.0
1645 -0.0045893658559 0.0 0.0
1646 -0.0045893658559 0.0 0.0
1647 -0.0045893658559 0.0 0.0
1648 -0.0045893658559 0.0 0.0
1649 -0.0045893658559 0.0 0.0
1650 -0.0045893658559 0.0 0.0
1651 -0.000288649140246 0.0 0.0
1652 -0.000288649140246 0.0 0.0
1653 -0.000288649140246 0.0 0.0
1654 -0.000288649140246 0.0 0.0
1655 -0.000288649140246 0.0 0.0
1656 -0.000288649140246 0.0 0.0
1657 -0.000288649140246 0.0 0.0
1658 -0.000288649140246 0.0 0.0
1659 -0.000288649140246 0.0 0.0
1660 -0.000288649140246 0.0 0.0
1661 -0.000288649140246 0.0 0.0
1662 -0.000288649140246 0.0 0.0
1663 -0.000288649140246 0.0 0.0
1664 -0.000288649140246 0.0 0.0
1665 -0.000288649140246 0.0 0.0
1666 -0.000288649140246 0.0 0.0
1667 -0.000288649140246 0.0 0.0
1668 -0.000288649140246 0.0 0.0
1669 -0.000288649140246 0.0 0.0
1670 -0.000288649140246 0.0 0.0
1671 -0.000288649140246 0.0 0.0
1672 -0.000288649140246 0.0 0.0
1673 -0.000288649140246 0.0 0.0
1674 -0.000288649140246 0.0 0.0
1675 -0.000288649140246 0.0 0.0
1676 -0.000288649140246 0.0 0.0
1677 -0.000288649140246 0.0 0.0
1678 -0.000288649140246 0.0 0.0
1679 -0.000288649140246 0.0 0.0
1680 -0.000288649140246 0.0 0.0
1681 -0.000288649140246 0.0 0.0
1682 -0.000288649140246 0.0 0.0
1683 -0.000288649140246 0.0 0.0
1684 -0.000288649140246 0.0 0.0
1685 -0.000288649140246 0.0 0.0
1686 -0.000288649140246 0.0 0.0
1687 -0.000288649140246 0.0 0.0
1688 -0.000288649140246 0.0 0.0
1689 -0.000288649140246 0.0 0.0
1690 -0.000288649140246 0.0 0.0
1691 -0.000288649140246 0.0 0.0
1692 -0.000288649140246 0.0 0.0
1693 -0.000288649140246 0.0 0.0
1694 -0.000288649140246 0.0 0.0
1695 -0.000288649140246 0.0 0.0
1696 -0.000288649140246 0.0 0.0
1697 -0.000288649140246 0.0 0.0
1698 -0.000288649140246 0.0 0.0
1699 -0.000288649140246 0.0 0.0
1700 -0.000288649140246 0.0 0.0
1701 -0.000288649140246 0.0 0.0
1702 -0.000288649140246 0.0 0.0
1703 -0.000288649140246 0.0 0.0
1704 -0.000288649140246 0.0 0.0
1705 -0.000288649140246 0.0 0.0
1706 -0.000288649140246 0.0 0.0
1707 -0.000288649140246 0.0 0.0
1708 -0.000288649140246 0.0 0.0
1709 -0.000288649140246 0.0 0.0
1710 -0.000288649140246 0.0 0.0
1711 -0.000288649140246 0.0 0.0
1712 -0.000288649140246 0.0 0.0
1713 -0.000288649140246 0.0 0.0
1714 -0.000288649140246 0.0 0.0
1715 -0.000288649140246 0.0 0.0
1716 -0.000288649140246 0.0 0.0
1717 -0.000288649140246 0.0 0.0
1718 -0.000288649140246 0.0 0.0
1719 -0.000288649140246 0.0 0.0
1720 -0.000288649140246 0.0 0.0
1721 -0.000288649140246 0.0 0.0
1722 -0.000288649140246 0.0 0.0
1723 -0.000288649140246 0.0 0.0
1724 -0.000288649140246 0.0 0.0
1725 -0.000288649140246 0.0 0.0
1726 -0.000288649140246 0.0 0.0
1727 -0.000288649140246 0.0 0.0
1728 -0.000288649140246 0.0 0.0
1729 -0.000288649140246 0.0 0.0
1730 -0.000288649140246 0.0 0.0
1731 -0.000288649140246 0.0 0.0
1732 -0.000288649140246 0.0 0.0
1733 -0.000288649140246 0.0 0.0
1734 -0.000288649140246 0.0 0.0
1735 -0.000288649140246 0.0 0.0
1736 -0.000288649140246 0.0 0.0
1737 -0.000288649140246 0.0 0.0
1738 -0.000288649140246 0.0 0.0
1739 -0.000288649140246 0.0 0.0
1740 -0.000288649140246 0.0 0.0
1741 -0.000288649140246 0.0 0.0
1742 -0.000288649140246 0.0 0.0
1743 -0.000288649140246 0.0 0.0
1744 -0.000288649140246 0.0 0.0
1745 -0.000288649140246 0.0 0.0
1746 -0.000288649140246 0.0 0.0
1747 -0.000288649140246 0.0 0.0
1748 -0.000288649140246 0.0 0.0
1749 -0.000288649140246 0.0 0.0
1750 -0.000288649140246 0.0 0.0
1751 0.00177314270166 0.0 0.0
1752 0.00177314270166 0.0 0.0
1753 0.00177314270166 0.0 0.0
1754 0.00177314270166 0.0 0.0
1755 0.00177314270166 0.0 0.0
1756 0.00177314270166 0.0 0.0
1757 0.00177314270166 0.0 0.0
1758 0.00177314270166 0.0 0.0
1759 0.00177314270166 0.0 0.0
1760 0.00177314270166 0.0 0.0
1761 0.00177314270166 0.0 0.0
1762 0.00177314270166 0.0 0.0
1763 0.00177314270166 0.0 0.0
1764 0.00177314270166 0.0 0.0
1765 0.00177314270166 0.0 0.0
1766 0.00177314270166 0.0 0.0
1767 0.00177314270166 0.0 0.0
1768 0.00177314270166 0.0 0.0
1769 0.00177314270166 0.0 0.0
1770 0.00177314270166 0.0 0.0
1771 0.00177314270166 0.0 0.0
1772 0.00177314270166 0.0 0.0
1773 0.00177314270166 0.0 0.0
1774 0.00177314270166 0.0 0.0
1775 0.00177314270166 0.0 0.0
1776 0.00177314270166 0.0 0.0
1777 0.00177314270166 0.0 0.0
1778 0.00177314270166 0.0 0.0
1779 0.00177314270166 0.0 0.0
1780 0.00177314270166 0.0 0.0
1781 0.00177314270166 0.0 0.0
1782 0.00177314270166 0.0 0.0
1783 0.00177314270166 0.0 0.0
1784 0.00177314270166 0.0 0.0
1785 0.00177314270166 0.0 0.0
1786 0.00177314270166 0.0 0.0
1787 0.00177314270166 0.0 0.0
1788 0.00177314270166 0.0 0.0
1789 0.00177314270166 0.0 0.0
1790 0.00177314270166 0.0 0.0
1791 0.00177314270166 0.0 0.0
1792 0.00177314270166 0.0 0.0
1793 0.00177314270166 0.0 0.0
1794 0.00177314270166 0.0 0.0
1795 0.00177314270166 0.0 0.0
1796 0.00177314270166 0.0 0.0
1797 0.00177314270166 0.0 0.0
1798 0.00177314270166 0.0 0.0
1799 0.00177314270166 0.0 0.0
1800 0.00177314270166 0.0 0.0
1801 0.00177314270166 0.0 0.0
1802 0.00177314270166 0.0 0.0
1803 0.00177314270166 0.0 0.0
1804 0.00177314270166 0.0 0.0
1805 0.00177314270166 0.0 0.0
1806 0.00177314270166 0.0 0.0
1807 0.00177314270166 0.0 0.0
1808 0.00177314270166 0.0 0.0
1809 0.00177314270166 0.0 0.0
1810 0.00177314270166 0.0 0.0
1811 0.00177314270166 0.0 0.0
1812 0.00177314270166 0.0 0.0
1813 0.00177314270166 0.0 0.0
1814 0.00177314270166 0.0 0.0
1815 0.00177314270166 0.0 0.0
1816 0.00177314270166 0.0 0.0
1817 0.00177314270166 0.0 0.0
1818 0.00177314270166 0.0 0.0
1819 0.00177314270166 0.0 0.0
1820 0.00177314270166 0.0 0.0
1821 0.00177314270166 0.0 0.0
1822 0.00177314270166 0.0 0.0
1823 0.00177314270166 0.0 0.0
1824 0.00177314270166 0.0 0.0
1825 0.00177314270166 0.0 0.0
1826 0.00177314270166 0.0 0.0
1827 0.00177314270166 0.0 0.0
1828 0.00177314270166 0.0 0.0
1829 0.00177314270166 0.0 0.0
1830 0.00177314270166 0.0 0.0
1831 0.00177314270166 0.0 0.0
1832 0.00177314270166 0.0 0.0
1833 0.00177314270166 0.0 0.0
1834 0.00177314270166 0.0 0.0
1835 0.00177314270166 0.0 0.0
1836 0.00177314270166 0.0 0.0
1837 0.00177314270166 0.0 0.0
1838 0.00177314270166 0.0 0.0
1839 0.00177314270166 0.0 0.0
1840 0.00177314270166 0.0 0.0
1841 0.00177314270166 0.0 0.0
1842 0.00177314270166 0.0 0.0
1843 0.00177314270166 0.0 0.0
1844 0.00177314270166 0.0 0.0
1845 0.00177314270166 0.0 0.0
1846 0.00177314270166 0.0 0.0
1847 0.00177314270166 0.0 0.0
1848 0.00177314270166 0.0 0.0
1849 0.00177314270166 0.0 0.0
1850 0.00177314270166 0.0 0.0
1851 0.010101010101 0.0 0.0
1852 0.010101010101 0.0 0.0
1853 0.010101010101 0.0 0.0
1854 0.010101010101 0.0 0.0
1855 0.010101010101 0.0 0.0
1856 0.010101010101 0.0 0.0
1857 0.010101010101 0.0 0.0
1858 0.010101010101 0.0 0.0
1859 0.010101010101 0.0 0.0
1860 0.010101010101 0.0 0.0
1861 0.010101010101 0.0 0.0
1862 0.010101010101 0.0 0.0
1863 0.010101010101 0.0 0.0
1864 0.010101010101 0.0 0.0
1865 0.010101010101 0.0 0.0
1866 0.010101010101 0.0 0.0
1867 0.010101010101 0.0 0.0
1868 0.010101010101 0.0 0.0
1869 0.010101010101 0.0 0.0
1870 0.010101010101 0.0 0.0
1871 0.010101010101 0.0 0.0
1872 0.010101010101 0.0 0.0
1873 0.010101010101 0.0 0.0
1874 0.010101010101 0.0 0.0
1875 0.010101010101 0.0 0.0
1876 0.010101010101 0.0 0.0
1877 0.010101010101 0.0 0.0
1878 0.010101010101 0.0 0.0
1879 0.010101010101 0.0 0.0
1880 0.010101010101 0.0 0.0
1881 0.010101010101 0.0 0.0
1882 0.010101010101 0.0 0.0
1883 0.010101010101 0.0 0.0
1884 0.010101010101 0.0 0.0
1885 0.010101010101 0.0 0.0
1886 0.010101010101 0.0 0.0
1887 0.010101010101 0.0 0.0
1888 0.010101010101 0.0 0.0
1889 0.010101010101 0.0 0.0
1890 0.010101010101 0.0 0.0
1891 0.010101010101 0.0 0.0
1892 0.010101010101 0.0 0.0
1893 0.010101010101 0.0 0.0
1894 0.010101010101 0.0 0.0
1895 0.010101010101 0.0 0.0
1896 0.010101010101 0.0 0.0
1897 0.010101010101 0.0 0.0
1898 0.010101010101 0.0 0.0
1899 0.010101010101 0.0 0.0
1900 0.010101010101 0.0 0.0
1901 0.010101010101 0.0 0.0
1902 0.010101010101 0.0 0.0
1903 0.010101010101 0.0 0.0
1904 0.010101010101 0.0 0.0
1905 0.010101010101 0.0 0.0
1906 0.010101010101 0.0 0.0
1907 0.010101010101 0.0 0.0
1908 0.010101010101 0.0 0.0
1909 0.010101010101 0.0 0.0
1910 0.010101010101 0.0 0.0
1911 0.010101010101 0.0 0.0
1912 0.010101010101 0.0 0.0
1913 0.010101010101 0.0 0.0
1914 0.010101010101 0.0 0.0
1915 0.010101010101 0.0 0.0
1916 0.010101010101 0.0 0.0
1917 0.010101010101 0.0 0.0
1918 0.010101010101 0.0 0.0
1919 0.010101010101 0.0 0.0
1920 0.010101010101 0.0 0.0
1921 0.010101010101 0.0 0.0
1922 0.010101010101 0.0 0.0
1923 0.010101010101 0.0 0.0
1924 0.010101010101 0.0 0.0
1925 0.010101010101 0.0 0.0
1926 0.010101010101 0.0 0.0
1927 0.010101010101 0.0 0.0
1928 0.010101010101 0.0 0.0
1929 0.010101010101 0.0 0.0
1930 0.010101010101 0.0 0.0
1931 0.010101010101 0.0 0.0
1932 0.010101010101 0.0 0.0
1933 0.010101010101 0.0 0.0
1934 0.010101010101 0.0 0.0
1935 0.010101010101 0.0 0.0
1936 0.010101010101 0.0 0.0
1937 0.010101010101 0.0 0.0
1938 0.010101010101 0.0 0.0
1939 0.010101010101 0.0 0.0
1940 0.010101010101 0.0 0.0
1941 0.010101010101 0.0 0.0
1942 0.010101010101 0.0 0.0
1943 0.010101010101 0.0 0.0
1944 0.010101010101 0.0 0.0
1945 0.010101010101 0.0 0.0
1946 0.010101010101 0.0 0.0
1947 0.010101010101 0.0 0.0
1948 0.010101010101 0.0 0.0
1949 0.010101010101 0.0 0.0
1950 0.010101010101 0.0 0.0
1951 -9.88207569956e-05 0.0 0.0
1952 -9.88207569956e-05 0.0 0.0
1953 -9.88207569956e-05 0.0 0.0
1954 -9.88207569956e-05 0.0 0.0
1955 -9.88207569956e-05 0.0 0.0
1956 -9.88207569956e-05 0.0 0.0
1957 -9.88207569956e-05 0.0 0.0
1958 -9.88207569956e-05 0.0 0.0
1959 -9.88207569956e-05 0.0 0.0
1960 -9.88207569956e-05 0.0 0.0
1961 -9.88207569956e-05 0.0 0.0
1962 -9.88207569956e-05 0.0 0.0
1963 -9.88207569956e-05 0.0 0.0
1964 -9.88207569956e-05 0.0 0.0
1965 -9.88207569956e-05 0.0 0.0
1966 -9.88207569956e-05 0.0 0.0
1967 -9.88207569956e-05 0.0 0.0
1968 -9.88207569956e-05 0.0 0.0
1969 -9.88207569956e-05 0.0 0.0
1970 -9.88207569956e-05 0.0 0.0
1971 -9.88207569956e-05 0.0 0.0
1972 -9.88207569956e-05 0.0 0.0
1973 -9.88207569956e-05 0.0 0.0
1974 -9.88207569956e-05 0.0 0.0
1975 -9.88207569956e-05 0.0 0.0
1976 -9.88207569956e-05 0.0 0.0
1977 -9.88207569956e-05 0.0 0.0
1978 -9.88207569956e-05 0.0 0.0
1979 -9.88207569956e-05 0.0 0.0
1980 -9.88207569956e-05 0.0 0.0
1981 -9.88207569956e-05 0.0 0.0
1982 -9.88207569956e-05 0.0 0.0
1983 -9.88207569956e-05 0.0 0.0
1984 -9.88207569956e-05 0.0 0.0
1985 -9.88207569956e-05 0.0 0.0
1986 -9.88207569956e-05 0.0 0.0
1987 -9.88207569956e-05 0.0 0.0
1988 -9.88207569956e-05 0.0 0.0
1989 -9.88207569956e-05 0.0 0.0
1990 -9.88207569956e-05 0.0 0.0
1991 -9.88207569956e-05 0.0 0.0
1992 -9.88207569956e-05 0.0 0.0
1993 -9.88207569956e-05 0.0 0.0
1994 -9.88207569956e-05 0.0 0.0
1995 -9.88207569956e-05 0.0 0.0
1996 -9.88207569956e-05 0.0 0.0
1997 -9.88207569956e-05 0.0 0.0
1998 -9.88207569956e-05 0.0 0.0
1999 -9.88207569956e-05 0.0 0.0
2000 -9.88207569956e-05 0.0 0.0
2001 -9.88207569956e-05 0.0 0.0
2002 -9.88207569956e-05 0.0 0.0
2003 -9.88207569956e-05 0.0 0.0
2004 -9.88207569956e-05 0.0 0.0
2005 -9.88207569956e-05 0.0 0.0
2006 -9.88207569956e-05 0.0 0.0
2007 -9.88207569956e-05 0.0 0.0
2008 -9.88207569956e-05 0.0 0.0
2009 -9.88207569956e-05 0.0 0.0
2010 -9.88207569956e-05 0.0 0.0
2011 -9.88207569956e-05 0.0 0.0
2012 -9.88207569956e-05 0.0 0.0
2013 -9.88207569956e-05 0.0 0.0
2014 -9.88207569956e-05 0.0 0.0
2015 -9.88207569956e-05 0.0 0.0
2016 -9.88207569956e-05 0.0 0.0
2017 -9.88207569956e-05 0.0 0.0
2018 -9.88207569956e-05 0.0 0.0
2019 -9.88207569956e-05 0.0 0.0
2020 -9.88207569956e-05 0.0 0.0
2021 -9.88207569956e-05 0.0 0.0
2022 -9.88207569956e-05 0.0 0.0
2023 -9.88207569956e-05 0.0 0.0
2024 -9.88207569956e-05 0.0 0.0
2025 -9.88207569956e-05 0.0 0.0
2026 -9.88207569956e-05 0.0 0.0
2027 -9.88207569956e-05 0.0 0.0
2028 -9.88207569956e-05 0.0 0.0
2029 -9.88207569956e-05 0.0 0.0
2030 -9.88207569956e-05 0.0 0.0
2031 -9.88207569956e-05 0.0 0.0
2032 -9.88207569956e-05 0.0 0.0
2033 -9.88207569956e-05 0.0 0.0
2034 -9.88207569956e-05 0.0 0.0
2035 -9.88207569956e-05 0.0 0.0
2036 -9.88207569956e-05 0.0 0.0
2037 -9.88207569956e-05 0.0 0.0
2038 -9.88207569956e-05 0.0 0.0
2039 -9.88207569956e-05 0.0 0.0
2040 -9.88207569956e-05 0.0 0.0
2041 -9.88207569956e-05 0.0 0.0
2042 -9.88207569956e-05 0.0 0.0
2043 -9.88207569956e-05 0.0 0.0
2044 -9.88207569956e-05 0.0 0.0
2045 -9.88207569956e-05 0.0 0.0
2046 -9.88207569956e-05 0.0 0.0
2047 -9.88207569956e-05 0.0 0.0
2048 -9.88207569956e-05 0.0 0.0
2049 -9.88207569956e-05 0.0 0.0
2050 -9.88207569956e-05 0.0 0.0
2051 -9.88207569956e-05 0.0 0.0
2052 -9.88207569956e-05 0.0 0.0
2053 -9.88207569956e-05 0.0 0.0
2054 -9.88207569956e-05 0.0 0.0
2055 -9.88207569956e-05 0.0 0.0
2056 -9.88207569956e-05 0.0 0.0
2057 -9.88207569956e-05 0.0 0.0
2058 -9.88207569956e-05 0.0 0.0
2059 -9.88207569956e-05 0.0 0.0
2060 -9.88207569956e-05 0.0 0.0
2061 -9.88207569956e-05 0.0 0.0
2062 -9.88207569956e-05 0.0 0.0
2063 -9.88207569956e-05 0.0 0.0
2064 -9.88207569956e-05 0.0 0.0
2065 -9.88207569956e-05 0.0 0.0
2066 -9.88207569956e-05 0.0 0.0
2067 -9.88207569956e-05 0.0 0.0
2068 -9.88207569956e-05 0.0 0.0
2069 -9.88207569956e-05 0.0 0.0
2070 -9.88207569956e-05 0.0 0.0
2071 -9.88207569956e-05 0.0 0.0
2072 -9.88207569956e-05 0.0 0.0
2073 -9.88207569956e-05 0.0 0.0
2074 -9.88207569956e-05 0.0 0.0
2075 -9.88207569956e-05 0.0 0.0
2076 -9.88207569956e-05 0.0 0.0
2077 -9.88207569956e-05 0.0 0.0
2078 -9.88207569956e-05 0.0 0.0
2079 -9.88207569956e-05 0.0 0.0
2080 -9.88207569956e-05 0.0 0.0
2081 -9.88207569956e-05 0.0 0.0
2082 -9.88207569956e-05 0.0 0.0
2083 -9.88207569956e-05 0.0 0.0
2084 -9.88207569956e-05 0.0 0.0
2085 -9.88207569956e-05 0.0 0.0
2086 -9.88207569956e-05 0.0 0.0
2087 -9.88207569956e-05 0.0 0.0
2088 -9.88207569956e-05 0.0 0.0
2089 -9.88207569956e-05 0.0 0.0
2090 -9.88207569956e-05 0.0 0.0
2091 -9.88207569956e-05 0.0 0.0
2092 -9.88207569956e-05 0.0 0.0
2093 -9.88207569956e-05 0.0 0.0
2094 -9.88207569956e-05 0.0 0.0
2095 -9.88207569956e-05 0.0 0.0
2096 -9.88207569956e-05 0.0 0.0
2097 -9.88207569956e-05 0.0 0.0
2098 -9.88207569956e-05 0.0 0.0
2099 -9.88207569956e-05 0.0 0.0
2100 -9.88207569956e-05 0.0 0.0
2101 -0.000789578252599 0.0 0.0
2102 -0.000789578252599 0.0 0.0
2103 -0.000789578252599 0.0 0.0
2104 -0.000789578252599 0.0 0.0
2105 -0.000789578252599 0.0 0.0
2106 -0.000789578252599 0.0 0.0
2107 -0.000789578252599 0.0 0.0
2108 -0.000789578252599 0.0 0.0
2109 -0.000789578252599 0.0 0.0
2110 -0.000789578252599 0.0 0.0
2111 -0.000789578252599 0.0 0.0
2112 -0.000789578252599 0.0 0.0
2113 -0.000789578252599 0.0 0.0
2114 -0.000789578252599 0.0 0.0
2115 -0.000789578252599 0.0 0.0
2116 -0.000789578252599 0.0 0.0
2117 -0.000789578252599 0.0 0.0
2118 -0.000789578252599 0.0 0.0
2119 -0.000789578252599 0.0 0.0
2120 -0.000789578252599 0.0 0.0
2121 -0.000789578252599 0.0 0.0
2122 -0.000789578252599 0.0 0.0
2123 -0.000789578252599 0.0 0.0
2124 -0.000789578252599 0.0 0.0
2125 -0.000789578252599 0.0 0.0
2126 -0.000789578252599 0.0 0.0
2127 -0.000789578252599 0.0 0.0
2128 -0.000789578252599 0.0 0.0
2129 -0.000789578252599 0.0 0.0
2130 -0.000789578252599 0.0 0.0
2131 -0.000789578252599 0.0 0.0
2132 -0.000789578252599 0.0 0.0
2133 -0.000789578252599 0.0 0.0
2134 -0.000789578252599 0.0 0.0
2135 -0.000789578252599 0.0 0.0
2136 -0.000789578252599 0.0 0.0
2137 -0.000789578252599 0.0 0.0
2138 -0.000789578252599 0.0 0.0
2139 -0.000789578252599 0.0 0.0
2140 -0.000789578252599 0.0 0.0
2141 -0.000789578252599 0.0 0.0
2142 -0.000789578252599 0.0 0.0
2143 -0.000789578252599 0.0 0.0
2144 -0.000789578252599 0.0 0.0
2145 -0.000789578252599 0.0 0.0
2146 -0.000789578252599 0.0 0.0
2147 -0.000789578252599 0.0 0.0
2148 -0.000789578252599 0.0 0.0
2149 -0.000789578252599 0.0 0.0
2150 -0.000789578252599 0.0 0.0
2151 -0.000789578252599 0.0 0.0
2152 -0.000789578252599 0.0 0.0
2153 -0.000789578252599 0.0 0.0
2154 -0.000789578252599 0.0 0.0
2155 -0.000789578252599 0.0 0.0
2156 -0.000789578252599 0.0 0.0
2157 -0.000789578252599 0.0 0.0
2158 -0.000789578252599 0.0 0.0
2159 -0.000789578252599 0.0 0.0
2160 -0.000789578252599 0.0 0.0
2161 -0.000789578252599 0.0 0.0
2162 -0.000789578252599 0.0 0.0
2163 -0.000789578252599 0.0 0.0
2164 -0.000789578252599 0.0 0.0
2165 -0.000789578252599 0.0 0.0
2166 -0.000789578252599 0.0 0.0
2167 -0.000789578252599 0.0 0.0
2168 -0.000789578252599 0.0 0.0
2169 -0.000789578252599 0.0 0.0
2170 -0.000789578252599 0.0 0.0
2171 -0.000789578252599 0.0 0.0
2172 -0.000789578252599 0.0 0.0
2173 -0.000789578252599 0.0 0.0
2174 -0.000789578252599 0.0 0.0
2175 -0.000789578252599 0.0 0.0
2176 -0.000789578252599 0.0 0.0
2177 -0.000789578252599 0.0 0.0
2178 -0.000789578252599 0.0 0.0
2179 -0.000789578252599 0.0 0.0
2180 -0.000789578252599 0.0 0.0
2181 -0.000789578252599 0.0 0.0
2182 -0.000789578252599 0.0 0.0
2183 -0.000789578252599 0.0 0.0
2184 -0.000789578252599 0.0 0.0
2185 -0.000789578252599 0.0 0.0
2186 -0.000789578252599 0.0 0.0
2187 -0.000789578252599 0.0 0.0
2188 -0.000789578252599 0.0 0.0
2189 -0.000789578252599 0.0 0.0
2190 -0.000789578252599 0.0 0.0
2191 -0.000789578252599 0.0 0.0
2192 -0.000789578252599 0.0 0.0
2193 -0.000789578252599 0.0 0.0
2194 -0.000789578252599 0.0 0.0
2195 -0.000789578252599 0.0 0.0
2196 -0.000789578252599 0.0 0.0
2197 -0.000789578252599 0.0 0.0
2198 -0.000789578252599 0.0 0.0
2199 -0.000789578252599 0.0 0.0
2200 -0.000789578252599 0.0 0.0
2201 -0.000789578252599 0.0 0.0
2202 -0.000789578252599 0.0 0.0
2203 -0.000789578252599 0.0 0.0
2204 -0.000789578252599 0.0 0.0
2205 -0.000789578252599 0.0 0.0
2206 -0.000789578252599 0.0 0.0
2207 -0.000789578252599 0.0 0.0
2208 -0.000789578252599 0.0 0.0
2209 -0.000789578252599 0.0 0.0
2210 -0.000789578252599 0.0 0.0
2211 -0.000789578252599 0.0 0.0
2212 -0.000789578252599 0.0 0.0
2213 -0.000789578252599 0.0 0.0
2214 -0.000789578252599 0.0 0.0
2215 -0.000789578252599 0.0 0.0
2216 -0.000789578252599 0.0 0.0
2217 -0.000789578252599 0.0 0.0
2218 -0.000789578252599 0.0 0.0
2219 -0.000789578252599 0.0 0.0
2220 -0.000789578252599 0.0 0.0
2221 -0.000789578252599 0.0 0.0
2222 -0.000789578252599 0.0 0.0
2223 -0.000789578252599 0.0 0.0
2224 -0.000789578252599 0.0 0.0
2225 -0.000789578252599 0.0 0.0
2226 -0.000789578252599 0.0 0.0
2227 -0.000789578252599 0.0 0.0
2228 -0.000789578252599 0.0 0.0
2229 -0.000789578252599 0.0 0.0
2230 -0.000789578252599 0.0 0.0
2231 -0.000789578252599 0.0 0.0
2232 -0.000789578252599 0.0 0.0
2233 -0.000789578252599 0.0 0.0
2234 -0.000789578252599 0.0 0.0
2235 -0.000789578252599 0.0 0.0
2236 -0.000789578252599 0.0 0.0
2237 -0.000789578252599 0.0 0.0
2238 -0.000789578252599 0.0 0.0
2239 -0.000789578252599 0.0 0.0
2240 -0.000789578252599 0.0 0.0
2241 -0.000789578252599 0.0 0.0
2242 -0.000789578252599 0.0 0.0
2243 -0.000789578252599 0.0 0.0
2244 -0.000789578252599 0.0 0.0
2245 -0.000789578252599 0.0 0.0
2246 -0.000789578252599 0.0 0.0
2247 -0.000789578252599 0.0 0.0
2248 -0.000789578252599 0.0 0.0
2249 -0.000789578252599 0.0 0.0
2250 -0.000789578252599 0.0 0.0
2251 -0.000789578252599 0.0 0.0
2252 -0.000789578252599 0.0 0.0
2253 -0.000789578252599 0.0 0.0
2254 -0.000789578252599 0.0 0.0
2255 -0.000789578252599 0.0 0.0
2256 -0.000789578252599 0.0 0.0
2257 -0.000789578252599 0.0 0.0
2258 -0.000789578252599 0.0 0.0
2259 -0.000789578252599 0.0 0.0
2260 -0.000789578252599 0.0 0.0
2261 -0.000789578252599 0.0 0.0
2262 -0.000789578252599 0.0 0.0
2263 -0.000789578252599 0.0 0.0
2264 -0.000789578252599 0.0 0.0
2265 -0.000789578252599 0.0 0.0
2266 -0.000789578252599 0.0 0.0
2267 -0.000789578252599 0.0 0.0
2268 -0.000789578252599 0.0 0.0
2269 -0.000789578252599 0.0 0.0
2270 -0.000789578252599 0.0 0.0
2271 -0.000789578252599 0.0 0.0
2272 -0.000789578252599 0.0 0.0
2273 -0.000789578252599 0.0 0.0
2274 -0.000789578252599 0.0 0.0
2275 -0.000789578252599 0.0 0.0
2276 -0.000789578252599 0.0 0.0
2277 -0.000789578252599 0.0 0.0
2278 -0.000789578252599 0.0 0.0
2279 -0.000789578252599 0.0 0.0
2280 -0.000789578252599 0.0 0.0
2281 -0.000789578252599 0.0 0.0
2282 -0.000789578252599 0.0 0.0
2283 -0.000789578252599 0.0 0.0
2284 -0.000789578252599 0.0 0.0
2285 -0.000789578252599 0.0 0.0
2286 -0.000789578252599 0.0 0.0
2287 -0.000789578252599 0.0 0.0
2288 -0.000789578252599 0.0 0.0
2289 -0.000789578252599 0.0 0.0
2290 -0.000789578252599 0.0 0.0
2291 -0.000789578252599 0.0 0.0
2292 -0.000789578252599 0.0 0.0
2293 -0.000789578252599 0.0 0.0
2294 -0.000789578252599 0.0 0.0
2295 -0.000789578252599 0.0 0.0
2296 -0.000789578252599 0.0 0.0
2297 -0.000789578252599 0.0 0.0
2298 -0.000789578252599 0.0 0.0
2299 -0.000789578252599 0.0 0.0
2300 -0.000789578252599 0.0 0.0
2301 0.00245533983941 0.0 0.0
2302 0.00245533983941 0.0 0.0
2303 0.00245533983941 0.0 0.0
2304 0.00245533983941 0.0 0.0
2305 0.00245533983941 0.0 0.0
2306 0.00245533983941 0.0 0.0
2307 0.00245533983941 0.0 0.0
2308 0.00245533983941 0.0 0.0
2309 0.00245533983941 0.0 0.0
2310 0.00245533983941 0.0 0.0
2311 0.00245533983941 0.0 0.0
2312 0.00245533983941 0.0 0.0
2313 0.00245533983941 0.0 0.0
2314 0.00245533983941 0.0 0.0
2315 0.00245533983941 0.0 0.0
2316 0.00245533983941 0.0 0.0
2317 0.00245533983941 0.0 0.0
2318 0.00245533983941 0.0 0.0
2319 0.00245533983941 0.0 0.0
2320 0.00245533983941 0.0 0.0
2321 0.00245533983941 0.0 0.0
2322 0.00245533983941 0.0 0.0
2323 0.00245533983941 0.0 0.0
2324 0.00245533983941 0.0 0.0
2325 0.00245533983941 0.0 0.0
2326 0.00245533983941 0.0 0.0
2327 0.00245533983941 0.0 0.0
2328 0.00245533983941 0.0 0.0
2329 0.00245533983941 0.0 0.0
2330 0.00245533983941 0.0 0.0
2331 0.00245533983941 0.0 0.0
2332 0.00245533983941 0.0 0.0
2333 0.00245533983941 0.0 0.0
2334 0.00245533983941 0.0 0.0
2335 0.00245533983941 0.0 0.0
2336 0.00245533983941 0.0 0.0
2337 0.00245533983941 0.0 0.0
2338 0.00245533983941 0.0 0.0
2339 0.00245533983941 0.0 0.0
2340 0.00245533983941 0.0 0.0
2341 0.00245533983941 0.0 0.0
2342 0.00245533983941 0.0 0.0
2343 0.00245533983941 0.0 0.0
2344 0.00245533983941 0.0 0.0
2345 0.00245533983941 0.0 0.0
2346 0.00245533983941 0.0 0.0
2347 0.00245533983941 0.0 0.0
2348 0.00245533983941 0.0 0.0
2349 0.00245533983941 0.0 0.0
2350 0.00245533983941 0.0 0.0
2351 0.00245533983941 0.0 0.0
2352 0.00245533983941 0.0 0.0
2353 0.00245533983941 0.0 0.0
2354 0.00245533983941 0.0 0.0
2355 0.00245533983941 0.0 0.0
2356 0.00245533983941 0.0 0.0
2357 0.00245533983941 0.0 0.0
2358 0.00245533983941 0.0 0.0
2359 0.00245533983941 0.0 0.0
2360 0.00245533983941 0.0 0.0
2361 0.00245533983941 0.0 0.0
2362 0.00245533983941 0.0 0.0
2363 0.00245533983941 0.0 0.0
2364 0.00245533983941 0.0 0.0
2365 0.00245533983941 0.0 0.0
2366 0.00245533983941 0.0 0.0
2367 0.00245533983941 0.0 0.0
2368 0.00245533983941 0.0 0.0
2369 0.00245533983941 0.0 0.0
2370 0.00245533983941 0.0 0.0
2371 0.00245533983941 0.0 0.0
2372 0.00245533983941 0.0 0.0
2373 0.00245533983941 0.0 0.0
2374 0.00245533983941 0.0 0.0
2375 0.00245533983941 0.0 0.0
2376 0.00245533983941 0.0 0.0
2377 0.00245533983941 0.0 0.0
2378 0.00245533983941 0.0 0.0
2379 0.00245533983941 0.0 0.0
2380 0.00245533983941 0.0 0.0
2381 0.00245533983941 0.0 0.0
2382 0.00245533983941 0.0 0.0
2383 0.00245533983941 0.0 0.0
2384 0.00245533983941 0.0 0.0
2385 0.00245533983941 0.0 0.0
2386 0.00245533983941 0.0 0.0
2387 0.00245533983941 0.0 0.0
2388 0.00245533983941 0.0 0.0
2389 0.00245533983941 0.0 0.0
2390 0.00245533983941 0.0 0.0
2391 0.00245533983941 0.0 0.0
2392 0.00245533983941 0.0 0.0
2393 0.00245533983941 0.0 0.0
2394 0.00245533983941 0.0 0.0
2395 0.00245533983941 0.0 0.0
2396 0.00245533983941 0.0 0.0
2397 0.00245533983941 0.0 0.0
2398 0.00245533983941 0.0 0.0
2399 0.00245533983941 0.0 0.0
2400 0.00245533983941 0.0 0.0
2401 0.00245533983941 0.0 0.0
2402 0.00245533983941 0.0 0.0
2403 0.00245533983941 0.0 0.0
2404 0.00245533983941 0.0 0.0
2405 0.00245533983941 0.0 0.0
2406 0.00245533983941 0.0 0.0
2407 0.00245533983941 0.0 0.0
2408 0.00245533983941 0.0 0.0
2409 0.00245533983941 0.0 0.0
2410 0.00245533983941 0.0 0.0
2411 0.00245533983941 0.0 0.0
2412 0.00245533983941 0.0 0.0
2413 0.00245533983941 0.0 0.0
2414 0.00245533983941 0.0 0.0
2415 0.00245533983941 0.0 0.0
2416 0.00245533983941 0.0 0.0
2417 0.00245533983941 0.0 0.0
2418 0.00245533983941 0.0 0.0
2419 0.00245533983941 0.0 0.0
2420 0.00245533983941 0.0 0.0
2421 0.00245533983941 0.0 0.0
2422 0.00245533983941 0.0 0.0
2423 0.00245533983941 0.0 0.0
2424 0.00245533983941 0.0 0.0
2425 0.00245533983941 0.0 0.0
2426 0.00245533983941 0.0 0.0
2427 0.00245533983941 0.0 0.0
2428 0.00245533983941 0.0 0.0
2429 0.00245533983941 0.0 0.0
2430 0.00245533983941 0.0 0.0
2431 0.00245533983941 0.0 0.0
2432 0.00245533983941 0.0 0.0
2433 0.00245533983941 0.0 0.0
2434 0.00245533983941 0.0 0.0
2435 0.00245533983941 0.0 0.0
2436 0.00245533983941 0.0 0.0
2437 0.00245533983941 0.0 0.0
2438 0.00245533983941 0.0 0.0
2439 0.00245533983941 0.0 0.0
2440 0.00245533983941 0.0 0.0
2441 0.00245533983941 0.0 0.0
2442 0.00245533983941 0.0 0.0
2443 0.00245533983941 0.0 0.0
2444 0.00245533983941 0.0 0.0
2445 0.00245533983941 0.0 0.0
2446 0.00245533983941 0.0 0.0
2447 0.00245533983941 0.0 0.0
2448 0.00245533983941 0.0 0.0
2449 0.00245533983941 0.0 0.0
2450 0.00245533983941 0.0 0.0
2451 0.00245533983941 0.0 0.0
2452 0.00245533983941 0.0 0.0
2453 0.00245533983941 0.0 0.0
2454 0.00245533983941 0.0 0.0
2455 0.00245533983941 0.0 0.0
2456 0.00245533983941 0.0 0.0
2457 0.00245533983941 0.0 0.0
2458 0.00245533983941 0.0 0.0
2459 0.00245533983941 0.0 0.0
2460 0.00245533983941 0.0 0.0
2461 0.00245533983941 0.0 0.0
2462 0.00245533983941 0.0 0.0
2463 0.00245533983941 0.0 0.0
2464 0.00245533983941 0.0 0.0
2465 0.00245533983941 0.0 0.0
2466 0.00245533983941 0.0 0.0
2467 0.00245533983941 0.0 0.0
2468 0.00245533983941 0.0 0.0
2469 0.00245533983941 0.0 0.0
2470 0.00245533983941 0.0 0.0
2471 0.00245533983941 0.0 0.0
2472 0.00245533983941 0.0 0.0
2473 0.00245533983941 0.0 0.0
2474 0.00245533983941 0.0 0.0
2475 0.00245533983941 0.0 0.0
2476 0.00245533983941 0.0 0.0
2477 0.00245533983941 0.0 0.0
2478 0.00245533983941 0.0 0.0
2479 0.00245533983941 0.0 0.0
2480 0.00245533983941 0.0 0.0
2481 0.00245533983941 0.0 0.0
2482 0.00245533983941 0.0 0.0
2483 0.00245533983941 0.0 0.0
2484 0.00245533983941 0.0 0.0
2485 0.00245533983941 0.0 0.0
2486 0.00245533983941 0.0 0.0
2487 0.00245533983941 0.0 0.0
2488 0.00245533983941 0.0 0.0
2489 0.00245533983941 0.0 0.0
2490 0.00245533983941 0.0 0.0
2491 0.00245533983941 0.0 0.0
2492 0.00245533983941 0.0 0.0
2493 0.00245533983941 0.0 0.0
2494 0.00245533983941 0.0 0.0
2495 0.00245533983941 0.0 0.0
2496 0.00245533983941 0.0 0.0
2497 0.00245533983941 0.0 0.0
2498 0.00245533983941 0.0 0.0
2499 0.00245533983941 0.0 0.0
2500 0.00245533983941 0.0 0.0
