0 0.0 0.0 0.0
1 0.0 0.0 0.0
2 0.00131489821956 0.0 0.0
3 0.00131489821956 0.0 0.0
4 0.00131489821956 0.0 0.0
5 0.00131489821956 0.0 0.0
6 0.00131489821956 0.0 0.0
7 0.00131489821956 0.0 0.0
8 0.00131489821956 0.0 0.0
9 0.00131489821956 0.0 0.0
10 0.00131489821956 0.0 0.0
11 0.00131489821956 0.0 0.0
12 0.00131489821956 0.0 0.0
13 0.00131489821956 0.0 0.0
14 0.00131489821956 0.0 0.0
15 0.00131489821956 0.0 0.0
16 0.00131489821956 0.0 0.0
17 0.00131489821956 0.0 0.0
18 0.00131489821956 0.0 0.0
19 0.00131489821956 0.0 0.0
20 0.00131489821956 0.0 0.0
21 0.00131489821956 0.0 0.0
22 0.00131489821956 0.0 0.0
23 0.00131489821956 0.0 0.0
24 0.00131489821956 0.0 0.0
25 0.00131489821956 0.0 0.0
26 0.00131489821956 0.0 0.0
27 0.00131489821956 0.0 0.0
28 0.00131489821956 0.0 0.0
29 0.00131489821956 0.0 0.0
30 0.00131489821956 0.0 0.0
31 0.00131489821956 0.0 0.0
32 0.00131489821956 0.0 0.0
33 0.00131489821956 0.0 0.0
34 0.00131489821956 0.0 0.0
35 0.00131489821956 0.0 0.0
36 0.00131489821956 0.0 0.0
37 0.00131489821956 0.0 0.0
38 0.00131489821956 0.0 0.0
39 0.00131489821956 0.0 0.0
40 0.00131489821956 0.0 0.0
41 0.00131489821956 0.0 0.0
42 0.00131489821956 0.0 0.0
43 0.00131489821956 0.0 0.0
44 0.00131489821956 0.0 0.0
45 0.00131489821956 0.0 0.0
46 0.00131489821956 0.0 0.0
47 0.00131489821956 0.0 0.0
48 0.00131489821956 0.0 0.0
49 0.00131489821956 0.0 0.0
50 0.00131489821956 0.0 0.0
51 -0.00172480054294 0.0 0.0
52 -0.00172480054294 0.0 0.0
53 -0.00172480054294 0.0 0.0
54 -0.00172480054294 0.0 0.0
55 -0.00172480054294 0.0 0.0
56 -0.00172480054294 0.0 0.0
57 -0.00172480054294 0.0 0.0
58 -0.00172480054294 0.0 0.0
59 -0.00172480054294 0.0 0.0
60 -0.00172480054294 0.0 0.0
61 -0.00172480054294 0.0 0.0
62 -0.00172480054294 0.0 0.0
63 -0.00172480054294 0.0 0.0
64 -0.00172480054294 0.0 0.0
65 -0.00172480054294 0.0 0.0
66 -0.00172480054294 0.0 0.0
67 -0.00172480054294 0.0 0.0
68 -0.00172480054294 0.0 0.0
69 -0.00172480054294 0.0 0.0
70 -0.00172480054294 0.0 0.0
71 -0.00172480054294 0.0 0.0
72 -0.00172480054294 0.0 0.0
73 -0.00172480054294 0.0 0.0
74 -0.00172480054294 0.0 0.0
75 -0.00172480054294 0.0 0.0
76 -0.00172480054294 0.0 0.0
77 -0.00172480054294 0.0 0.0
78 -0.00172480054294 0.0 0.0
79 -0.00172480054294 0.0 0.0
80 -0.00172480054294 0.0 0.0
81 -0.00172480054294 0.0 0.0
82 -0.00172480054294 0.0 0.0
83 -0.00172480054294 0.0 0.0
84 -0.00172480054294 0.0 0.0
85 -0.00172480054294 0.0 0.0
86 -0.00172480054294 0.0 0.0
87 -0.00172480054294 0.0 0.0
88 -0.00172480054294 0.0 0.0
89 -0.00172480054294 0.0 0.0
90 -0.00172480054294 0.0 0.0
91 -0.00172480054294 0.0 0.0
92 -0.00172480054294 0.0 0.0
93 -0.00172480054294 0.0 0.0
94 -0.00172480054294 0.0 0.0
95 -0.00172480054294 0.0 0.0
96 -0.00172480054294 0.0 0.0
97 -0.00172480054294 0.0 0.0
98 -0.00172480054294 0.0 0.0
99 -0.00172480054294 0.0 0.0
100 -0.00172480054294 0.0 0.0
101 -0.000131376456369 2.35162095831e-05 0.132304545438
102 -0.000131376456369 2.35162095831e-05 0.132304545438
103 -0.000131376456369 2.35162095831e-05 0.132304545438
104 -0.000131376456369 2.35162095831e-05 0.132304545438
105 -0.000131376456369 2.35162095831e-05 0.132304545438
106 -0.000131376456369 2.35162095831e-05 0.132304545438
107 -0.000131376456369 2.35162095831e-05 0.132304545438
108 -0.000131376456369 2.35162095831e-05 0.132304545438
109 -0.000131376456369 2.35162095831e-05 0.132304545438
110 -0.000131376456369 2.35162095831e-05 0.132304545438
111 -0.000131376456369 2.35162095831e-05 0.132304545438
112 -0.000131376456369 2.35162095831e-05 0.132304545438
113 -0.000131376456369 2.35162095831e-05 0.132304545438
114 -0.000131376456369 2.35162095831e-05 0.132304545438
115 -0.000131376456369 2.35162095831e-05 0.132304545438
116 -0.000131376456369 2.35162095831e-05 0.132304545438
117 -0.000131376456369 2.35162095831e-05 0.132304545438
118 -0.000131376456369 2.35162095831e-05 0.132304545438
119 -0.000131376456369 2.35162095831e-05 0.132304545438
120 -0.000131376456369 2.35162095831e-05 0.132304545438
121 -0.000131376456369 2.35162095831e-05 0.132304545438
122 -0.000131376456369 2.35162095831e-05 0.132304545438
123 -0.000131376456369 2.35162095831e-05 0.132304545438
124 -0.000131376456369 2.35162095831e-05 0.132304545438
125 -0.000131376456369 2.35162095831e-05 0.132304545438
126 -0.000131376456369 2.35162095831e-05 0.132304545438
127 -0.000131376456369 2.35162095831e-05 0.132304545438
128 -0.000131376456369 2.35162095831e-05 0.132304545438
129 -0.000131376456369 2.35162095831e-05 0.132304545438
130 -0.000131376456369 2.35162095831e-05 0.132304545438
131 -0.000131376456369 2.35162095831e-05 0.132304545438
132 -0.000131376456369 2.35162095831e-05 0.132304545438
133 -0.000131376456369 2.35162095831e-05 0.132304545438
134 -0.000131376456369 2.35162095831e-05 0.132304545438
135 -0.000131376456369 2.35162095831e-05 0.132304545438
136 -0.000131376456369 2.35162095831e-05 0.132304545438
137 -0.000131376456369 2.35162095831e-05 0.132304545438
138 -0.000131376456369 2.35162095831e-05 0.132304545438
139 -0.000131376456369 2.35162095831e-05 0.132304545438
140 -0.000131376456369 2.35162095831e-05 0.132304545438
141 -0.000131376456369 2.35162095831e-05 0.132304545438
142 -0.000131376456369 2.35162095831e-05 0.132304545438
143 -0.000131376456369 2.35162095831e-05 0.132304545438
144 -0.000131376456369 2.35162095831e-05 0.132304545438
145 -0.000131376456369 2.35162095831e-05 0.132304545438
146 -0.000131376456369 2.35162095831e-05 0.132304545438
147 -0.000131376456369 2.35162095831e-05 0.132304545438
148 -0.000131376456369 2.35162095831e-05 0.132304545438
149 -0.000131376456369 2.35162095831e-05 0.132304545438
150 -0.000131376456369 2.35162095831e-05 0.132304545438
151 -0.000877825318841 2.35162095831e-05 0.132304545438
152 -0.000877825318841 2.35162095831e-05 0.132304545438
153 -0.000877825318841 2.35162095831e-05 0.132304545438
154 -0.000877825318841 2.35162095831e-05 0.132304545438
155 -0.000877825318841 2.35162095831e-05 0.132304545438
156 -0.000877825318841 2.35162095831e-05 0.132304545438
157 -0.000877825318841 2.35162095831e-05 0.132304545438
158 -0.000877825318841 2.35162095831e-05 0.132304545438
159 -0.000877825318841 2.35162095831e-05 0.132304545438
160 -0.000877825318841 2.35162095831e-05 0.132304545438
161 -0.000877825318841 2.35162095831e-05 0.132304545438
162 -0.000877825318841 2.35162095831e-05 0.132304545438
163 -0.000877825318841 2.35162095831e-05 0.132304545438
164 -0.000877825318841 2.35162095831e-05 0.132304545438
165 -0.000877825318841 2.35162095831e-05 0.132304545438
166 -0.000877825318841 2.35162095831e-05 0.132304545438
167 -0.000877825318841 2.35162095831e-05 0.132304545438
168 -0.000877825318841 2.35162095831e-05 0.132304545438
169 -0.000877825318841 2.35162095831e-05 0.132304545438
170 -0.000877825318841 2.35162095831e-05 0.132304545438
171 -0.000877825318841 2.35162095831e-05 0.132304545438
172 -0.000877825318841 2.35162095831e-05 0.132304545438
173 -0.000877825318841 2.35162095831e-05 0.132304545438
174 -0.000877825318841 2.35162095831e-05 0.132304545438
175 -0.000877825318841 2.35162095831e-05 0.132304545438
176 -0.000877825318841 2.35162095831e-05 0.132304545438
177 -0.000877825318841 2.35162095831e-05 0.132304545438
178 -0.000877825318841 2.35162095831e-05 0.132304545438
179 -0.000877825318841 2.35162095831e-05 0.132304545438
180 -0.000877825318841 2.35162095831e-05 0.132304545438
181 -0.000877825318841 2.35162095831e-05 0.132304545438
182 -0.000877825318841 2.35162095831e-05 0.132304545438
183 -0.000877825318841 2.35162095831e-05 0.132304545438
184 -0.000877825318841 2.35162095831e-05 0.132304545438
185 -0.000877825318841 2.35162095831e-05 0.132304545438
186 -0.000877825318841 2.35162095831e-05 0.132304545438
187 -0.000877825318841 2.35162095831e-05 0.132304545438
188 -0.000877825318841 2.35162095831e-05 0.132304545438
189 -0.000877825318841 2.35162095831e-05 0.132304545438
190 -0.000877825318841 2.35162095831e-05 0.132304545438
191 -0.000877825318841 2.35162095831e-05 0.132304545438
192 -0.000877825318841 2.35162095831e-05 0.132304545438
193 -0.000877825318841 2.35162095831e-05 0.132304545438
194 -0.000877825318841 2.35162095831e-05 0.132304545438
195 -0.000877825318841 2.35162095831e-05 0.132304545438
196 -0.000877825318841 2.35162095831e-05 0.132304545438
197 -0.000877825318841 2.35162095831e-05 0.132304545438
198 -0.000877825318841 2.35162095831e-05 0.132304545438
199 -0.000877825318841 2.35162095831e-05 0.132304545438
200 -0.000877825318841 2.35162095831e-05 0.132304545438
201 0.000205358147653 0.00388925535589 -0.00327838385066
202 0.000205358147653 0.00388925535589 -0.00327838385066
203 0.000205358147653 0.00388925535589 -0.00327838385066
204 0.000205358147653 0.00388925535589 -0.00327838385066
205 0.000205358147653 0.00388925535589 -0.00327838385066
206 0.000205358147653 0.00388925535589 -0.00327838385066
207 0.000205358147653 0.00388925535589 -0.00327838385066
208 0.000205358147653 0.00388925535589 -0.00327838385066
209 0.000205358147653 0.00388925535589 -0.00327838385066
210 0.000205358147653 0.00388925535589 -0.00327838385066
211 0.000205358147653 0.00388925535589 -0.00327838385066
212 0.000205358147653 0.00388925535589 -0.00327838385066
213 0.000205358147653 0.00388925535589 -0.00327838385066
214 0.000205358147653 0.00388925535589 -0.00327838385066
215 0.000205358147653 0.00388925535589 -0.00327838385066
216 0.000205358147653 0.00388925535589 -0.00327838385066
217 0.000205358147653 0.00388925535589 -0.00327838385066
218 0.000205358147653 0.00388925535589 -0.00327838385066
219 0.000205358147653 0.00388925535589 -0.00327838385066
220 0.000205358147653 0.00388925535589 -0.00327838385066
221 0.000205358147653 0.00388925535589 -0.00327838385066
222 0.000205358147653 0.00388925535589 -0.00327838385066
223 0.000205358147653 0.00388925535589 -0.00327838385066
224 0.000205358147653 0.00388925535589 -0.00327838385066
225 0.000205358147653 0.00388925535589 -0.00327838385066
226 0.000205358147653 0.00388925535589 -0.00327838385066
227 0.000205358147653 0.00388925535589 -0.00327838385066
228 0.000205358147653 0.00388925535589 -0.00327838385066
229 0.000205358147653 0.00388925535589 -0.00327838385066
230 0.000205358147653 0.00388925535589 -0.00327838385066
231 0.000205358147653 0.00388925535589 -0.00327838385066
232 0.000205358147653 0.00388925535589 -0.00327838385066
233 0.000205358147653 0.00388925535589 -0.00327838385066
234 0.000205358147653 0.00388925535589 -0.00327838385066
235 0.000205358147653 0.00388925535589 -0.00327838385066
236 0.000205358147653 0.00388925535589 -0.00327838385066
237 0.000205358147653 0.00388925535589 -0.00327838385066
238 0.000205358147653 0.00388925535589 -0.00327838385066
239 0.000205358147653 0.00388925535589 -0.00327838385066
240 0.000205358147653 0.00388925535589 -0.00327838385066
241 0.000205358147653 0.00388925535589 -0.00327838385066
242 0.000205358147653 0.00388925535589 -0.00327838385066
243 0.000205358147653 0.00388925535589 -0.00327838385066
244 0.000205358147653 0.00388925535589 -0.00327838385066
245 0.000205358147653 0.00388925535589 -0.00327838385066
246 0.000205358147653 0.00388925535589 -0.00327838385066
247 0.000205358147653 0.00388925535589 -0.00327838385066
248 0.000205358147653 0.00388925535589 -0.00327838385066
249 0.000205358147653 0.00388925535589 -0.00327838385066
250 0.000205358147653 0.00388925535589 -0.00327838385066
251 -0.000741623452801 0.00388925535589 -0.00327838385066
252 -0.000741623452801 0.00388925535589 -0.00327838385066
253 -0.000741623452801 0.00388925535589 -0.00327838385066
254 -0.000741623452801 0.00388925535589 -0.00327838385066
255 -0.000741623452801 0.00388925535589 -0.00327838385066
256 -0.000741623452801 0.00388925535589 -0.00327838385066
257 -0.000741623452801 0.00388925535589 -0.00327838385066
258 -0.000741623452801 0.00388925535589 -0.00327838385066
259 -0.000741623452801 0.00388925535589 -0.00327838385066
260 -0.000741623452801 0.00388925535589 -0.00327838385066
261 -0.000741623452801 0.00388925535589 -0.00327838385066
262 -0.000741623452801 0.00388925535589 -0.00327838385066
263 -0.000741623452801 0.00388925535589 -0.00327838385066
264 -0.000741623452801 0.00388925535589 -0.00327838385066
265 -0.000741623452801 0.00388925535589 -0.00327838385066
266 -0.000741623452801 0.00388925535589 -0.00327838385066
267 -0.000741623452801 0.00388925535589 -0.00327838385066
268 -0.000741623452801 0.00388925535589 -0.00327838385066
269 -0.000741623452801 0.00388925535589 -0.00327838385066
270 -0.000741623452801 0.00388925535589 -0.00327838385066
271 -0.000741623452801 0.00388925535589 -0.00327838385066
272 -0.000741623452801 0.00388925535589 -0.00327838385066
273 -0.000741623452801 0.00388925535589 -0.00327838385066
274 -0.000741623452801 0.00388925535589 -0.00327838385066
275 -0.000741623452801 0.00388925535589 -0.00327838385066
276 -0.000741623452801 0.00388925535589 -0.00327838385066
277 -0.000741623452801 0.00388925535589 -0.00327838385066
278 -0.000741623452801 0.00388925535589 -0.00327838385066
279 -0.000741623452801 0.00388925535589 -0.00327838385066
280 -0.000741623452801 0.00388925535589 -0.00327838385066
281 -0.000741623452801 0.00388925535589 -0.00327838385066
282 -0.000741623452801 0.00388925535589 -0.00327838385066
283 -0.000741623452801 0.00388925535589 -0.00327838385066
284 -0.000741623452801 0.00388925535589 -0.00327838385066
285 -0.000741623452801 0.00388925535589 -0.00327838385066
286 -0.000741623452801 0.00388925535589 -0.00327838385066
287 -0.000741623452801 0.00388925535589 -0.00327838385066
288 -0.000741623452801 0.00388925535589 -0.00327838385066
289 -0.000741623452801 0.00388925535589 -0.00327838385066
290 -0.000741623452801 0.00388925535589 -0.00327838385066
291 -0.000741623452801 0.00388925535589 -0.00327838385066
292 -0.000741623452801 0.00388925535589 -0.00327838385066
293 -0.000741623452801 0.00388925535589 -0.00327838385066
294 -0.000741623452801 0.00388925535589 -0.00327838385066
295 -0.000741623452801 0.00388925535589 -0.00327838385066
296 -0.000741623452801 0.00388925535589 -0.00327838385066
297 -0.000741623452801 0.00388925535589 -0.00327838385066
298 -0.000741623452801 0.00388925535589 -0.00327838385066
299 -0.000741623452801 0.00388925535589 -0.00327838385066
300 -0.000741623452801 0.00388925535589 -0.00327838385066
301 -0.00148226393495 0.00727250786788 -0.00348694087733
302 -0.00148226393495 0.00727250786788 -0.00348694087733
303 -0.00148226393495 0.00727250786788 -0.00348694087733
304 -0.00148226393495 0.00727250786788 -0.00348694087733
305 -0.00148226393495 0.00727250786788 -0.00348694087733
306 -0.00148226393495 0.00727250786788 -0.00348694087733
307 -0.00148226393495 0.00727250786788 -0.00348694087733
308 -0.00148226393495 0.00727250786788 -0.00348694087733
309 -0.00148226393495 0.00727250786788 -0.00348694087733
310 -0.00148226393495 0.00727250786788 -0.00348694087733
311 -0.00148226393495 0.00727250786788 -0.00348694087733
312 -0.00148226393495 0.00727250786788 -0.00348694087733
313 -0.00148226393495 0.00727250786788 -0.00348694087733
314 -0.00148226393495 0.00727250786788 -0.00348694087733
315 -0.00148226393495 0.00727250786788 -0.00348694087733
316 -0.00148226393495 0.00727250786788 -0.00348694087733
317 -0.00148226393495 0.00727250786788 -0.00348694087733
318 -0.00148226393495 0.00727250786788 -0.00348694087733
319 -0.00148226393495 0.00727250786788 -0.00348694087733
320 -0.00148226393495 0.00727250786788 -0.00348694087733
321 -0.00148226393495 0.00727250786788 -0.00348694087733
322 -0.00148226393495 0.00727250786788 -0.00348694087733
323 -0.00148226393495 0.00727250786788 -0.00348694087733
324 -0.00148226393495 0.00727250786788 -0.00348694087733
325 -0.00148226393495 0.00727250786788 -0.00348694087733
326 -0.00148226393495 0.00727250786788 -0.00348694087733
327 -0.00148226393495 0.00727250786788 -0.00348694087733
328 -0.00148226393495 0.00727250786788 -0.00348694087733
329 -0.00148226393495 0.00727250786788 -0.00348694087733
330 -0.00148226393495 0.00727250786788 -0.00348694087733
331 -0.00148226393495 0.00727250786788 -0.00348694087733
332 -0.00148226393495 0.00727250786788 -0.00348694087733
333 -0.00148226393495 0.00727250786788 -0.00348694087733
334 -0.00148226393495 0.00727250786788 -0.00348694087733
335 -0.00148226393495 0.00727250786788 -0.00348694087733
336 -0.00148226393495 0.00727250786788 -0.00348694087733
337 -0.00148226393495 0.00727250786788 -0.00348694087733
338 -0.00148226393495 0.00727250786788 -0.00348694087733
339 -0.00148226393495 0.00727250786788 -0.00348694087733
340 -0.00148226393495 0.00727250786788 -0.00348694087733
341 -0.00148226393495 0.00727250786788 -0.00348694087733
342 -0.00148226393495 0.00727250786788 -0.00348694087733
343 -0.00148226393495 0.00727250786788 -0.00348694087733
344 -0.00148226393495 0.00727250786788 -0.00348694087733
345 -0.00148226393495 0.00727250786788 -0.00348694087733
346 -0.00148226393495 0.00727250786788 -0.00348694087733
347 -0.00148226393495 0.00727250786788 -0.00348694087733
348 -0.00148226393495 0.00727250786788 -0.00348694087733
349 -0.00148226393495 0.00727250786788 -0.00348694087733
350 -0.00148226393495 0.00727250786788 -0.00348694087733
351 0.00255121199666 0.00727250786788 -0.00348694087733
352 0.00255121199666 0.00727250786788 -0.00348694087733
353 0.00255121199666 0.00727250786788 -0.00348694087733
354 0.00255121199666 0.00727250786788 -0.00348694087733
355 0.00255121199666 0.00727250786788 -0.00348694087733
356 0.00255121199666 0.00727250786788 -0.00348694087733
357 0.00255121199666 0.00727250786788 -0.00348694087733
358 0.00255121199666 0.00727250786788 -0.00348694087733
359 0.00255121199666 0.00727250786788 -0.00348694087733
360 0.00255121199666 0.00727250786788 -0.00348694087733
361 0.00255121199666 0.00727250786788 -0.00348694087733
362 0.00255121199666 0.00727250786788 -0.00348694087733
363 0.00255121199666 0.00727250786788 -0.00348694087733
364 0.00255121199666 0.00727250786788 -0.00348694087733
365 0.00255121199666 0.00727250786788 -0.00348694087733
366 0.00255121199666 0.00727250786788 -0.00348694087733
367 0.00255121199666 0.00727250786788 -0.00348694087733
368 0.00255121199666 0.00727250786788 -0.00348694087733
369 0.00255121199666 0.00727250786788 -0.00348694087733
370 0.00255121199666 0.00727250786788 -0.00348694087733
371 0.00255121199666 0.00727250786788 -0.00348694087733
372 0.00255121199666 0.00727250786788 -0.00348694087733
373 0.00255121199666 0.00727250786788 -0.00348694087733
374 0.00255121199666 0.00727250786788 -0.00348694087733
375 0.00255121199666 0.00727250786788 -0.00348694087733
376 0.00255121199666 0.00727250786788 -0.00348694087733
377 0.00255121199666 0.00727250786788 -0.00348694087733
378 0.00255121199666 0.00727250786788 -0.00348694087733
379 0.00255121199666 0.00727250786788 -0.00348694087733
380 0.00255121199666 0.00727250786788 -0.00348694087733
381 0.00255121199666 0.00727250786788 -0.00348694087733
382 0.00255121199666 0.00727250786788 -0.00348694087733
383 0.00255121199666 0.00727250786788 -0.00348694087733
384 0.00255121199666 0.00727250786788 -0.00348694087733
385 0.00255121199666 0.00727250786788 -0.00348694087733
386 0.00255121199666 0.00727250786788 -0.00348694087733
387 0.00255121199666 0.00727250786788 -0.00348694087733
388 0.00255121199666 0.00727250786788 -0.00348694087733
389 0.00255121199666 0.00727250786788 -0.00348694087733
390 0.00255121199666 0.00727250786788 -0.00348694087733
391 0.00255121199666 0.00727250786788 -0.00348694087733
392 0.00255121199666 0.00727250786788 -0.00348694087733
393 0.00255121199666 0.00727250786788 -0.00348694087733
394 0.00255121199666 0.00727250786788 -0.00348694087733
395 0.00255121199666 0.00727250786788 -0.00348694087733
396 0.00255121199666 0.00727250786788 -0.00348694087733
397 0.00255121199666 0.00727250786788 -0.00348694087733
398 0.00255121199666 0.00727250786788 -0.00348694087733
399 0.00255121199666 0.00727250786788 -0.00348694087733
400 0.00255121199666 0.00727250786788 -0.00348694087733
401 0.00211444790167 0.0052208641529 0.00863280703553
402 0.00211444790167 0.0052208641529 0.00863280703553
403 0.00211444790167 0.0052208641529 0.00863280703553
404 0.00211444790167 0.0052208641529 0.00863280703553
405 0.00211444790167 0.0052208641529 0.00863280703553
406 0.00211444790167 0.0052208641529 0.00863280703553
407 0.00211444790167 0.0052208641529 0.00863280703553
408 0.00211444790167 0.0052208641529 0.00863280703553
409 0.00211444790167 0.0052208641529 0.00863280703553
410 0.00211444790167 0.0052208641529 0.00863280703553
411 0.00211444790167 0.0052208641529 0.00863280703553
412 0.00211444790167 0.0052208641529 0.00863280703553
413 0.00211444790167 0.0052208641529 0.00863280703553
414 0.00211444790167 0.0052208641529 0.00863280703553
415 0.00211444790167 0.0052208641529 0.00863280703553
416 0.00211444790167 0.0052208641529 0.00863280703553
417 0.00211444790167 0.0052208641529 0.00863280703553
418 0.00211444790167 0.0052208641529 0.00863280703553
419 0.00211444790167 0.0052208641529 0.00863280703553
420 0.00211444790167 0.0052208641529 0.00863280703553
421 0.00211444790167 0.0052208641529 0.00863280703553
422 0.00211444790167 0.0052208641529 0.00863280703553
423 0.00211444790167 0.0052208641529 0.00863280703553
424 0.00211444790167 0.0052208641529 0.00863280703553
425 0.00211444790167 0.0052208641529 0.00863280703553
426 0.00211444790167 0.0052208641529 0.00863280703553
427 0.00211444790167 0.0052208641529 0.00863280703553
428 0.00211444790167 0.0052208641529 0.00863280703553
429 0.00211444790167 0.0052208641529 0.00863280703553
430 0.00211444790167 0.0052208641529 0.00863280703553
431 0.00211444790167 0.0052208641529 0.00863280703553
432 0.00211444790167 0.0052208641529 0.00863280703553
433 0.00211444790167 0.0052208641529 0.00863280703553
434 0.00211444790167 0.0052208641529 0.00863280703553
435 0.00211444790167 0.0052208641529 0.00863280703553
436 0.00211444790167 0.0052208641529 0.00863280703553
437 0.00211444790167 0.0052208641529 0.00863280703553
438 0.00211444790167 0.0052208641529 0.00863280703553
439 0.00211444790167 0.0052208641529 0.00863280703553
440 0.00211444790167 0.0052208641529 0.00863280703553
441 0.00211444790167 0.0052208641529 0.00863280703553
442 0.00211444790167 0.0052208641529 0.00863280703553
443 0.00211444790167 0.0052208641529 0.00863280703553
444 0.00211444790167 0.0052208641529 0.00863280703553
445 0.00211444790167 0.0052208641529 0.00863280703553
446 0.00211444790167 0.0052208641529 0.00863280703553
447 0.00211444790167 0.0052208641529 0.00863280703553
448 0.00211444790167 0.0052208641529 0.00863280703553
449 0.00211444790167 0.0052208641529 0.00863280703553
450 0.00211444790167 0.0052208641529 0.00863280703553
451 -0.00163310267836 0.0052208641529 0.00863280703553
452 -0.00163310267836 0.0052208641529 0.00863280703553
453 -0.00163310267836 0.0052208641529 0.00863280703553
454 -0.00163310267836 0.0052208641529 0.00863280703553
455 -0.00163310267836 0.0052208641529 0.00863280703553
456 -0.00163310267836 0.0052208641529 0.00863280703553
457 -0.00163310267836 0.0052208641529 0.00863280703553
458 -0.00163310267836 0.0052208641529 0.00863280703553
459 -0.00163310267836 0.0052208641529 0.00863280703553
460 -0.00163310267836 0.0052208641529 0.00863280703553
461 -0.00163310267836 0.0052208641529 0.00863280703553
462 -0.00163310267836 0.0052208641529 0.00863280703553
463 -0.00163310267836 0.0052208641529 0.00863280703553
464 -0.00163310267836 0.0052208641529 0.00863280703553
465 -0.00163310267836 0.0052208641529 0.00863280703553
466 -0.00163310267836 0.0052208641529 0.00863280703553
467 -0.00163310267836 0.0052208641529 0.00863280703553
468 -0.00163310267836 0.0052208641529 0.00863280703553
469 -0.00163310267836 0.0052208641529 0.00863280703553
470 -0.00163310267836 0.0052208641529 0.00863280703553
471 -0.00163310267836 0.0052208641529 0.00863280703553
472 -0.00163310267836 0.0052208641529 0.00863280703553
473 -0.00163310267836 0.0052208641529 0.00863280703553
474 -0.00163310267836 0.0052208641529 0.00863280703553
475 -0.00163310267836 0.0052208641529 0.00863280703553
476 -0.00163310267836 0.0052208641529 0.00863280703553
477 -0.00163310267836 0.0052208641529 0.00863280703553
478 -0.00163310267836 0.0052208641529 0.00863280703553
479 -0.00163310267836 0.0052208641529 0.00863280703553
480 -0.00163310267836 0.0052208641529 0.00863280703553
481 -0.00163310267836 0.0052208641529 0.00863280703553
482 -0.00163310267836 0.0052208641529 0.00863280703553
483 -0.00163310267836 0.0052208641529 0.00863280703553
484 -0.00163310267836 0.0052208641529 0.00863280703553
485 -0.00163310267836 0.0052208641529 0.00863280703553
486 -0.00163310267836 0.0052208641529 0.00863280703553
487 -0.00163310267836 0.0052208641529 0.00863280703553
488 -0.00163310267836 0.0052208641529 0.00863280703553
489 -0.00163310267836 0.0052208641529 0.00863280703553
490 -0.00163310267836 0.0052208641529 0.00863280703553
491 -0.00163310267836 0.0052208641529 0.00863280703553
492 -0.00163310267836 0.0052208641529 0.00863280703553
493 -0.00163310267836 0.0052208641529 0.00863280703553
494 -0.00163310267836 0.0052208641529 0.00863280703553
495 -0.00163310267836 0.0052208641529 0.00863280703553
496 -0.00163310267836 0.0052208641529 0.00863280703553
497 -0.00163310267836 0.0052208641529 0.00863280703553
498 -0.00163310267836 0.0052208641529 0.00863280703553
499 -0.00163310267836 0.0052208641529 0.00863280703553
500 -0.00163310267836 0.0052208641529 0.00863280703553
501 0.00127212013655 0.00845870588176 0.0148722033913
502 0.00127212013655 0.00845870588176 0.0148722033913
503 0.00127212013655 0.00845870588176 0.0148722033913
504 0.00127212013655 0.00845870588176 0.0148722033913
505 0.00127212013655 0.00845870588176 0.0148722033913
506 0.00127212013655 0.00845870588176 0.0148722033913
507 0.00127212013655 0.00845870588176 0.0148722033913
508 0.00127212013655 0.00845870588176 0.0148722033913
509 0.00127212013655 0.00845870588176 0.0148722033913
510 0.00127212013655 0.00845870588176 0.0148722033913
511 0.00127212013655 0.00845870588176 0.0148722033913
512 0.00127212013655 0.00845870588176 0.0148722033913
513 0.00127212013655 0.00845870588176 0.0148722033913
514 0.00127212013655 0.00845870588176 0.0148722033913
515 0.00127212013655 0.00845870588176 0.0148722033913
516 0.00127212013655 0.00845870588176 0.0148722033913
517 0.00127212013655 0.00845870588176 0.0148722033913
518 0.00127212013655 0.00845870588176 0.0148722033913
519 0.00127212013655 0.00845870588176 0.0148722033913
520 0.00127212013655 0.00845870588176 0.0148722033913
521 0.00127212013655 0.00845870588176 0.0148722033913
522 0.00127212013655 0.00845870588176 0.0148722033913
523 0.00127212013655 0.00845870588176 0.0148722033913
524 0.00127212013655 0.00845870588176 0.0148722033913
525 0.00127212013655 0.00845870588176 0.0148722033913
526 0.00127212013655 0.00845870588176 0.0148722033913
527 0.00127212013655 0.00845870588176 0.0148722033913
528 0.00127212013655 0.00845870588176 0.0148722033913
529 0.00127212013655 0.00845870588176 0.0148722033913
530 0.00127212013655 0.00845870588176 0.0148722033913
531 0.00127212013655 0.00845870588176 0.0148722033913
532 0.00127212013655 0.00845870588176 0.0148722033913
533 0.00127212013655 0.00845870588176 0.0148722033913
534 0.00127212013655 0.00845870588176 0.0148722033913
535 0.00127212013655 0.00845870588176 0.0148722033913
536 0.00127212013655 0.00845870588176 0.0148722033913
537 0.00127212013655 0.00845870588176 0.0148722033913
538 0.00127212013655 0.00845870588176 0.0148722033913
539 0.00127212013655 0.00845870588176 0.0148722033913
540 0.00127212013655 0.00845870588176 0.0148722033913
541 0.00127212013655 0.00845870588176 0.0148722033913
542 0.00127212013655 0.00845870588176 0.0148722033913
543 0.00127212013655 0.00845870588176 0.0148722033913
544 0.00127212013655 0.00845870588176 0.0148722033913
545 0.00127212013655 0.00845870588176 0.0148722033913
546 0.00127212013655 0.00845870588176 0.0148722033913
547 0.00127212013655 0.00845870588176 0.0148722033913
548 0.00127212013655 0.00845870588176 0.0148722033913
549 0.00127212013655 0.00845870588176 0.0148722033913
550 0.00127212013655 0.00845870588176 0.0148722033913
551 0.00116625969656 0.00845870588176 0.0148722033913
552 0.00116625969656 0.00845870588176 0.0148722033913
553 0.00116625969656 0.00845870588176 0.0148722033913
554 0.00116625969656 0.00845870588176 0.0148722033913
555 0.00116625969656 0.00845870588176 0.0148722033913
556 0.00116625969656 0.00845870588176 0.0148722033913
557 0.00116625969656 0.00845870588176 0.0148722033913
558 0.00116625969656 0.00845870588176 0.0148722033913
559 0.00116625969656 0.00845870588176 0.0148722033913
560 0.00116625969656 0.00845870588176 0.0148722033913
561 0.00116625969656 0.00845870588176 0.0148722033913
562 0.00116625969656 0.00845870588176 0.0148722033913
563 0.00116625969656 0.00845870588176 0.0148722033913
564 0.00116625969656 0.00845870588176 0.0148722033913
565 0.00116625969656 0.00845870588176 0.0148722033913
566 0.00116625969656 0.00845870588176 0.0148722033913
567 0.00116625969656 0.00845870588176 0.0148722033913
568 0.00116625969656 0.00845870588176 0.0148722033913
569 0.00116625969656 0.00845870588176 0.0148722033913
570 0.00116625969656 0.00845870588176 0.0148722033913
571 0.00116625969656 0.00845870588176 0.0148722033913
572 0.00116625969656 0.00845870588176 0.0148722033913
573 0.00116625969656 0.00845870588176 0.0148722033913
574 0.00116625969656 0.00845870588176 0.0148722033913
575 0.00116625969656 0.00845870588176 0.0148722033913
576 0.00116625969656 0.00845870588176 0.0148722033913
577 0.00116625969656 0.00845870588176 0.0148722033913
578 0.00116625969656 0.00845870588176 0.0148722033913
579 0.00116625969656 0.00845870588176 0.0148722033913
580 0.00116625969656 0.00845870588176 0.0148722033913
581 0.00116625969656 0.00845870588176 0.0148722033913
582 0.00116625969656 0.00845870588176 0.0148722033913
583 0.00116625969656 0.00845870588176 0.0148722033913
584 0.00116625969656 0.00845870588176 0.0148722033913
585 0.00116625969656 0.00845870588176 0.0148722033913
586 0.00116625969656 0.00845870588176 0.0148722033913
587 0.00116625969656 0.00845870588176 0.0148722033913
588 0.00116625969656 0.00845870588176 0.0148722033913
589 0.00116625969656 0.00845870588176 0.0148722033913
590 0.00116625969656 0.00845870588176 0.0148722033913
591 0.00116625969656 0.00845870588176 0.0148722033913
592 0.00116625969656 0.00845870588176 0.0148722033913
593 0.00116625969656 0.00845870588176 0.0148722033913
594 0.00116625969656 0.00845870588176 0.0148722033913
595 0.00116625969656 0.00845870588176 0.0148722033913
596 0.00116625969656 0.00845870588176 0.0148722033913
597 0.00116625969656 0.00845870588176 0.0148722033913
598 0.00116625969656 0.00845870588176 0.0148722033913
599 0.00116625969656 0.00845870588176 0.0148722033913
600 0.00116625969656 0.00845870588176 0.0148722033913
601 -0.00343313039451 -0.0213227557369 0.00104791591344
602 -0.00343313039451 -0.0213227557369 0.00104791591344
603 -0.00343313039451 -0.0213227557369 0.00104791591344
604 -0.00343313039451 -0.0213227557369 0.00104791591344
605 -0.00343313039451 -0.0213227557369 0.00104791591344
606 -0.00343313039451 -0.0213227557369 0.00104791591344
607 -0.00343313039451 -0.0213227557369 0.00104791591344
608 -0.00343313039451 -0.0213227557369 0.00104791591344
609 -0.00343313039451 -0.0213227557369 0.00104791591344
610 -0.00343313039451 -0.0213227557369 0.00104791591344
611 -0.00343313039451 -0.0213227557369 0.00104791591344
612 -0.00343313039451 -0.0213227557369 0.00104791591344
613 -0.00343313039451 -0.0213227557369 0.00104791591344
614 -0.00343313039451 -0.0213227557369 0.00104791591344
615 -0.00343313039451 -0.0213227557369 0.00104791591344
616 -0.00343313039451 -0.0213227557369 0.00104791591344
617 -0.00343313039451 -0.0213227557369 0.00104791591344
618 -0.00343313039451 -0.0213227557369 0.00104791591344
619 -0.00343313039451 -0.0213227557369 0.00104791591344
620 -0.00343313039451 -0.0213227557369 0.00104791591344
621 -0.00343313039451 -0.0213227557369 0.00104791591344
622 -0.00343313039451 -0.0213227557369 0.00104791591344
623 -0.00343313039451 -0.0213227557369 0.00104791591344
624 -0.00343313039451 -0.0213227557369 0.00104791591344
625 -0.00343313039451 -0.0213227557369 0.00104791591344
626 -0.00343313039451 -0.0213227557369 0.00104791591344
627 -0.00343313039451 -0.0213227557369 0.00104791591344
628 -0.00343313039451 -0.0213227557369 0.00104791591344
629 -0.00343313039451 -0.0213227557369 0.00104791591344
630 -0.00343313039451 -0.0213227557369 0.00104791591344
631 -0.00343313039451 -0.0213227557369 0.00104791591344
632 -0.00343313039451 -0.0213227557369 0.00104791591344
633 -0.00343313039451 -0.0213227557369 0.00104791591344
634 -0.00343313039451 -0.0213227557369 0.00104791591344
635 -0.00343313039451 -0.0213227557369 0.00104791591344
636 -0.00343313039451 -0.0213227557369 0.00104791591344
637 -0.00343313039451 -0.0213227557369 0.00104791591344
638 -0.00343313039451 -0.0213227557369 0.00104791591344
639 -0.00343313039451 -0.0213227557369 0.00104791591344
640 -0.00343313039451 -0.0213227557369 0.00104791591344
641 -0.00343313039451 -0.0213227557369 0.00104791591344
642 -0.00343313039451 -0.0213227557369 0.00104791591344
643 -0.00343313039451 -0.0213227557369 0.00104791591344
644 -0.00343313039451 -0.0213227557369 0.00104791591344
645 -0.00343313039451 -0.0213227557369 0.00104791591344
646 -0.00343313039451 -0.0213227557369 0.00104791591344
647 -0.00343313039451 -0.0213227557369 0.00104791591344
648 -0.00343313039451 -0.0213227557369 0.00104791591344
649 -0.00343313039451 -0.0213227557369 0.00104791591344
650 -0.00343313039451 -0.0213227557369 0.00104791591344
651 -0.00209731367553 -0.0213227557369 0.00104791591344
652 -0.00209731367553 -0.0213227557369 0.00104791591344
653 -0.00209731367553 -0.0213227557369 0.00104791591344
654 -0.00209731367553 -0.0213227557369 0.00104791591344
655 -0.00209731367553 -0.0213227557369 0.00104791591344
656 -0.00209731367553 -0.0213227557369 0.00104791591344
657 -0.00209731367553 -0.0213227557369 0.00104791591344
658 -0.00209731367553 -0.0213227557369 0.00104791591344
659 -0.00209731367553 -0.0213227557369 0.00104791591344
660 -0.00209731367553 -0.0213227557369 0.00104791591344
661 -0.00209731367553 -0.0213227557369 0.00104791591344
662 -0.00209731367553 -0.0213227557369 0.00104791591344
663 -0.00209731367553 -0.0213227557369 0.00104791591344
664 -0.00209731367553 -0.0213227557369 0.00104791591344
665 -0.00209731367553 -0.0213227557369 0.00104791591344
666 -0.00209731367553 -0.0213227557369 0.00104791591344
667 -0.00209731367553 -0.0213227557369 0.00104791591344
668 -0.00209731367553 -0.0213227557369 0.00104791591344
669 -0.00209731367553 -0.0213227557369 0.00104791591344
670 -0.00209731367553 -0.0213227557369 0.00104791591344
671 -0.00209731367553 -0.0213227557369 0.00104791591344
672 -0.00209731367553 -0.0213227557369 0.00104791591344
673 -0.00209731367553 -0.0213227557369 0.00104791591344
674 -0.00209731367553 -0.0213227557369 0.00104791591344
675 -0.00209731367553 -0.0213227557369 0.00104791591344
676 -0.00209731367553 -0.0213227557369 0.00104791591344
677 -0.00209731367553 -0.0213227557369 0.00104791591344
678 -0.00209731367553 -0.0213227557369 0.00104791591344
679 -0.00209731367553 -0.0213227557369 0.00104791591344
680 -0.00209731367553 -0.0213227557369 0.00104791591344
681 -0.00209731367553 -0.0213227557369 0.00104791591344
682 -0.00209731367553 -0.0213227557369 0.00104791591344
683 -0.00209731367553 -0.0213227557369 0.00104791591344
684 -0.00209731367553 -0.0213227557369 0.00104791591344
685 -0.00209731367553 -0.0213227557369 0.00104791591344
686 -0.00209731367553 -0.0213227557369 0.00104791591344
687 -0.00209731367553 -0.0213227557369 0.00104791591344
688 -0.00209731367553 -0.0213227557369 0.00104791591344
689 -0.00209731367553 -0.0213227557369 0.00104791591344
690 -0.00209731367553 -0.0213227557369 0.00104791591344
691 -0.00209731367553 -0.0213227557369 0.00104791591344
692 -0.00209731367553 -0.0213227557369 0.00104791591344
693 -0.00209731367553 -0.0213227557369 0.00104791591344
694 -0.00209731367553 -0.0213227557369 0.00104791591344
695 -0.00209731367553 -0.0213227557369 0.00104791591344
696 -0.00209731367553 -0.0213227557369 0.00104791591344
697 -0.00209731367553 -0.0213227557369 0.00104791591344
698 -0.00209731367553 -0.0213227557369 0.00104791591344
699 -0.00209731367553 -0.0213227557369 0.00104791591344
700 -0.00209731367553 -0.0213227557369 0.00104791591344
701 0.000175273433274 -0.00281798384547 0.00379063825892
702 0.000175273433274 -0.00281798384547 0.00379063825892
703 0.000175273433274 -0.00281798384547 0.00379063825892
704 0.000175273433274 -0.00281798384547 0.00379063825892
705 0.000175273433274 -0.00281798384547 0.00379063825892
706 0.000175273433274 -0.00281798384547 0.00379063825892
707 0.000175273433274 -0.00281798384547 0.00379063825892
708 0.000175273433274 -0.00281798384547 0.00379063825892
709 0.000175273433274 -0.00281798384547 0.00379063825892
710 0.000175273433274 -0.00281798384547 0.00379063825892
711 0.000175273433274 -0.00281798384547 0.00379063825892
712 0.000175273433274 -0.00281798384547 0.00379063825892
713 0.000175273433274 -0.00281798384547 0.00379063825892
714 0.000175273433274 -0.00281798384547 0.00379063825892
715 0.000175273433274 -0.00281798384547 0.00379063825892
716 0.000175273433274 -0.00281798384547 0.00379063825892
717 0.000175273433274 -0.00281798384547 0.00379063825892
718 0.000175273433274 -0.00281798384547 0.00379063825892
719 0.000175273433274 -0.00281798384547 0.00379063825892
720 0.000175273433274 -0.00281798384547 0.00379063825892
721 0.000175273433274 -0.00281798384547 0.00379063825892
722 0.000175273433274 -0.00281798384547 0.00379063825892
723 0.000175273433274 -0.00281798384547 0.00379063825892
724 0.000175273433274 -0.00281798384547 0.00379063825892
725 0.000175273433274 -0.00281798384547 0.00379063825892
726 0.000175273433274 -0.00281798384547 0.00379063825892
727 0.000175273433274 -0.00281798384547 0.00379063825892
728 0.000175273433274 -0.00281798384547 0.00379063825892
729 0.000175273433274 -0.00281798384547 0.00379063825892
730 0.000175273433274 -0.00281798384547 0.00379063825892
731 0.000175273433274 -0.00281798384547 0.00379063825892
732 0.000175273433274 -0.00281798384547 0.00379063825892
733 0.000175273433274 -0.00281798384547 0.00379063825892
734 0.000175273433274 -0.00281798384547 0.00379063825892
735 0.000175273433274 -0.00281798384547 0.00379063825892
736 0.000175273433274 -0.00281798384547 0.00379063825892
737 0.000175273433274 -0.00281798384547 0.00379063825892
738 0.000175273433274 -0.00281798384547 0.00379063825892
739 0.000175273433274 -0.00281798384547 0.00379063825892
740 0.000175273433274 -0.00281798384547 0.00379063825892
741 0.000175273433274 -0.00281798384547 0.00379063825892
742 0.000175273433274 -0.00281798384547 0.00379063825892
743 0.000175273433274 -0.00281798384547 0.00379063825892
744 0.000175273433274 -0.00281798384547 0.00379063825892
745 0.000175273433274 -0.00281798384547 0.00379063825892
746 0.000175273433274 -0.00281798384547 0.00379063825892
747 0.000175273433274 -0.00281798384547 0.00379063825892
748 0.000175273433274 -0.00281798384547 0.00379063825892
749 0.000175273433274 -0.00281798384547 0.00379063825892
750 0.000175273433274 -0.00281798384547 0.00379063825892
751 0.000356004090449 -0.00281798384547 0.00379063825892
752 0.000356004090449 -0.00281798384547 0.00379063825892
753 0.000356004090449 -0.00281798384547 0.00379063825892
754 0.000356004090449 -0.00281798384547 0.00379063825892
755 0.000356004090449 -0.00281798384547 0.00379063825892
756 0.000356004090449 -0.00281798384547 0.00379063825892
757 0.000356004090449 -0.00281798384547 0.00379063825892
758 0.000356004090449 -0.00281798384547 0.00379063825892
759 0.000356004090449 -0.00281798384547 0.00379063825892
760 0.000356004090449 -0.00281798384547 0.00379063825892
761 0.000356004090449 -0.00281798384547 0.00379063825892
762 0.000356004090449 -0.00281798384547 0.00379063825892
763 0.000356004090449 -0.00281798384547 0.00379063825892
764 0.000356004090449 -0.00281798384547 0.00379063825892
765 0.000356004090449 -0.00281798384547 0.00379063825892
766 0.000356004090449 -0.00281798384547 0.00379063825892
767 0.000356004090449 -0.00281798384547 0.00379063825892
768 0.000356004090449 -0.00281798384547 0.00379063825892
769 0.000356004090449 -0.00281798384547 0.00379063825892
770 0.000356004090449 -0.00281798384547 0.00379063825892
771 0.000356004090449 -0.00281798384547 0.00379063825892
772 0.000356004090449 -0.00281798384547 0.00379063825892
773 0.000356004090449 -0.00281798384547 0.00379063825892
774 0.000356004090449 -0.00281798384547 0.00379063825892
775 0.000356004090449 -0.00281798384547 0.00379063825892
776 0.000356004090449 -0.00281798384547 0.00379063825892
777 0.000356004090449 -0.00281798384547 0.00379063825892
778 0.000356004090449 -0.00281798384547 0.00379063825892
779 0.000356004090449 -0.00281798384547 0.00379063825892
780 0.000356004090449 -0.00281798384547 0.00379063825892
781 0.000356004090449 -0.00281798384547 0.00379063825892
782 0.000356004090449 -0.00281798384547 0.00379063825892
783 0.000356004090449 -0.00281798384547 0.00379063825892
784 0.000356004090449 -0.00281798384547 0.00379063825892
785 0.000356004090449 -0.00281798384547 0.00379063825892
786 0.000356004090449 -0.00281798384547 0.00379063825892
787 0.000356004090449 -0.00281798384547 0.00379063825892
788 0.000356004090449 -0.00281798384547 0.00379063825892
789 0.000356004090449 -0.00281798384547 0.00379063825892
790 0.000356004090449 -0.00281798384547 0.00379063825892
791 0.000356004090449 -0.00281798384547 0.00379063825892
792 0.000356004090449 -0.00281798384547 0.00379063825892
793 0.000356004090449 -0.00281798384547 0.00379063825892
794 0.000356004090449 -0.00281798384547 0.00379063825892
795 0.000356004090449 -0.00281798384547 0.00379063825892
796 0.000356004090449 -0.00281798384547 0.00379063825892
797 0.000356004090449 -0.00281798384547 0.00379063825892
798 0.000356004090449 -0.00281798384547 0.00379063825892
799 0.000356004090449 -0.00281798384547 0.00379063825892
800 0.000356004090449 -0.00281798384547 0.00379063825892
801 0.0010359655795 0.00143135698521 -0.0287589250048
802 0.0010359655795 0.00143135698521 -0.0287589250048
803 0.0010359655795 0.00143135698521 -0.0287589250048
804 0.0010359655795 0.00143135698521 -0.0287589250048
805 0.0010359655795 0.00143135698521 -0.0287589250048
806 0.0010359655795 0.00143135698521 -0.0287589250048
807 0.0010359655795 0.00143135698521 -0.0287589250048
808 0.0010359655795 0.00143135698521 -0.0287589250048
809 0.0010359655795 0.00143135698521 -0.0287589250048
810 0.0010359655795 0.00143135698521 -0.0287589250048
811 0.0010359655795 0.00143135698521 -0.0287589250048
812 0.0010359655795 0.00143135698521 -0.0287589250048
813 0.0010359655795 0.00143135698521 -0.0287589250048
814 0.0010359655795 0.00143135698521 -0.0287589250048
815 0.0010359655795 0.00143135698521 -0.0287589250048
816 0.0010359655795 0.00143135698521 -0.0287589250048
817 0.0010359655795 0.00143135698521 -0.0287589250048
818 0.0010359655795 0.00143135698521 -0.0287589250048
819 0.0010359655795 0.00143135698521 -0.0287589250048
820 0.0010359655795 0.00143135698521 -0.0287589250048
821 0.0010359655795 0.00143135698521 -0.0287589250048
822 0.0010359655795 0.00143135698521 -0.0287589250048
823 0.0010359655795 0.00143135698521 -0.0287589250048
824 0.0010359655795 0.00143135698521 -0.0287589250048
825 0.0010359655795 0.00143135698521 -0.0287589250048
826 0.0010359655795 0.00143135698521 -0.0287589250048
827 0.0010359655795 0.00143135698521 -0.0287589250048
828 0.0010359655795 0.00143135698521 -0.0287589250048
829 0.0010359655795 0.00143135698521 -0.0287589250048
830 0.0010359655795 0.00143135698521 -0.0287589250048
831 0.0010359655795 0.00143135698521 -0.0287589250048
832 0.0010359655795 0.00143135698521 -0.0287589250048
833 0.0010359655795 0.00143135698521 -0.0287589250048
834 0.0010359655795 0.00143135698521 -0.0287589250048
835 0.0010359655795 0.00143135698521 -0.0287589250048
836 0.0010359655795 0.00143135698521 -0.0287589250048
837 0.0010359655795 0.00143135698521 -0.0287589250048
838 0.0010359655795 0.00143135698521 -0.0287589250048
839 0.0010359655795 0.00143135698521 -0.0287589250048
840 0.0010359655795 0.00143135698521 -0.0287589250048
841 0.0010359655795 0.00143135698521 -0.0287589250048
842 0.0010359655795 0.00143135698521 -0.0287589250048
843 0.0010359655795 0.00143135698521 -0.0287589250048
844 0.0010359655795 0.00143135698521 -0.0287589250048
845 0.0010359655795 0.00143135698521 -0.0287589250048
846 0.0010359655795 0.00143135698521 -0.0287589250048
847 0.0010359655795 0.00143135698521 -0.0287589250048
848 0.0010359655795 0.00143135698521 -0.0287589250048
849 0.0010359655795 0.00143135698521 -0.0287589250048
850 0.0010359655795 0.00143135698521 -0.0287589250048
851 0.00248599256526 0.00143135698521 -0.0287589250048
852 0.00248599256526 0.00143135698521 -0.0287589250048
853 0.00248599256526 0.00143135698521 -0.0287589250048
854 0.00248599256526 0.00143135698521 -0.0287589250048
855 0.00248599256526 0.00143135698521 -0.0287589250048
856 0.00248599256526 0.00143135698521 -0.0287589250048
857 0.00248599256526 0.00143135698521 -0.0287589250048
858 0.00248599256526 0.00143135698521 -0.0287589250048
859 0.00248599256526 0.00143135698521 -0.0287589250048
860 0.00248599256526 0.00143135698521 -0.0287589250048
861 0.00248599256526 0.00143135698521 -0.0287589250048
862 0.00248599256526 0.00143135698521 -0.0287589250048
863 0.00248599256526 0.00143135698521 -0.0287589250048
864 0.00248599256526 0.00143135698521 -0.0287589250048
865 0.00248599256526 0.00143135698521 -0.0287589250048
866 0.00248599256526 0.00143135698521 -0.0287589250048
867 0.00248599256526 0.00143135698521 -0.0287589250048
868 0.00248599256526 0.00143135698521 -0.0287589250048
869 0.00248599256526 0.00143135698521 -0.0287589250048
870 0.00248599256526 0.00143135698521 -0.0287589250048
871 0.00248599256526 0.00143135698521 -0.0287589250048
872 0.00248599256526 0.00143135698521 -0.0287589250048
873 0.00248599256526 0.00143135698521 -0.0287589250048
874 0.00248599256526 0.00143135698521 -0.0287589250048
875 0.00248599256526 0.00143135698521 -0.0287589250048
876 0.00248599256526 0.00143135698521 -0.0287589250048
877 0.00248599256526 0.00143135698521 -0.0287589250048
878 0.00248599256526 0.00143135698521 -0.0287589250048
879 0.00248599256526 0.00143135698521 -0.0287589250048
880 0.00248599256526 0.00143135698521 -0.0287589250048
881 0.00248599256526 0.00143135698521 -0.0287589250048
882 0.00248599256526 0.00143135698521 -0.0287589250048
883 0.00248599256526 0.00143135698521 -0.0287589250048
884 0.00248599256526 0.00143135698521 -0.0287589250048
885 0.00248599256526 0.00143135698521 -0.0287589250048
886 0.00248599256526 0.00143135698521 -0.0287589250048
887 0.00248599256526 0.00143135698521 -0.0287589250048
888 0.00248599256526 0.00143135698521 -0.0287589250048
889 0.00248599256526 0.00143135698521 -0.0287589250048
890 0.00248599256526 0.00143135698521 -0.0287589250048
891 0.00248599256526 0.00143135698521 -0.0287589250048
892 0.00248599256526 0.00143135698521 -0.0287589250048
893 0.00248599256526 0.00143135698521 -0.0287589250048
894 0.00248599256526 0.00143135698521 -0.0287589250048
895 0.00248599256526 0.00143135698521 -0.0287589250048
896 0.00248599256526 0.00143135698521 -0.0287589250048
897 0.00248599256526 0.00143135698521 -0.0287589250048
898 0.00248599256526 0.00143135698521 -0.0287589250048
899 0.00248599256526 0.00143135698521 -0.0287589250048
900 0.00248599256526 0.00143135698521 -0.0287589250048
901 -0.00016165129884 0.00347116068071 -0.00696362879058
902 -0.00016165129884 0.00347116068071 -0.00696362879058
903 -0.00016165129884 0.00347116068071 -0.00696362879058
904 -0.00016165129884 0.00347116068071 -0.00696362879058
905 -0.00016165129884 0.00347116068071 -0.00696362879058
906 -0.00016165129884 0.00347116068071 -0.00696362879058
907 -0.00016165129884 0.00347116068071 -0.00696362879058
908 -0.00016165129884 0.00347116068071 -0.00696362879058
909 -0.00016165129884 0.00347116068071 -0.00696362879058
910 -0.00016165129884 0.00347116068071 -0.00696362879058
911 -0.00016165129884 0.00347116068071 -0.00696362879058
912 -0.00016165129884 0.00347116068071 -0.00696362879058
913 -0.00016165129884 0.00347116068071 -0.00696362879058
914 -0.00016165129884 0.00347116068071 -0.00696362879058
915 -0.00016165129884 0.00347116068071 -0.00696362879058
916 -0.00016165129884 0.00347116068071 -0.00696362879058
917 -0.00016165129884 0.00347116068071 -0.00696362879058
918 -0.00016165129884 0.00347116068071 -0.00696362879058
919 -0.00016165129884 0.00347116068071 -0.00696362879058
920 -0.00016165129884 0.00347116068071 -0.00696362879058
921 -0.00016165129884 0.00347116068071 -0.00696362879058
922 -0.00016165129884 0.00347116068071 -0.00696362879058
923 -0.00016165129884 0.00347116068071 -0.00696362879058
924 -0.00016165129884 0.00347116068071 -0.00696362879058
925 -0.00016165129884 0.00347116068071 -0.00696362879058
926 -0.00016165129884 0.00347116068071 -0.00696362879058
927 -0.00016165129884 0.00347116068071 -0.00696362879058
928 -0.00016165129884 0.00347116068071 -0.00696362879058
929 -0.00016165129884 0.00347116068071 -0.00696362879058
930 -0.00016165129884 0.00347116068071 -0.00696362879058
931 -0.00016165129884 0.00347116068071 -0.00696362879058
932 -0.00016165129884 0.00347116068071 -0.00696362879058
933 -0.00016165129884 0.00347116068071 -0.00696362879058
934 -0.00016165129884 0.00347116068071 -0.00696362879058
935 -0.00016165129884 0.00347116068071 -0.00696362879058
936 -0.00016165129884 0.00347116068071 -0.00696362879058
937 -0.00016165129884 0.00347116068071 -0.00696362879058
938 -0.00016165129884 0.00347116068071 -0.00696362879058
939 -0.00016165129884 0.00347116068071 -0.00696362879058
940 -0.00016165129884 0.00347116068071 -0.00696362879058
941 -0.00016165129884 0.00347116068071 -0.00696362879058
942 -0.00016165129884 0.00347116068071 -0.00696362879058
943 -0.00016165129884 0.00347116068071 -0.00696362879058
944 -0.00016165129884 0.00347116068071 -0.00696362879058
945 -0.00016165129884 0.00347116068071 -0.00696362879058
946 -0.00016165129884 0.00347116068071 -0.00696362879058
947 -0.00016165129884 0.00347116068071 -0.00696362879058
948 -0.00016165129884 0.00347116068071 -0.00696362879058
949 -0.00016165129884 0.00347116068071 -0.00696362879058
950 -0.00016165129884 0.00347116068071 -0.00696362879058
951 -0.00016165129884 0.00347116068071 -0.00696362879058
952 -0.00016165129884 0.00347116068071 -0.00696362879058
953 -0.00016165129884 0.00347116068071 -0.00696362879058
954 -0.00016165129884 0.00347116068071 -0.00696362879058
955 -0.00016165129884 0.00347116068071 -0.00696362879058
956 -0.00016165129884 0.00347116068071 -0.00696362879058
957 -0.00016165129884 0.00347116068071 -0.00696362879058
958 -0.00016165129884 0.00347116068071 -0.00696362879058
959 -0.00016165129884 0.00347116068071 -0.00696362879058
960 -0.00016165129884 0.00347116068071 -0.00696362879058
961 -0.00016165129884 0.00347116068071 -0.00696362879058
962 -0.00016165129884 0.00347116068071 -0.00696362879058
963 -0.00016165129884 0.00347116068071 -0.00696362879058
964 -0.00016165129884 0.00347116068071 -0.00696362879058
965 -0.00016165129884 0.00347116068071 -0.00696362879058
966 -0.00016165129884 0.00347116068071 -0.00696362879058
967 -0.00016165129884 0.00347116068071 -0.00696362879058
968 -0.00016165129884 0.00347116068071 -0.00696362879058
969 -0.00016165129884 0.00347116068071 -0.00696362879058
970 -0.00016165129884 0.00347116068071 -0.00696362879058
971 0.0169491525424 0.00347116068071 -0.00696362879058
972 0.0169491525424 0.00347116068071 -0.00696362879058
973 0.0169491525424 0.00347116068071 -0.00696362879058
974 0.0169491525424 0.00347116068071 -0.00696362879058
975 0.0169491525424 0.00347116068071 -0.00696362879058
976 0.0169491525424 0.00347116068071 -0.00696362879058
977 0.0169491525424 0.00347116068071 -0.00696362879058
978 0.0169491525424 0.00347116068071 -0.00696362879058
979 0.0169491525424 0.00347116068071 -0.00696362879058
980 0.0169491525424 0.00347116068071 -0.00696362879058
981 0.0169491525424 0.00347116068071 -0.00696362879058
982 0.0169491525424 0.00347116068071 -0.00696362879058
983 0.0169491525424 0.00347116068071 -0.00696362879058
984 0.0169491525424 0.00347116068071 -0.00696362879058
985 0.0169491525424 0.00347116068071 -0.00696362879058
986 0.0169491525424 0.00347116068071 -0.00696362879058
987 0.0169491525424 0.00347116068071 -0.00696362879058
988 0.0169491525424 0.00347116068071 -0.00696362879058
989 0.0169491525424 0.00347116068071 -0.00696362879058
990 0.0169491525424 0.00347116068071 -0.00696362879058
991 0.0169491525424 0.00347116068071 -0.00696362879058
992 0.0169491525424 0.00347116068071 -0.00696362879058
993 0.0169491525424 0.00347116068071 -0.00696362879058
994 0.0169491525424 0.00347116068071 -0.00696362879058
995 0.0169491525424 0.00347116068071 -0.00696362879058
996 0.0169491525424 0.00347116068071 -0.00696362879058
997 0.0169491525424 0.00347116068071 -0.00696362879058
998 0.0169491525424 0.00347116068071 -0.00696362879058
999 0.0169491525424 0.00347116068071 -0.00696362879058
1000 0.0169491525424 0.00347116068071 -0.00696362879058
1001 0.0169491525424 0.0 0.0
1002 0.0169491525424 0.0 0.0
1003 0.0169491525424 0.0 0.0
1004 0.0169491525424 0.0 0.0
1005 0.0169491525424 0.0 0.0
1006 0.0169491525424 0.0 0.0
1007 0.0169491525424 0.0 0.0
1008 0.0169491525424 0.0 0.0
1009 0.0169491525424 0.0 0.0
1010 0.0169491525424 0.0 0.0
1011 0.0169491525424 0.0 0.0
1012 0.0169491525424 0.0 0.0
1013 0.0169491525424 0.0 0.0
1014 0.0169491525424 0.0 0.0
1015 0.0169491525424 0.0 0.0
1016 0.0169491525424 0.0 0.0
1017 0.0169491525424 0.0 0.0
1018 0.0169491525424 0.0 0.0
1019 0.0169491525424 0.0 0.0
1020 0.0169491525424 0.0 0.0
1021 0.0169491525424 0.0 0.0
1022 0.0169491525424 0.0 0.0
1023 0.0169491525424 0.0 0.0
1024 0.0169491525424 0.0 0.0
1025 0.0169491525424 0.0 0.0
1026 0.0169491525424 0.0 0.0
1027 0.0169491525424 0.0 0.0
1028 0.0169491525424 0.0 0.0
1029 0.0169491525424 0.0 0.0
1030 0.0169491525424 0.0 0.0
1031 -0.000195632357653 0.0 0.0
1032 -0.000195632357653 0.0 0.0
1033 -0.000195632357653 0.0 0.0
1034 -0.000195632357653 0.0 0.0
1035 -0.000195632357653 0.0 0.0
1036 -0.000195632357653 0.0 0.0
1037 -0.000195632357653 0.0 0.0
1038 -0.000195632357653 0.0 0.0
1039 -0.000195632357653 0.0 0.0
1040 -0.000195632357653 0.0 0.0
1041 -0.000195632357653 0.0 0.0
1042 -0.000195632357653 0.0 0.0
1043 -0.000195632357653 0.0 0.0
1044 -0.000195632357653 0.0 0.0
1045 -0.000195632357653 0.0 0.0
1046 -0.000195632357653 0.0 0.0
1047 -0.000195632357653 0.0 0.0
1048 -0.000195632357653 0.0 0.0
1049 -0.000195632357653 0.0 0.0
1050 -0.000195632357653 0.0 0.0
1051 -0.000195632357653 0.0 0.0
1052 -0.000195632357653 0.0 0.0
1053 -0.000195632357653 0.0 0.0
1054 -0.000195632357653 0.0 0.0
1055 -0.000195632357653 0.0 0.0
1056 -0.000195632357653 0.0 0.0
1057 -0.000195632357653 0.0 0.0
1058 -0.000195632357653 0.0 0.0
1059 -0.000195632357653 0.0 0.0
1060 -0.000195632357653 0.0 0.0
1061 -0.000195632357653 0.0 0.0
1062 -0.000195632357653 0.0 0.0
1063 -0.000195632357653 0.0 0.0
1064 -0.000195632357653 0.0 0.0
1065 -0.000195632357653 0.0 0.0
1066 -0.000195632357653 0.0 0.0
1067 -0.000195632357653 0.0 0.0
1068 -0.000195632357653 0.0 0.0
1069 -0.000195632357653 0.0 0.0
1070 -0.000195632357653 0.0 0.0
1071 -0.000195632357653 0.0 0.0
1072 -0.000195632357653 0.0 0.0
1073 -0.000195632357653 0.0 0.0
1074 -0.000195632357653 0.0 0.0
1075 -0.000195632357653 0.0 0.0
1076 -0.000195632357653 0.0 0.0
1077 -0.000195632357653 0.0 0.0
1078 -0.000195632357653 0.0 0.0
1079 -0.000195632357653 0.0 0.0
1080 -0.000195632357653 0.0 0.0
1081 -0.000195632357653 0.0 0.0
1082 -0.000195632357653 0.0 0.0
1083 -0.000195632357653 0.0 0.0
1084 -0.000195632357653 0.0 0.0
1085 -0.000195632357653 0.0 0.0
1086 -0.000195632357653 0.0 0.0
1087 -0.000195632357653 0.0 0.0
1088 -0.000195632357653 0.0 0.0
1089 -0.000195632357653 0.0 0.0
1090 -0.000195632357653 0.0 0.0
1091 0.00019669075618 0.0 0.0
1092 0.00019669075618 0.0 0.0
1093 0.00019669075618 0.0 0.0
1094 0.00019669075618 0.0 0.0
1095 0.00019669075618 0.0 0.0
1096 0.00019669075618 0.0 0.0
1097 0.00019669075618 0.0 0.0
1098 0.00019669075618 0.0 0.0
1099 0.00019669075618 0.0 0.0
1100 0.00019669075618 0.0 0.0
1101 0.00019669075618 0.0 0.0
1102 0.00019669075618 0.0 0.0
1103 0.00019669075618 0.0 0.0
1104 0.00019669075618 0.0 0.0
1105 0.00019669075618 0.0 0.0
1106 0.00019669075618 0.0 0.0
1107 0.00019669075618 0.0 0.0
1108 0.00019669075618 0.0 0.0
1109 0.00019669075618 0.0 0.0
1110 0.00019669075618 0.0 0.0
1111 0.00019669075618 0.0 0.0
1112 0.00019669075618 0.0 0.0
1113 0.00019669075618 0.0 0.0
1114 0.00019669075618 0.0 0.0
1115 0.00019669075618 0.0 0.0
1116 0.00019669075618 0.0 0.0
1117 0.00019669075618 0.0 0.0
1118 0.00019669075618 0.0 0.0
1119 0.00019669075618 0.0 0.0
1120 0.00019669075618 0.0 0.0
1121 0.00019669075618 0.0 0.0
1122 0.00019669075618 0.0 0.0
1123 0.00019669075618 0.0 0.0
1124 0.00019669075618 0.0 0.0
1125 0.00019669075618 0.0 0.0
1126 0.00019669075618 0.0 0.0
1127 0.00019669075618 0.0 0.0
1128 0.00019669075618 0.0 0.0
1129 0.00019669075618 0.0 0.0
1130 0.00019669075618 0.0 0.0
1131 0.00019669075618 0.0 0.0
1132 0.00019669075618 0.0 0.0
1133 0.00019669075618 0.0 0.0
1134 0.00019669075618 0.0 0.0
1135 0.00019669075618 0.0 0.0
1136 0.00019669075618 0.0 0.0
1137 0.00019669075618 0.0 0.0
1138 0.00019669075618 0.0 0.0
1139 0.00019669075618 0.0 0.0
1140 0.00019669075618 0.0 0.0
1141 0.00019669075618 0.0 0.0
1142 0.00019669075618 0.0 0.0
1143 0.00019669075618 0.0 0.0
1144 0.00019669075618 0.0 0.0
1145 0.00019669075618 0.0 0.0
1146 0.00019669075618 0.0 0.0
1147 0.00019669075618 0.0 0.0
1148 0.00019669075618 0.0 0.0
1149 0.00019669075618 0.0 0.0
1150 0.00019669075618 0.0 0.0
1151 -0.00474375963412 0.0 0.0
1152 -0.00474375963412 0.0 0.0
1153 -0.00474375963412 0.0 0.0
1154 -0.00474375963412 0.0 0.0
1155 -0.00474375963412 0.0 0.0
1156 -0.00474375963412 0.0 0.0
1157 -0.00474375963412 0.0 0.0
1158 -0.00474375963412 0.0 0.0
1159 -0.00474375963412 0.0 0.0
1160 -0.00474375963412 0.0 0.0
1161 -0.00474375963412 0.0 0.0
1162 -0.00474375963412 0.0 0.0
1163 -0.00474375963412 0.0 0.0
1164 -0.00474375963412 0.0 0.0
1165 -0.00474375963412 0.0 0.0
1166 -0.00474375963412 0.0 0.0
1167 -0.00474375963412 0.0 0.0
1168 -0.00474375963412 0.0 0.0
1169 -0.00474375963412 0.0 0.0
1170 -0.00474375963412 0.0 0.0
1171 -0.00474375963412 0.0 0.0
1172 -0.00474375963412 0.0 0.0
1173 -0.00474375963412 0.0 0.0
1174 -0.00474375963412 0.0 0.0
1175 -0.00474375963412 0.0 0.0
1176 -0.00474375963412 0.0 0.0
1177 -0.00474375963412 0.0 0.0
1178 -0.00474375963412 0.0 0.0
1179 -0.00474375963412 0.0 0.0
1180 -0.00474375963412 0.0 0.0
1181 -0.00474375963412 0.0 0.0
1182 -0.00474375963412 0.0 0.0
1183 -0.00474375963412 0.0 0.0
1184 -0.00474375963412 0.0 0.0
1185 -0.00474375963412 0.0 0.0
1186 -0.00474375963412 0.0 0.0
1187 -0.00474375963412 0.0 0.0
1188 -0.00474375963412 0.0 0.0
1189 -0.00474375963412 0.0 0.0
1190 -0.00474375963412 0.0 0.0
1191 -0.00474375963412 0.0 0.0
1192 -0.00474375963412 0.0 0.0
1193 -0.00474375963412 0.0 0.0
1194 -0.00474375963412 0.0 0.0
1195 -0.00474375963412 0.0 0.0
1196 -0.00474375963412 0.0 0.0
1197 -0.00474375963412 0.0 0.0
1198 -0.00474375963412 0.0 0.0
1199 -0.00474375963412 0.0 0.0
1200 -0.00474375963412 0.0 0.0
1201 -0.00474375963412 0.0 0.0
1202 -0.00474375963412 0.0 0.0
1203 -0.00474375963412 0.0 0.0
1204 -0.00474375963412 0.0 0.0
1205 -0.00474375963412 0.0 0.0
1206 -0.00474375963412 0.0 0.0
1207 -0.00474375963412 0.0 0.0
1208 -0.00474375963412 0.0 0.0
1209 -0.00474375963412 0.0 0.0
1210 -0.00474375963412 0.0 0.0
1211 0.00259993724553 0.0 0.0
1212 0.00259993724553 0.0 0.0
1213 0.00259993724553 0.0 0.0
1214 0.00259993724553 0.0 0.0
1215 0.00259993724553 0.0 0.0
1216 0.00259993724553 0.0 0.0
1217 0.00259993724553 0.0 0.0
1218 0.00259993724553 0.0 0.0
1219 0.00259993724553 0.0 0.0
1220 0.00259993724553 0.0 0.0
1221 0.00259993724553 0.0 0.0
1222 0.00259993724553 0.0 0.0
1223 0.00259993724553 0.0 0.0
1224 0.00259993724553 0.0 0.0
1225 0.00259993724553 0.0 0.0
1226 0.00259993724553 0.0 0.0
1227 0.00259993724553 0.0 0.0
1228 0.00259993724553 0.0 0.0
1229 0.00259993724553 0.0 0.0
1230 0.00259993724553 0.0 0.0
1231 0.00259993724553 0.0 0.0
1232 0.00259993724553 0.0 0.0
1233 0.00259993724553 0.0 0.0
1234 0.00259993724553 0.0 0.0
1235 0.00259993724553 0.0 0.0
1236 0.00259993724553 0.0 0.0
1237 0.00259993724553 0.0 0.0
1238 0.00259993724553 0.0 0.0
1239 0.00259993724553 0.0 0.0
1240 0.00259993724553 0.0 0.0
1241 0.00259993724553 0.0 0.0
1242 0.00259993724553 0.0 0.0
1243 0.00259993724553 0.0 0.0
1244 0.00259993724553 0.0 0.0
1245 0.00259993724553 0.0 0.0
1246 0.00259993724553 0.0 0.0
1247 0.00259993724553 0.0 0.0
1248 0.00259993724553 0.0 0.0
1249 0.00259993724553 0.0 0.0
1250 0.00259993724553 0.0 0.0
1251 0.00259993724553 0.0 0.0
1252 0.00259993724553 0.0 0.0
1253 0.00259993724553 0.0 0.0
1254 0.00259993724553 0.0 0.0
1255 0.00259993724553 0.0 0.0
1256 0.00259993724553 0.0 0.0
1257 0.00259993724553 0.0 0.0
1258 0.00259993724553 0.0 0.0
1259 0.00259993724553 0.0 0.0
1260 0.00259993724553 0.0 0.0
1261 0.00259993724553 0.0 0.0
1262 0.00259993724553 0.0 0.0
1263 0.00259993724553 0.0 0.0
1264 0.00259993724553 0.0 0.0
1265 0.00259993724553 0.0 0.0
1266 0.00259993724553 0.0 0.0
1267 0.00259993724553 0.0 0.0
1268 0.00259993724553 0.0 0.0
1269 0.00259993724553 0.0 0.0
1270 0.00259993724553 0.0 0.0
1271 -0.00714686372316 0.0 0.0
1272 -0.00714686372316 0.0 0.0
1273 -0.00714686372316 0.0 0.0
1274 -0.00714686372316 0.0 0.0
1275 -0.00714686372316 0.0 0.0
1276 -0.00714686372316 0.0 0.0
1277 -0.00714686372316 0.0 0.0
1278 -0.00714686372316 0.0 0.0
1279 -0.00714686372316 0.0 0.0
1280 -0.00714686372316 0.0 0.0
1281 -0.00714686372316 0.0 0.0
1282 -0.00714686372316 0.0 0.0
1283 -0.00714686372316 0.0 0.0
1284 -0.00714686372316 0.0 0.0
1285 -0.00714686372316 0.0 0.0
1286 -0.00714686372316 0.0 0.0
1287 -0.00714686372316 0.0 0.0
1288 -0.00714686372316 0.0 0.0
1289 -0.00714686372316 0.0 0.0
1290 -0.00714686372316 0.0 0.0
1291 -0.00714686372316 0.0 0.0
1292 -0.00714686372316 0.0 0.0
1293 -0.00714686372316 0.0 0.0
1294 -0.00714686372316 0.0 0.0
1295 -0.00714686372316 0.0 0.0
1296 -0.00714686372316 0.0 0.0
1297 -0.00714686372316 0.0 0.0
1298 -0.00714686372316 0.0 0.0
1299 -0.00714686372316 0.0 0.0
1300 -0.00714686372316 0.0 0.0
1301 -0.00714686372316 0.0 0.0
1302 -0.00714686372316 0.0 0.0
1303 -0.00714686372316 0.0 0.0
1304 -0.00714686372316 0.0 0.0
1305 -0.00714686372316 0.0 0.0
1306 -0.00714686372316 0.0 0.0
1307 -0.00714686372316 0.0 0.0
1308 -0.00714686372316 0.0 0.0
1309 -0.00714686372316 0.0 0.0
1310 -0.00714686372316 0.0 0.0
1311 -0.00714686372316 0.0 0.0
1312 -0.00714686372316 0.0 0.0
1313 -0.00714686372316 0.0 0.0
1314 -0.00714686372316 0.0 0.0
1315 -0.00714686372316 0.0 0.0
1316 -0.00714686372316 0.0 0.0
1317 -0.00714686372316 0.0 0.0
1318 -0.00714686372316 0.0 0.0
1319 -0.00714686372316 0.0 0.0
1320 -0.00714686372316 0.0 0.0
1321 -0.00714686372316 0.0 0.0
1322 -0.00714686372316 0.0 0.0
1323 -0.00714686372316 0.0 0.0
1324 -0.00714686372316 0.0 0.0
1325 -0.00714686372316 0.0 0.0
1326 -0.00714686372316 0.0 0.0
1327 -0.00714686372316 0.0 0.0
1328 -0.00714686372316 0.0 0.0
1329 -0.00714686372316 0.0 0.0
1330 -0.00714686372316 0.0 0.0
1331 0.00386087527102 0.0 0.0
1332 0.00386087527102 0.0 0.0
1333 0.00386087527102 0.0 0.0
1334 0.00386087527102 0.0 0.0
1335 0.00386087527102 0.0 0.0
1336 0.00386087527102 0.0 0.0
1337 0.00386087527102 0.0 0.0
1338 0.00386087527102 0.0 0.0
1339 0.00386087527102 0.0 0.0
1340 0.00386087527102 0.0 0.0
1341 0.00386087527102 0.0 0.0
1342 0.00386087527102 0.0 0.0
1343 0.00386087527102 0.0 0.0
1344 0.00386087527102 0.0 0.0
1345 0.00386087527102 0.0 0.0
1346 0.00386087527102 0.0 0.0
1347 0.00386087527102 0.0 0.0
1348 0.00386087527102 0.0 0.0
1349 0.00386087527102 0.0 0.0
1350 0.00386087527102 0.0 0.0
1351 0.00386087527102 0.0 0.0
1352 0.00386087527102 0.0 0.0
1353 0.00386087527102 0.0 0.0
1354 0.00386087527102 0.0 0.0
1355 0.00386087527102 0.0 0.0
1356 0.00386087527102 0.0 0.0
1357 0.00386087527102 0.0 0.0
1358 0.00386087527102 0.0 0.0
1359 0.00386087527102 0.0 0.0
1360 0.00386087527102 0.0 0.0
1361 0.00386087527102 0.0 0.0
1362 0.00386087527102 0.0 0.0
1363 0.00386087527102 0.0 0.0
1364 0.00386087527102 0.0 0.0
1365 0.00386087527102 0.0 0.0
1366 0.00386087527102 0.0 0.0
1367 0.00386087527102 0.0 0.0
1368 0.00386087527102 0.0 0.0
1369 0.00386087527102 0.0 0.0
1370 0.00386087527102 0.0 0.0
1371 0.00386087527102 0.0 0.0
1372 0.00386087527102 0.0 0.0
1373 0.00386087527102 0.0 0.0
1374 0.00386087527102 0.0 0.0
1375 0.00386087527102 0.0 0.0
1376 0.00386087527102 0.0 0.0
1377 0.00386087527102 0.0 0.0
1378 0.00386087527102 0.0 0.0
1379 0.00386087527102 0.0 0.0
1380 0.00386087527102 0.0 0.0
1381 0.00386087527102 0.0 0.0
1382 0.00386087527102 0.0 0.0
1383 0.00386087527102 0.0 0.0
1384 0.00386087527102 0.0 0.0
1385 0.00386087527102 0.0 0.0
1386 0.00386087527102 0.0 0.0
1387 0.00386087527102 0.0 0.0
1388 0.00386087527102 0.0 0.0
1389 0.00386087527102 0.0 0.0
1390 0.00386087527102 0.0 0.0
1391 -0.00143928114032 0.0 0.0
1392 -0.00143928114032 0.0 0.0
1393 -0.00143928114032 0.0 0.0
1394 -0.00143928114032 0.0 0.0
1395 -0.00143928114032 0.0 0.0
1396 -0.00143928114032 0.0 0.0
1397 -0.00143928114032 0.0 0.0
1398 -0.00143928114032 0.0 0.0
1399 -0.00143928114032 0.0 0.0
1400 -0.00143928114032 0.0 0.0
1401 -0.00143928114032 0.0 0.0
1402 -0.00143928114032 0.0 0.0
1403 -0.00143928114032 0.0 0.0
1404 -0.00143928114032 0.0 0.0
1405 -0.00143928114032 0.0 0.0
1406 -0.00143928114032 0.0 0.0
1407 -0.00143928114032 0.0 0.0
1408 -0.00143928114032 0.0 0.0
1409 -0.00143928114032 0.0 0.0
1410 -0.00143928114032 0.0 0.0
1411 -0.00143928114032 0.0 0.0
1412 -0.00143928114032 0.0 0.0
1413 -0.00143928114032 0.0 0.0
1414 -0.00143928114032 0.0 0.0
1415 -0.00143928114032 0.0 0.0
1416 -0.00143928114032 0.0 0.0
1417 -0.00143928114032 0.0 0.0
1418 -0.00143928114032 0.0 0.0
1419 -0.00143928114032 0.0 0.0
1420 -0.00143928114032 0.0 0.0
1421 -0.00143928114032 0.0 0.0
1422 -0.00143928114032 0.0 0.0
1423 -0.00143928114032 0.0 0.0
1424 -0.00143928114032 0.0 0.0
1425 -0.00143928114032 0.0 0.0
1426 -0.00143928114032 0.0 0.0
1427 -0.00143928114032 0.0 0.0
1428 -0.00143928114032 0.0 0.0
1429 -0.00143928114032 0.0 0.0
1430 -0.00143928114032 0.0 0.0
1431 -0.00143928114032 0.0 0.0
1432 -0.00143928114032 0.0 0.0
1433 -0.00143928114032 0.0 0.0
1434 -0.00143928114032 0.0 0.0
1435 -0.00143928114032 0.0 0.0
1436 -0.00143928114032 0.0 0.0
1437 -0.00143928114032 0.0 0.0
1438 -0.00143928114032 0.0 0.0
1439 -0.00143928114032 0.0 0.0
1440 -0.00143928114032 0.0 0.0
1441 -0.00143928114032 0.0 0.0
1442 -0.00143928114032 0.0 0.0
1443 -0.00143928114032 0.0 0.0
1444 -0.00143928114032 0.0 0.0
1445 -0.00143928114032 0.0 0.0
1446 -0.00143928114032 0.0 0.0
1447 -0.00143928114032 0.0 0.0
1448 -0.00143928114032 0.0 0.0
1449 -0.00143928114032 0.0 0.0
1450 -0.00143928114032 0.0 0.0
1451 5.93148338759e-05 0.0 0.0
1452 5.93148338759e-05 0.0 0.0
1453 5.93148338759e-05 0.0 0.0
1454 5.93148338759e-05 0.0 0.0
1455 5.93148338759e-05 0.0 0.0
1456 5.93148338759e-05 0.0 0.0
1457 5.93148338759e-05 0.0 0.0
1458 5.93148338759e-05 0.0 0.0
1459 5.93148338759e-05 0.0 0.0
1460 5.93148338759e-05 0.0 0.0
1461 5.93148338759e-05 0.0 0.0
1462 5.93148338759e-05 0.0 0.0
1463 5.93148338759e-05 0.0 0.0
1464 5.93148338759e-05 0.0 0.0
1465 5.93148338759e-05 0.0 0.0
1466 5.93148338759e-05 0.0 0.0
1467 5.93148338759e-05 0.0 0.0
1468 5.93148338759e-05 0.0 0.0
1469 5.93148338759e-05 0.0 0.0
1470 5.93148338759e-05 0.0 0.0
1471 5.93148338759e-05 0.0 0.0
1472 5.93148338759e-05 0.0 0.0
1473 5.93148338759e-05 0.0 0.0
1474 5.93148338759e-05 0.0 0.0
1475 5.93148338759e-05 0.0 0.0
1476 5.93148338759e-05 0.0 0.0
1477 5.93148338759e-05 0.0 0.0
1478 5.93148338759e-05 0.0 0.0
1479 5.93148338759e-05 0.0 0.0
1480 5.93148338759e-05 0.0 0.0
1481 5.93148338759e-05 0.0 0.0
1482 5.93148338759e-05 0.0 0.0
1483 5.93148338759e-05 0.0 0.0
1484 5.93148338759e-05 0.0 0.0
1485 5.93148338759e-05 0.0 0.0
1486 5.93148338759e-05 0.0 0.0
1487 5.93148338759e-05 0.0 0.0
1488 5.93148338759e-05 0.0 0.0
1489 5.93148338759e-05 0.0 0.0
1490 5.93148338759e-05 0.0 0.0
1491 5.93148338759e-05 0.0 0.0
1492 5.93148338759e-05 0.0 0.0
1493 5.93148338759e-05 0.0 0.0
1494 5.93148338759e-05 0.0 0.0
1495 5.93148338759e-05 0.0 0.0
1496 5.93148338759e-05 0.0 0.0
1497 5.93148338759e-05 0.0 0.0
1498 5.93148338759e-05 0.0 0.0
1499 5.93148338759e-05 0.0 0.0
1500 5.93148338759e-05 0.0 0.0
1501 5.93148338759e-05 0.0 0.0
1502 5.93148338759e-05 0.0 0.0
1503 5.93148338759e-05 0.0 0.0
1504 5.93148338759e-05 0.0 0.0
1505 5.93148338759e-05 0.0 0.0
1506 5.93148338759e-05 0.0 0.0
1507 5.93148338759e-05 0.0 0.0
1508 5.93148338759e-05 0.0 0.0
1509 5.93148338759e-05 0.0 0.0
1510 5.93148338759e-05 0.0 0.0
1511 -0.00897710178858 0.0 0.0
1512 -0.00897710178858 0.0 0.0
1513 -0.00897710178858 0.0 0.0
1514 -0.00897710178858 0.0 0.0
1515 -0.00897710178858 0.0 0.0
1516 -0.00897710178858 0.0 0.0
1517 -0.00897710178858 0.0 0.0
1518 -0.00897710178858 0.0 0.0
1519 -0.00897710178858 0.0 0.0
1520 -0.00897710178858 0.0 0.0
1521 -0.00897710178858 0.0 0.0
1522 -0.00897710178858 0.0 0.0
1523 -0.00897710178858 0.0 0.0
1524 -0.00897710178858 0.0 0.0
1525 -0.00897710178858 0.0 0.0
1526 -0.00897710178858 0.0 0.0
1527 -0.00897710178858 0.0 0.0
1528 -0.00897710178858 0.0 0.0
1529 -0.00897710178858 0.0 0.0
1530 -0.00897710178858 0.0 0.0
1531 -0.00897710178858 0.0 0.0
1532 -0.00897710178858 0.0 0.0
1533 -0.00897710178858 0.0 0.0
1534 -0.00897710178858 0.0 0.0
1535 -0.00897710178858 0.0 0.0
1536 -0.00897710178858 0.0 0.0
1537 -0.00897710178858 0.0 0.0
1538 -0.00897710178858 0.0 0.0
1539 -0.00897710178858 0.0 0.0
1540 -0.00897710178858 0.0 0.0
1541 -0.00897710178858 0.0 0.0
1542 -0.00897710178858 0.0 0.0
1543 -0.00897710178858 0.0 0.0
1544 -0.00897710178858 0.0 0.0
1545 -0.00897710178858 0.0 0.0
1546 -0.00897710178858 0.0 0.0
1547 -0.00897710178858 0.0 0.0
1548 -0.00897710178858 0.0 0.0
1549 -0.00897710178858 0.0 0.0
1550 -0.00897710178858 0.0 0.0
1551 -0.00897710178858 0.0 0.0
1552 -0.00897710178858 0.0 0.0
1553 -0.00897710178858 0.0 0.0
1554 -0.00897710178858 0.0 0.0
1555 -0.00897710178858 0.0 0.0
1556 -0.00897710178858 0.0 0.0
1557 -0.00897710178858 0.0 0.0
1558 -0.00897710178858 0.0 0.0
1559 -0.00897710178858 0.0 0.0
1560 -0.00897710178858 0.0 0.0
1561 -0.00897710178858 0.0 0.0
1562 -0.00897710178858 0.0 0.0
1563 -0.00897710178858 0.0 0.0
1564 -0.00897710178858 0.0 0.0
1565 -0.00897710178858 0.0 0.0
1566 -0.00897710178858 0.0 0.0
1567 -0.00897710178858 0.0 0.0
1568 -0.00897710178858 0.0 0.0
1569 -0.00897710178858 0.0 0.0
1570 -0.00897710178858 0.0 0.0
1571 0.000793941677199 0.0 0.0
1572 0.000793941677199 0.0 0.0
1573 0.000793941677199 0.0 0.0
1574 0.000793941677199 0.0 0.0
1575 0.000793941677199 0.0 0.0
1576 0.000793941677199 0.0 0.0
1577 0.000793941677199 0.0 0.0
1578 0.000793941677199 0.0 0.0
1579 0.000793941677199 0.0 0.0
1580 0.000793941677199 0.0 0.0
1581 0.000793941677199 0.0 0.0
1582 0.000793941677199 0.0 0.0
1583 0.000793941677199 0.0 0.0
1584 0.000793941677199 0.0 0.0
1585 0.000793941677199 0.0 0.0
1586 0.000793941677199 0.0 0.0
1587 0.000793941677199 0.0 0.0
1588 0.000793941677199 0.0 0.0
1589 0.000793941677199 0.0 0.0
1590 0.000793941677199 0.0 0.0
1591 0.000793941677199 0.0 0.0
1592 0.000793941677199 0.0 0.0
1593 0.000793941677199 0.0 0.0
1594 0.000793941677199 0.0 0.0
1595 0.000793941677199 0.0 0.0
1596 0.000793941677199 0.0 0.0
1597 0.000793941677199 0.0 0.0
1598 0.000793941677199 0.0 0.0
1599 0.000793941677199 0.0 0.0
1600 0.000793941677199 0.0 0.0
1601 0.000793941677199 0.0 0.0
1602 0.000793941677199 0.0 0.0
1603 0.000793941677199 0.0 0.0
1604 0.000793941677199 0.0 0.0
1605 0.000793941677199 0.0 0.0
1606 0.000793941677199 0.0 0.0
1607 0.000793941677199 0.0 0.0
1608 0.000793941677199 0.0 0.0
1609 0.000793941677199 0.0 0.0
1610 0.000793941677199 0.0 0.0
1611 0.000793941677199 0.0 0.0
1612 0.000793941677199 0.0 0.0
1613 0.000793941677199 0.0 0.0
1614 0.000793941677199 0.0 0.0
1615 0.000793941677199 0.0 0.0
1616 0.000793941677199 0.0 0.0
1617 0.000793941677199 0.0 0.0
1618 0.000793941677199 0.0 0.0
1619 0.000793941677199 0.0 0.0
1620 0.000793941677199 0.0 0.0
1621 0.000793941677199 0.0 0.0
1622 0.000793941677199 0.0 0.0
1623 0.000793941677199 0.0 0.0
1624 0.000793941677199 0.0 0.0
1625 0.000793941677199 0.0 0.0
1626 0.000793941677199 0.0 0.0
1627 0.000793941677199 0.0 0.0
1628 0.000793941677199 0.0 0.0
1629 0.000793941677199 0.0 0.0
1630 0.000793941677199 0.0 0.0
1631 0.000793941677199 0.0 0.0
1632 0.000793941677199 0.0 0.0
1633 0.000793941677199 0.0 0.0
1634 0.000793941677199 0.0 0.0
1635 0.000793941677199 0.0 0.0
1636 0.000793941677199 0.0 0.0
1637 0.000793941677199 0.0 0.0
1638 0.000793941677199 0.0 0.0
1639 0.000793941677199 0.0 0.0
1640 0.000793941677199 0.0 0.0
1641 0.000793941677199 0.0 0.0
1642 0.000793941677199 0.0 0.0
1643 0.000793941677199 0.0 0.0
1644 0.000793941677199 0.0 0.0
1645 0.000793941677199 0.0 0.0
1646 0.000793941677199 0.0 0.0
1647 0.000793941677199 0.0 0.0
1648 0.000793941677199 0.0 0.0
1649 0.000793941677199 0.0 0.0
1650 0.000793941677199 0.0 0.0
1651 -0.00145226519735 0.0 0.0
1652 -0.00145226519735 0.0 0.0
1653 -0.00145226519735 0.0 0.0
1654 -0.00145226519735 0.0 0.0
1655 -0.00145226519735 0.0 0.0
1656 -0.00145226519735 0.0 0.0
1657 -0.00145226519735 0.0 0.0
1658 -0.00145226519735 0.0 0.0
1659 -0.00145226519735 0.0 0.0
1660 -0.00145226519735 0.0 0.0
1661 -0.00145226519735 0.0 0.0
1662 -0.00145226519735 0.0 0.0
1663 -0.00145226519735 0.0 0.0
1664 -0.00145226519735 0.0 0.0
1665 -0.00145226519735 0.0 0.0
1666 -0.00145226519735 0.0 0.0
1667 -0.00145226519735 0.0 0.0
1668 -0.00145226519735 0.0 0.0
1669 -0.00145226519735 0.0 0.0
1670 -0.00145226519735 0.0 0.0
1671 -0.00145226519735 0.0 0.0
1672 -0.00145226519735 0.0 0.0
1673 -0.00145226519735 0.0 0.0
1674 -0.00145226519735 0.0 0.0
1675 -0.00145226519735 0.0 0.0
1676 -0.00145226519735 0.0 0.0
1677 -0.00145226519735 0.0 0.0
1678 -0.00145226519735 0.0 0.0
1679 -0.00145226519735 0.0 0.0
1680 -0.00145226519735 0.0 0.0
1681 -0.00145226519735 0.0 0.0
1682 -0.00145226519735 0.0 0.0
1683 -0.00145226519735 0.0 0.0
1684 -0.00145226519735 0.0 0.0
1685 -0.00145226519735 0.0 0.0
1686 -0.00145226519735 0.0 0.0
1687 -0.00145226519735 0.0 0.0
1688 -0.00145226519735 0.0 0.0
1689 -0.00145226519735 0.0 0.0
1690 -0.00145226519735 0.0 0.0
1691 -0.00145226519735 0.0 0.0
1692 -0.00145226519735 0.0 0.0
1693 -0.00145226519735 0.0 0.0
1694 -0.00145226519735 0.0 0.0
1695 -0.00145226519735 0.0 0.0
1696 -0.00145226519735 0.0 0.0
1697 -0.00145226519735 0.0 0.0
1698 -0.00145226519735 0.0 0.0
1699 -0.00145226519735 0.0 0.0
1700 -0.00145226519735 0.0 0.0
1701 -0.00145226519735 0.0 0.0
1702 -0.00145226519735 0.0 0.0
1703 -0.00145226519735 0.0 0.0
1704 -0.00145226519735 0.0 0.0
1705 -0.00145226519735 0.0 0.0
1706 -0.00145226519735 0.0 0.0
1707 -0.00145226519735 0.0 0.0
1708 -0.00145226519735 0.0 0.0
1709 -0.00145226519735 0.0 0.0
1710 -0.00145226519735 0.0 0.0
1711 -0.00145226519735 0.0 0.0
1712 -0.00145226519735 0.0 0.0
1713 -0.00145226519735 0.0 0.0
1714 -0.00145226519735 0.0 0.0
1715 -0.00145226519735 0.0 0.0
1716 -0.00145226519735 0.0 0.0
1717 -0.00145226519735 0.0 0.0
1718 -0.00145226519735 0.0 0.0
1719 -0.00145226519735 0.0 0.0
1720 -0.00145226519735 0.0 0.0
1721 -0.00145226519735 0.0 0.0
1722 -0.00145226519735 0.0 0.0
1723 -0.00145226519735 0.0 0.0
1724 -0.00145226519735 0.0 0.0
1725 -0.00145226519735 0.0 0.0
1726 -0.00145226519735 0.0 0.0
1727 -0.00145226519735 0.0 0.0
1728 -0.00145226519735 0.0 0.0
1729 -0.00145226519735 0.0 0.0
1730 -0.00145226519735 0.0 0.0
1731 -0.00145226519735 0.0 0.0
1732 -0.00145226519735 0.0 0.0
1733 -0.00145226519735 0.0 0.0
1734 -0.00145226519735 0.0 0.0
1735 -0.00145226519735 0.0 0.0
1736 -0.00145226519735 0.0 0.0
1737 -0.00145226519735 0.0 0.0
1738 -0.00145226519735 0.0 0.0
1739 -0.00145226519735 0.0 0.0
1740 -0.00145226519735 0.0 0.0
1741 -0.00145226519735 0.0 0.0
1742 -0.00145226519735 0.0 0.0
1743 -0.00145226519735 0.0 0.0
1744 -0.00145226519735 0.0 0.0
1745 -0.00145226519735 0.0 0.0
1746 -0.00145226519735 0.0 0.0
1747 -0.00145226519735 0.0 0.0
1748 -0.00145226519735 0.0 0.0
1749 -0.00145226519735 0.0 0.0
1750 -0.00145226519735 0.0 0.0
1751 -0.000405623547752 0.0 0.0
1752 -0.000405623547752 0.0 0.0
1753 -0.000405623547752 0.0 0.0
1754 -0.000405623547752 0.0 0.0
1755 -0.000405623547752 0.0 0.0
1756 -0.000405623547752 0.0 0.0
1757 -0.000405623547752 0.0 0.0
1758 -0.000405623547752 0.0 0.0
1759 -0.000405623547752 0.0 0.0
1760 -0.000405623547752 0.0 0.0
1761 -0.000405623547752 0.0 0.0
1762 -0.000405623547752 0.0 0.0
1763 -0.000405623547752 0.0 0.0
1764 -0.000405623547752 0.0 0.0
1765 -0.000405623547752 0.0 0.0
1766 -0.000405623547752 0.0 0.0
1767 -0.000405623547752 0.0 0.0
1768 -0.000405623547752 0.0 0.0
1769 -0.000405623547752 0.0 0.0
1770 -0.000405623547752 0.0 0.0
1771 -0.000405623547752 0.0 0.0
1772 -0.000405623547752 0.0 0.0
1773 -0.000405623547752 0.0 0.0
1774 -0.000405623547752 0.0 0.0
1775 -0.000405623547752 0.0 0.0
1776 -0.000405623547752 0.0 0.0
1777 -0.000405623547752 0.0 0.0
1778 -0.000405623547752 0.0 0.0
1779 -0.000405623547752 0.0 0.0
1780 -0.000405623547752 0.0 0.0
1781 -0.000405623547752 0.0 0.0
1782 -0.000405623547752 0.0 0.0
1783 -0.000405623547752 0.0 0.0
1784 -0.000405623547752 0.0 0.0
1785 -0.000405623547752 0.0 0.0
1786 -0.000405623547752 0.0 0.0
1787 -0.000405623547752 0.0 0.0
1788 -0.000405623547752 0.0 0.0
1789 -0.000405623547752 0.0 0.0
1790 -0.000405623547752 0.0 0.0
1791 -0.000405623547752 0.0 0.0
1792 -0.000405623547752 0.0 0.0
1793 -0.000405623547752 0.0 0.0
1794 -0.000405623547752 0.0 0.0
1795 -0.000405623547752 0.0 0.0
1796 -0.000405623547752 0.0 0.0
1797 -0.000405623547752 0.0 0.0
1798 -0.000405623547752 0.0 0.0
1799 -0.000405623547752 0.0 0.0
1800 -0.000405623547752 0.0 0.0
1801 -0.000405623547752 0.0 0.0
1802 -0.000405623547752 0.0 0.0
1803 -0.000405623547752 0.0 0.0
1804 -0.000405623547752 0.0 0.0
1805 -0.000405623547752 0.0 0.0
1806 -0.000405623547752 0.0 0.0
1807 -0.000405623547752 0.0 0.0
1808 -0.000405623547752 0.0 0.0
1809 -0.000405623547752 0.0 0.0
1810 -0.000405623547752 0.0 0.0
1811 -0.000405623547752 0.0 0.0
1812 -0.000405623547752 0.0 0.0
1813 -0.000405623547752 0.0 0.0
1814 -0.000405623547752 0.0 0.0
1815 -0.000405623547752 0.0 0.0
1816 -0.000405623547752 0.0 0.0
1817 -0.000405623547752 0.0 0.0
1818 -0.000405623547752 0.0 0.0
1819 -0.000405623547752 0.0 0.0
1820 -0.000405623547752 0.0 0.0
1821 -0.000405623547752 0.0 0.0
1822 -0.000405623547752 0.0 0.0
1823 -0.000405623547752 0.0 0.0
1824 -0.000405623547752 0.0 0.0
1825 -0.000405623547752 0.0 0.0
1826 -0.000405623547752 0.0 0.0
1827 -0.000405623547752 0.0 0.0
1828 -0.000405623547752 0.0 0.0
1829 -0.000405623547752 0.0 0.0
1830 -0.000405623547752 0.0 0.0
1831 -0.000405623547752 0.0 0.0
1832 -0.000405623547752 0.0 0.0
1833 -0.000405623547752 0.0 0.0
1834 -0.000405623547752 0.0 0.0
1835 -0.000405623547752 0.0 0.0
1836 -0.000405623547752 0.0 0.0
1837 -0.000405623547752 0.0 0.0
1838 -0.000405623547752 0.0 0.0
1839 -0.000405623547752 0.0 0.0
1840 -0.000405623547752 0.0 0.0
1841 -0.000405623547752 0.0 0.0
1842 -0.000405623547752 0.0 0.0
1843 -0.000405623547752 0.0 0.0
1844 -0.000405623547752 0.0 0.0
1845 -0.000405623547752 0.0 0.0
1846 -0.000405623547752 0.0 0.0
1847 -0.000405623547752 0.0 0.0
1848 -0.000405623547752 0.0 0.0
1849 -0.000405623547752 0.0 0.0
1850 -0.000405623547752 0.0 0.0
1851 0.00516641446511 0.0 0.0
1852 0.00516641446511 0.0 0.0
1853 0.00516641446511 0.0 0.0
1854 0.00516641446511 0.0 0.0
1855 0.00516641446511 0.0 0.0
1856 0.00516641446511 0.0 0.0
1857 0.00516641446511 0.0 0.0
1858 0.00516641446511 0.0 0.0
1859 0.00516641446511 0.0 0.0
1860 0.00516641446511 0.0 0.0
1861 0.00516641446511 0.0 0.0
1862 0.00516641446511 0.0 0.0
1863 0.00516641446511 0.0 0.0
1864 0.00516641446511 0.0 0.0
1865 0.00516641446511 0.0 0.0
1866 0.00516641446511 0.0 0.0
1867 0.00516641446511 0.0 0.0
1868 0.00516641446511 0.0 0.0
1869 0.00516641446511 0.0 0.0
1870 0.00516641446511 0.0 0.0
1871 0.00516641446511 0.0 0.0
1872 0.00516641446511 0.0 0.0
1873 0.00516641446511 0.0 0.0
1874 0.00516641446511 0.0 0.0
1875 0.00516641446511 0.0 0.0
1876 0.00516641446511 0.0 0.0
1877 0.00516641446511 0.0 0.0
1878 0.00516641446511 0.0 0.0
1879 0.00516641446511 0.0 0.0
1880 0.00516641446511 0.0 0.0
1881 0.00516641446511 0.0 0.0
1882 0.00516641446511 0.0 0.0
1883 0.00516641446511 0.0 0.0
1884 0.00516641446511 0.0 0.0
1885 0.00516641446511 0.0 0.0
1886 0.00516641446511 0.0 0.0
1887 0.00516641446511 0.0 0.0
1888 0.00516641446511 0.0 0.0
1889 0.00516641446511 0.0 0.0
1890 0.00516641446511 0.0 0.0
1891 0.00516641446511 0.0 0.0
1892 0.00516641446511 0.0 0.0
1893 0.00516641446511 0.0 0.0
1894 0.00516641446511 0.0 0.0
1895 0.00516641446511 0.0 0.0
1896 0.00516641446511 0.0 0.0
1897 0.00516641446511 0.0 0.0
1898 0.00516641446511 0.0 0.0
1899 0.00516641446511 0.0 0.0
1900 0.00516641446511 0.0 0.0
1901 0.00516641446511 0.0 0.0
1902 0.00516641446511 0.0 0.0
1903 0.00516641446511 0.0 0.0
1904 0.00516641446511 0.0 0.0
1905 0.00516641446511 0.0 0.0
1906 0.00516641446511 0.0 0.0
1907 0.00516641446511 0.0 0.0
1908 0.00516641446511 0.0 0.0
1909 0.00516641446511 0.0 0.0
1910 0.00516641446511 0.0 0.0
1911 0.00516641446511 0.0 0.0
1912 0.00516641446511 0.0 0.0
1913 0.00516641446511 0.0 0.0
1914 0.00516641446511 0.0 0.0
1915 0.00516641446511 0.0 0.0
1916 0.00516641446511 0.0 0.0
1917 0.00516641446511 0.0 0.0
1918 0.00516641446511 0.0 0.0
1919 0.00516641446511 0.0 0.0
1920 0.00516641446511 0.0 0.0
1921 0.00516641446511 0.0 0.0
1922 0.00516641446511 0.0 0.0
1923 0.00516641446511 0.0 0.0
1924 0.00516641446511 0.0 0.0
1925 0.00516641446511 0.0 0.0
1926 0.00516641446511 0.0 0.0
1927 0.00516641446511 0.0 0.0
1928 0.00516641446511 0.0 0.0
1929 0.00516641446511 0.0 0.0
1930 0.00516641446511 0.0 0.0
1931 0.00516641446511 0.0 0.0
1932 0.00516641446511 0.0 0.0
1933 0.00516641446511 0.0 0.0
1934 0.00516641446511 0.0 0.0
1935 0.00516641446511 0.0 0.0
1936 0.00516641446511 0.0 0.0
1937 0.00516641446511 0.0 0.0
1938 0.00516641446511 0.0 0.0
1939 0.00516641446511 0.0 0.0
1940 0.00516641446511 0.0 0.0
1941 0.00516641446511 0.0 0.0
1942 0.00516641446511 0.0 0.0
1943 0.00516641446511 0.0 0.0
1944 0.00516641446511 0.0 0.0
1945 0.00516641446511 0.0 0.0
1946 0.00516641446511 0.0 0.0
1947 0.00516641446511 0.0 0.0
1948 0.00516641446511 0.0 0.0
1949 0.00516641446511 0.0 0.0
1950 0.00516641446511 0.0 0.0
1951 0.00146497709279 0.0 0.0
1952 0.00146497709279 0.0 0.0
1953 0.00146497709279 0.0 0.0
1954 0.00146497709279 0.0 0.0
1955 0.00146497709279 0.0 0.0
1956 0.00146497709279 0.0 0.0
1957 0.00146497709279 0.0 0.0
1958 0.00146497709279 0.0 0.0
1959 0.00146497709279 0.0 0.0
1960 0.00146497709279 0.0 0.0
1961 0.00146497709279 0.0 0.0
1962 0.00146497709279 0.0 0.0
1963 0.00146497709279 0.0 0.0
1964 0.00146497709279 0.0 0.0
1965 0.00146497709279 0.0 0.0
1966 0.00146497709279 0.0 0.0
1967 0.00146497709279 0.0 0.0
1968 0.00146497709279 0.0 0.0
1969 0.00146497709279 0.0 0.0
1970 0.00146497709279 0.0 0.0
1971 0.00146497709279 0.0 0.0
1972 0.00146497709279 0.0 0.0
1973 0.00146497709279 0.0 0.0
1974 0.00146497709279 0.0 0.0
1975 0.00146497709279 0.0 0.0
1976 0.00146497709279 0.0 0.0
1977 0.00146497709279 0.0 0.0
1978 0.00146497709279 0.0 0.0
1979 0.00146497709279 0.0 0.0
1980 0.00146497709279 0.0 0.0
1981 0.00146497709279 0.0 0.0
1982 0.00146497709279 0.0 0.0
1983 0.00146497709279 0.0 0.0
1984 0.00146497709279 0.0 0.0
1985 0.00146497709279 0.0 0.0
1986 0.00146497709279 0.0 0.0
1987 0.00146497709279 0.0 0.0
1988 0.00146497709279 0.0 0.0
1989 0.00146497709279 0.0 0.0
1990 0.00146497709279 0.0 0.0
1991 0.00146497709279 0.0 0.0
1992 0.00146497709279 0.0 0.0
1993 0.00146497709279 0.0 0.0
1994 0.00146497709279 0.0 0.0
1995 0.00146497709279 0.0 0.0
1996 0.00146497709279 0.0 0.0
1997 0.00146497709279 0.0 0.0
1998 0.00146497709279 0.0 0.0
1999 0.00146497709279 0.0 0.0
2000 0.00146497709279 0.0 0.0
2001 0.00146497709279 0.0 0.0
2002 0.00146497709279 0.0 0.0
2003 0.00146497709279 0.0 0.0
2004 0.00146497709279 0.0 0.0
2005 0.00146497709279 0.0 0.0
2006 0.00146497709279 0.0 0.0
2007 0.00146497709279 0.0 0.0
2008 0.00146497709279 0.0 0.0
2009 0.00146497709279 0.0 0.0
2010 0.00146497709279 0.0 0.0
2011 0.00146497709279 0.0 0.0
2012 0.00146497709279 0.0 0.0
2013 0.00146497709279 0.0 0.0
2014 0.00146497709279 0.0 0.0
2015 0.00146497709279 0.0 0.0
2016 0.00146497709279 0.0 0.0
2017 0.00146497709279 0.0 0.0
2018 0.00146497709279 0.0 0.0
2019 0.00146497709279 0.0 0.0
2020 0.00146497709279 0.0 0.0
2021 0.00146497709279 0.0 0.0
2022 0.00146497709279 0.0 0.0
2023 0.00146497709279 0.0 0.0
2024 0.00146497709279 0.0 0.0
2025 0.00146497709279 0.0 0.0
2026 0.00146497709279 0.0 0.0
2027 0.00146497709279 0.0 0.0
2028 0.00146497709279 0.0 0.0
2029 0.00146497709279 0.0 0.0
2030 0.00146497709279 0.0 0.0
2031 0.00146497709279 0.0 0.0
2032 0.00146497709279 0.0 0.0
2033 0.00146497709279 0.0 0.0
2034 0.00146497709279 0.0 0.0
2035 0.00146497709279 0.0 0.0
2036 0.00146497709279 0.0 0.0
2037 0.00146497709279 0.0 0.0
2038 0.00146497709279 0.0 0.0
2039 0.00146497709279 0.0 0.0
2040 0.00146497709279 0.0 0.0
2041 0.00146497709279 0.0 0.0
2042 0.00146497709279 0.0 0.0
2043 0.00146497709279 0.0 0.0
2044 0.00146497709279 0.0 0.0
2045 0.00146497709279 0.0 0.0
2046 0.00146497709279 0.0 0.0
2047 0.00146497709279 0.0 0.0
2048 0.00146497709279 0.0 0.0
2049 0.00146497709279 0.0 0.0
2050 0.00146497709279 0.0 0.0
2051 0.00146497709279 0.0 0.0
2052 0.00146497709279 0.0 0.0
2053 0.00146497709279 0.0 0.0
2054 0.00146497709279 0.0 0.0
2055 0.00146497709279 0.0 0.0
2056 0.00146497709279 0.0 0.0
2057 0.00146497709279 0.0 0.0
2058 0.00146497709279 0.0 0.0
2059 0.00146497709279 0.0 0.0
2060 0.00146497709279 0.0 0.0
2061 0.00146497709279 0.0 0.0
2062 0.00146497709279 0.0 0.0
2063 0.00146497709279 0.0 0.0
2064 0.00146497709279 0.0 0.0
2065 0.00146497709279 0.0 0.0
2066 0.00146497709279 0.0 0.0
2067 0.00146497709279 0.0 0.0
2068 0.00146497709279 0.0 0.0
2069 0.00146497709279 0.0 0.0
2070 0.00146497709279 0.0 0.0
2071 0.00146497709279 0.0 0.0
2072 0.00146497709279 0.0 0.0
2073 0.00146497709279 0.0 0.0
2074 0.00146497709279 0.0 0.0
2075 0.00146497709279 0.0 0.0
2076 0.00146497709279 0.0 0.0
2077 0.00146497709279 0.0 0.0
2078 0.00146497709279 0.0 0.0
2079 0.00146497709279 0.0 0.0
2080 0.00146497709279 0.0 0.0
2081 0.00146497709279 0.0 0.0
2082 0.00146497709279 0.0 0.0
2083 0.00146497709279 0.0 0.0
2084 0.00146497709279 0.0 0.0
2085 0.00146497709279 0.0 0.0
2086 0.00146497709279 0.0 0.0
2087 0.00146497709279 0.0 0.0
2088 0.00146497709279 0.0 0.0
2089 0.00146497709279 0.0 0.0
2090 0.00146497709279 0.0 0.0
2091 0.00146497709279 0.0 0.0
2092 0.00146497709279 0.0 0.0
2093 0.00146497709279 0.0 0.0
2094 0.00146497709279 0.0 0.0
2095 0.00146497709279 0.0 0.0
2096 0.00146497709279 0.0 0.0
2097 0.00146497709279 0.0 0.0
2098 0.00146497709279 0.0 0.0
2099 0.00146497709279 0.0 0.0
2100 0.00146497709279 0.0 0.0
2101 0.00331625710358 0.0 0.0
2102 0.00331625710358 0.0 0.0
2103 0.00331625710358 0.0 0.0
2104 0.00331625710358 0.0 0.0
2105 0.00331625710358 0.0 0.0
2106 0.00331625710358 0.0 0.0
2107 0.00331625710358 0.0 0.0
2108 0.00331625710358 0.0 0.0
2109 0.00331625710358 0.0 0.0
2110 0.00331625710358 0.0 0.0
2111 0.00331625710358 0.0 0.0
2112 0.00331625710358 0.0 0.0
2113 0.00331625710358 0.0 0.0
2114 0.00331625710358 0.0 0.0
2115 0.00331625710358 0.0 0.0
2116 0.00331625710358 0.0 0.0
2117 0.00331625710358 0.0 0.0
2118 0.00331625710358 0.0 0.0
2119 0.00331625710358 0.0 0.0
2120 0.00331625710358 0.0 0.0
2121 0.00331625710358 0.0 0.0
2122 0.00331625710358 0.0 0.0
2123 0.00331625710358 0.0 0.0
2124 0.00331625710358 0.0 0.0
2125 0.00331625710358 0.0 0.0
2126 0.00331625710358 0.0 0.0
2127 0.00331625710358 0.0 0.0
2128 0.00331625710358 0.0 0.0
2129 0.00331625710358 0.0 0.0
2130 0.00331625710358 0.0 0.0
2131 0.00331625710358 0.0 0.0
2132 0.00331625710358 0.0 0.0
2133 0.00331625710358 0.0 0.0
2134 0.00331625710358 0.0 0.0
2135 0.00331625710358 0.0 0.0
2136 0.00331625710358 0.0 0.0
2137 0.00331625710358 0.0 0.0
2138 0.00331625710358 0.0 0.0
2139 0.00331625710358 0.0 0.0
2140 0.00331625710358 0.0 0.0
2141 0.00331625710358 0.0 0.0
2142 0.00331625710358 0.0 0.0
2143 0.00331625710358 0.0 0.0
2144 0.00331625710358 0.0 0.0
2145 0.00331625710358 0.0 0.0
2146 0.00331625710358 0.0 0.0
2147 0.00331625710358 0.0 0.0
2148 0.00331625710358 0.0 0.0
2149 0.00331625710358 0.0 0.0
2150 0.00331625710358 0.0 0.0
2151 0.00331625710358 0.0 0.0
2152 0.00331625710358 0.0 0.0
2153 0.00331625710358 0.0 0.0
2154 0.00331625710358 0.0 0.0
2155 0.00331625710358 0.0 0.0
2156 0.00331625710358 0.0 0.0
2157 0.00331625710358 0.0 0.0
2158 0.00331625710358 0.0 0.0
2159 0.00331625710358 0.0 0.0
2160 0.00331625710358 0.0 0.0
2161 0.00331625710358 0.0 0.0
2162 0.00331625710358 0.0 0.0
2163 0.00331625710358 0.0 0.0
2164 0.00331625710358 0.0 0.0
2165 0.00331625710358 0.0 0.0
2166 0.00331625710358 0.0 0.0
2167 0.00331625710358 0.0 0.0
2168 0.00331625710358 0.0 0.0
2169 0.00331625710358 0.0 0.0
2170 0.00331625710358 0.0 0.0
2171 0.00331625710358 0.0 0.0
2172 0.00331625710358 0.0 0.0
2173 0.00331625710358 0.0 0.0
2174 0.00331625710358 0.0 0.0
2175 0.00331625710358 0.0 0.0
2176 0.00331625710358 0.0 0.0
2177 0.00331625710358 0.0 0.0
2178 0.00331625710358 0.0 0.0
2179 0.00331625710358 0.0 0.0
2180 0.00331625710358 0.0 0.0
2181 0.00331625710358 0.0 0.0
2182 0.00331625710358 0.0 0.0
2183 0.00331625710358 0.0 0.0
2184 0.00331625710358 0.0 0.0
2185 0.00331625710358 0.0 0.0
2186 0.00331625710358 0.0 0.0
2187 0.00331625710358 0.0 0.0
2188 0.00331625710358 0.0 0.0
2189 0.00331625710358 0.0 0.0
2190 0.00331625710358 0.0 0.0
2191 0.00331625710358 0.0 0.0
2192 0.00331625710358 0.0 0.0
2193 0.00331625710358 0.0 0.0
2194 0.00331625710358 0.0 0.0
2195 0.00331625710358 0.0 0.0
2196 0.00331625710358 0.0 0.0
2197 0.00331625710358 0.0 0.0
2198 0.00331625710358 0.0 0.0
2199 0.00331625710358 0.0 0.0
2200 0.00331625710358 0.0 0.0
2201 0.00331625710358 0.0 0.0
2202 0.00331625710358 0.0 0.0
2203 0.00331625710358 0.0 0.0
2204 0.00331625710358 0.0 0.0
2205 0.00331625710358 0.0 0.0
2206 0.00331625710358 0.0 0.0
2207 0.00331625710358 0.0 0.0
2208 0.00331625710358 0.0 0.0
2209 0.00331625710358 0.0 0.0
2210 0.00331625710358 0.0 0.0
2211 0.00331625710358 0.0 0.0
2212 0.00331625710358 0.0 0.0
2213 0.00331625710358 0.0 0.0
2214 0.00331625710358 0.0 0.0
2215 0.00331625710358 0.0 0.0
2216 0.00331625710358 0.0 0.0
2217 0.00331625710358 0.0 0.0
2218 0.00331625710358 0.0 0.0
2219 0.00331625710358 0.0 0.0
2220 0.00331625710358 0.0 0.0
2221 0.00331625710358 0.0 0.0
2222 0.00331625710358 0.0 0.0
2223 0.00331625710358 0.0 0.0
2224 0.00331625710358 0.0 0.0
2225 0.00331625710358 0.0 0.0
2226 0.00331625710358 0.0 0.0
2227 0.00331625710358 0.0 0.0
2228 0.00331625710358 0.0 0.0
2229 0.00331625710358 0.0 0.0
2230 0.00331625710358 0.0 0.0
2231 0.00331625710358 0.0 0.0
2232 0.00331625710358 0.0 0.0
2233 0.00331625710358 0.0 0.0
2234 0.00331625710358 0.0 0.0
2235 0.00331625710358 0.0 0.0
2236 0.00331625710358 0.0 0.0
2237 0.00331625710358 0.0 0.0
2238 0.00331625710358 0.0 0.0
2239 0.00331625710358 0.0 0.0
2240 0.00331625710358 0.0 0.0
2241 0.00331625710358 0.0 0.0
2242 0.00331625710358 0.0 0.0
2243 0.00331625710358 0.0 0.0
2244 0.00331625710358 0.0 0.0
2245 0.00331625710358 0.0 0.0
2246 0.00331625710358 0.0 0.0
2247 0.00331625710358 0.0 0.0
2248 0.00331625710358 0.0 0.0
2249 0.00331625710358 0.0 0.0
2250 0.00331625710358 0.0 0.0
2251 0.00331625710358 0.0 0.0
2252 0.00331625710358 0.0 0.0
2253 0.00331625710358 0.0 0.0
2254 0.00331625710358 0.0 0.0
2255 0.00331625710358 0.0 0.0
2256 0.00331625710358 0.0 0.0
2257 0.00331625710358 0.0 0.0
2258 0.00331625710358 0.0 0.0
2259 0.00331625710358 0.0 0.0
2260 0.00331625710358 0.0 0.0
2261 0.00331625710358 0.0 0.0
2262 0.00331625710358 0.0 0.0
2263 0.00331625710358 0.0 0.0
2264 0.00331625710358 0.0 0.0
2265 0.00331625710358 0.0 0.0
2266 0.00331625710358 0.0 0.0
2267 0.00331625710358 0.0 0.0
2268 0.00331625710358 0.0 0.0
2269 0.00331625710358 0.0 0.0
2270 0.00331625710358 0.0 0.0
2271 0.00331625710358 0.0 0.0
2272 0.00331625710358 0.0 0.0
2273 0.00331625710358 0.0 0.0
2274 0.00331625710358 0.0 0.0
2275 0.00331625710358 0.0 0.0
2276 0.00331625710358 0.0 0.0
2277 0.00331625710358 0.0 0.0
2278 0.00331625710358 0.0 0.0
2279 0.00331625710358 0.0 0.0
2280 0.00331625710358 0.0 0.0
2281 0.00331625710358 0.0 0.0
2282 0.00331625710358 0.0 0.0
2283 0.00331625710358 0.0 0.0
2284 0.00331625710358 0.0 0.0
2285 0.00331625710358 0.0 0.0
2286 0.00331625710358 0.0 0.0
2287 0.00331625710358 0.0 0.0
2288 0.00331625710358 0.0 0.0
2289 0.00331625710358 0.0 0.0
2290 0.00331625710358 0.0 0.0
2291 0.00331625710358 0.0 0.0
2292 0.00331625710358 0.0 0.0
2293 0.00331625710358 0.0 0.0
2294 0.00331625710358 0.0 0.0
2295 0.00331625710358 0.0 0.0
2296 0.00331625710358 0.0 0.0
2297 0.00331625710358 0.0 0.0
2298 0.00331625710358 0.0 0.0
2299 0.00331625710358 0.0 0.0
2300 0.00331625710358 0.0 0.0
2301 -0.00207005510488 0.0 0.0
2302 -0.00207005510488 0.0 0.0
2303 -0.00207005510488 0.0 0.0
2304 -0.00207005510488 0.0 0.0
2305 -0.00207005510488 0.0 0.0
2306 -0.00207005510488 0.0 0.0
2307 -0.00207005510488 0.0 0.0
2308 -0.00207005510488 0.0 0.0
2309 -0.00207005510488 0.0 0.0
2310 -0.00207005510488 0.0 0.0
2311 -0.00207005510488 0.0 0.0
2312 -0.00207005510488 0.0 0.0
2313 -0.00207005510488 0.0 0.0
2314 -0.00207005510488 0.0 0.0
2315 -0.00207005510488 0.0 0.0
2316 -0.00207005510488 0.0 0.0
2317 -0.00207005510488 0.0 0.0
2318 -0.00207005510488 0.0 0.0
2319 -0.00207005510488 0.0 0.0
2320 -0.00207005510488 0.0 0.0
2321 -0.00207005510488 0.0 0.0
2322 -0.00207005510488 0.0 0.0
2323 -0.00207005510488 0.0 0.0
2324 -0.00207005510488 0.0 0.0
2325 -0.00207005510488 0.0 0.0
2326 -0.00207005510488 0.0 0.0
2327 -0.00207005510488 0.0 0.0
2328 -0.00207005510488 0.0 0.0
2329 -0.00207005510488 0.0 0.0
2330 -0.00207005510488 0.0 0.0
2331 -0.00207005510488 0.0 0.0
2332 -0.00207005510488 0.0 0.0
2333 -0.00207005510488 0.0 0.0
2334 -0.00207005510488 0.0 0.0
2335 -0.00207005510488 0.0 0.0
2336 -0.00207005510488 0.0 0.0
2337 -0.00207005510488 0.0 0.0
2338 -0.00207005510488 0.0 0.0
2339 -0.00207005510488 0.0 0.0
2340 -0.00207005510488 0.0 0.0
2341 -0.00207005510488 0.0 0.0
2342 -0.00207005510488 0.0 0.0
2343 -0.00207005510488 0.0 0.0
2344 -0.00207005510488 0.0 0.0
2345 -0.00207005510488 0.0 0.0
2346 -0.00207005510488 0.0 0.0
2347 -0.00207005510488 0.0 0.0
2348 -0.00207005510488 0.0 0.0
2349 -0.00207005510488 0.0 0.0
2350 -0.00207005510488 0.0 0.0
2351 -0.00207005510488 0.0 0.0
2352 -0.00207005510488 0.0 0.0
2353 -0.00207005510488 0.0 0.0
2354 -0.00207005510488 0.0 0.0
2355 -0.00207005510488 0.0 0.0
2356 -0.00207005510488 0.0 0.0
2357 -0.00207005510488 0.0 0.0
2358 -0.00207005510488 0.0 0.0
2359 -0.00207005510488 0.0 0.0
2360 -0.00207005510488 0.0 0.0
2361 -0.00207005510488 0.0 0.0
2362 -0.00207005510488 0.0 0.0
2363 -0.00207005510488 0.0 0.0
2364 -0.00207005510488 0.0 0.0
2365 -0.00207005510488 0.0 0.0
2366 -0.00207005510488 0.0 0.0
2367 -0.00207005510488 0.0 0.0
2368 -0.00207005510488 0.0 0.0
2369 -0.00207005510488 0.0 0.0
2370 -0.00207005510488 0.0 0.0
2371 -0.00207005510488 0.0 0.0
2372 -0.00207005510488 0.0 0.0
2373 -0.00207005510488 0.0 0.0
2374 -0.00207005510488 0.0 0.0
2375 -0.00207005510488 0.0 0.0
2376 -0.00207005510488 0.0 0.0
2377 -0.00207005510488 0.0 0.0
2378 -0.00207005510488 0.0 0.0
2379 -0.00207005510488 0.0 0.0
2380 -0.00207005510488 0.0 0.0
2381 -0.00207005510488 0.0 0.0
2382 -0.00207005510488 0.0 0.0
2383 -0.00207005510488 0.0 0.0
2384 -0.00207005510488 0.0 0.0
2385 -0.00207005510488 0.0 0.0
2386 -0.00207005510488 0.0 0.0
2387 -0.00207005510488 0.0 0.0
2388 -0.00207005510488 0.0 0.0
2389 -0.00207005510488 0.0 0.0
2390 -0.00207005510488 0.0 0.0
2391 -0.00207005510488 0.0 0.0
2392 -0.00207005510488 0.0 0.0
2393 -0.00207005510488 0.0 0.0
2394 -0.00207005510488 0.0 0.0
2395 -0.00207005510488 0.0 0.0
2396 -0.00207005510488 0.0 0.0
2397 -0.00207005510488 0.0 0.0
2398 -0.00207005510488 0.0 0.0
2399 -0.00207005510488 0.0 0.0
2400 -0.00207005510488 0.0 0.0
2401 -0.00207005510488 0.0 0.0
2402 -0.00207005510488 0.0 0.0
2403 -0.00207005510488 0.0 0.0
2404 -0.00207005510488 0.0 0.0
2405 -0.00207005510488 0.0 0.0
2406 -0.00207005510488 0.0 0.0
2407 -0.00207005510488 0.0 0.0
2408 -0.00207005510488 0.0 0.0
2409 -0.00207005510488 0.0 0.0
2410 -0.00207005510488 0.0 0.0
2411 -0.00207005510488 0.0 0.0
2412 -0.00207005510488 0.0 0.0
2413 -0.00207005510488 0.0 0.0
2414 -0.00207005510488 0.0 0.0
2415 -0.00207005510488 0.0 0.0
2416 -0.00207005510488 0.0 0.0
2417 -0.00207005510488 0.0 0.0
2418 -0.00207005510488 0.0 0.0
2419 -0.00207005510488 0.0 0.0
2420 -0.00207005510488 0.0 0.0
2421 -0.00207005510488 0.0 0.0
2422 -0.00207005510488 0.0 0.0
2423 -0.00207005510488 0.0 0.0
2424 -0.00207005510488 0.0 0.0
2425 -0.00207005510488 0.0 0.0
2426 -0.00207005510488 0.0 0.0
2427 -0.00207005510488 0.0 0.0
2428 -0.00207005510488 0.0 0.0
2429 -0.00207005510488 0.0 0.0
2430 -0.00207005510488 0.0 0.0
2431 -0.00207005510488 0.0 0.0
2432 -0.00207005510488 0.0 0.0
2433 -0.00207005510488 0.0 0.0
2434 -0.00207005510488 0.0 0.0
2435 -0.00207005510488 0.0 0.0
2436 -0.00207005510488 0.0 0.0
2437 -0.00207005510488 0.0 0.0
2438 -0.00207005510488 0.0 0.0
2439 -0.00207005510488 0.0 0.0
2440 -0.00207005510488 0.0 0.0
2441 -0.00207005510488 0.0 0.0
2442 -0.00207005510488 0.0 0.0
2443 -0.00207005510488 0.0 0.0
2444 -0.00207005510488 0.0 0.0
2445 -0.00207005510488 0.0 0.0
2446 -0.00207005510488 0.0 0.0
2447 -0.00207005510488 0.0 0.0
2448 -0.00207005510488 0.0 0.0
2449 -0.00207005510488 0.0 0.0
2450 -0.00207005510488 0.0 0.0
2451 -0.00207005510488 0.0 0.0
2452 -0.00207005510488 0.0 0.0
2453 -0.00207005510488 0.0 0.0
2454 -0.00207005510488 0.0 0.0
2455 -0.00207005510488 0.0 0.0
2456 -0.00207005510488 0.0 0.0
2457 -0.00207005510488 0.0 0.0
2458 -0.00207005510488 0.0 0.0
2459 -0.00207005510488 0.0 0.0
2460 -0.00207005510488 0.0 0.0
2461 -0.00207005510488 0.0 0.0
2462 -0.00207005510488 0.0 0.0
2463 -0.00207005510488 0.0 0.0
2464 -0.00207005510488 0.0 0.0
2465 -0.00207005510488 0.0 0.0
2466 -0.00207005510488 0.0 0.0
2467 -0.00207005510488 0.0 0.0
2468 -0.00207005510488 0.0 0.0
2469 -0.00207005510488 0.0 0.0
2470 -0.00207005510488 0.0 0.0
2471 -0.00207005510488 0.0 0.0
2472 -0.00207005510488 0.0 0.0
2473 -0.00207005510488 0.0 0.0
2474 -0.00207005510488 0.0 0.0
2475 -0.00207005510488 0.0 0.0
2476 -0.00207005510488 0.0 0.0
2477 -0.00207005510488 0.0 0.0
2478 -0.00207005510488 0.0 0.0
2479 -0.00207005510488 0.0 0.0
2480 -0.00207005510488 0.0 0.0
2481 -0.00207005510488 0.0 0.0
2482 -0.00207005510488 0.0 0.0
2483 -0.00207005510488 0.0 0.0
2484 -0.00207005510488 0.0 0.0
2485 -0.00207005510488 0.0 0.0
2486 -0.00207005510488 0.0 0.0
2487 -0.00207005510488 0.0 0.0
2488 -0.00207005510488 0.0 0.0
2489 -0.00207005510488 0.0 0.0
2490 -0.00207005510488 0.0 0.0
2491 -0.00207005510488 0.0 0.0
2492 -0.00207005510488 0.0 0.0
2493 -0.00207005510488 0.0 0.0
2494 -0.00207005510488 0.0 0.0
2495 -0.00207005510488 0.0 0.0
2496 -0.00207005510488 0.0 0.0
2497 -0.00207005510488 0.0 0.0
2498 -0.00207005510488 0.0 0.0
2499 -0.00207005510488 0.0 0.0
2500 -0.00207005510488 0.0 0.0
