0 0.0 0.0 0.0
1 0.0 0.0 0.0
2 0.00581685773592 0.0 0.0
3 0.00581685773592 0.0 0.0
4 0.00581685773592 0.0 0.0
5 0.00581685773592 0.0 0.0
6 0.00581685773592 0.0 0.0
7 0.00581685773592 0.0 0.0
8 0.00581685773592 0.0 0.0
9 0.00581685773592 0.0 0.0
10 0.00581685773592 0.0 0.0
11 0.00581685773592 0.0 0.0
12 0.00581685773592 0.0 0.0
13 0.00581685773592 0.0 0.0
14 0.00581685773592 0.0 0.0
15 0.00581685773592 0.0 0.0
16 0.00581685773592 0.0 0.0
17 0.00581685773592 0.0 0.0
18 0.00581685773592 0.0 0.0
19 0.00581685773592 0.0 0.0
20 0.00581685773592 0.0 0.0
21 0.00581685773592 0.0 0.0
22 0.00581685773592 0.0 0.0
23 0.00581685773592 0.0 0.0
24 0.00581685773592 0.0 0.0
25 0.00581685773592 0.0 0.0
26 0.00581685773592 0.0 0.0
27 0.00581685773592 0.0 0.0
28 0.00581685773592 0.0 0.0
29 0.00581685773592 0.0 0.0
30 0.00581685773592 0.0 0.0
31 0.00581685773592 0.0 0.0
32 0.00581685773592 0.0 0.0
33 0.00581685773592 0.0 0.0
34 0.00581685773592 0.0 0.0
35 0.00581685773592 0.0 0.0
36 0.00581685773592 0.0 0.0
37 0.00581685773592 0.0 0.0
38 0.00581685773592 0.0 0.0
39 0.00581685773592 0.0 0.0
40 0.00581685773592 0.0 0.0
41 0.00581685773592 0.0 0.0
42 0.00581685773592 0.0 0.0
43 0.00581685773592 0.0 0.0
44 0.00581685773592 0.0 0.0
45 0.00581685773592 0.0 0.0
46 0.00581685773592 0.0 0.0
47 0.00581685773592 0.0 0.0
48 0.00581685773592 0.0 0.0
49 0.00581685773592 0.0 0.0
50 0.00581685773592 0.0 0.0
51 0.00232123780026 0.0 0.0
52 0.00232123780026 0.0 0.0
53 0.00232123780026 0.0 0.0
54 0.00232123780026 0.0 0.0
55 0.00232123780026 0.0 0.0
56 0.00232123780026 0.0 0.0
57 0.00232123780026 0.0 0.0
58 0.00232123780026 0.0 0.0
59 0.00232123780026 0.0 0.0
60 0.00232123780026 0.0 0.0
61 0.00232123780026 0.0 0.0
62 0.00232123780026 0.0 0.0
63 0.00232123780026 0.0 0.0
64 0.00232123780026 0.0 0.0
65 0.00232123780026 0.0 0.0
66 0.00232123780026 0.0 0.0
67 0.00232123780026 0.0 0.0
68 0.00232123780026 0.0 0.0
69 0.00232123780026 0.0 0.0
70 0.00232123780026 0.0 0.0
71 0.00232123780026 0.0 0.0
72 0.00232123780026 0.0 0.0
73 0.00232123780026 0.0 0.0
74 0.00232123780026 0.0 0.0
75 0.00232123780026 0.0 0.0
76 0.00232123780026 0.0 0.0
77 0.00232123780026 0.0 0.0
78 0.00232123780026 0.0 0.0
79 0.00232123780026 0.0 0.0
80 0.00232123780026 0.0 0.0
81 0.00232123780026 0.0 0.0
82 0.00232123780026 0.0 0.0
83 0.00232123780026 0.0 0.0
84 0.00232123780026 0.0 0.0
85 0.00232123780026 0.0 0.0
86 0.00232123780026 0.0 0.0
87 0.00232123780026 0.0 0.0
88 0.00232123780026 0.0 0.0
89 0.00232123780026 0.0 0.0
90 0.00232123780026 0.0 0.0
91 0.00232123780026 0.0 0.0
92 0.00232123780026 0.0 0.0
93 0.00232123780026 0.0 0.0
94 0.00232123780026 0.0 0.0
95 0.00232123780026 0.0 0.0
96 0.00232123780026 0.0 0.0
97 0.00232123780026 0.0 0.0
98 0.00232123780026 0.0 0.0
99 0.00232123780026 0.0 0.0
100 0.00232123780026 0.0 0.0
101 0.000392466691948 -0.00903642973238 -0.192474304885
102 0.000392466691948 -0.00903642973238 -0.192474304885
103 0.000392466691948 -0.00903642973238 -0.192474304885
104 0.000392466691948 -0.00903642973238 -0.192474304885
105 0.000392466691948 -0.00903642973238 -0.192474304885
106 0.000392466691948 -0.00903642973238 -0.192474304885
107 0.000392466691948 -0.00903642973238 -0.192474304885
108 0.000392466691948 -0.00903642973238 -0.192474304885
109 0.000392466691948 -0.00903642973238 -0.192474304885
110 0.000392466691948 -0.00903642973238 -0.192474304885
111 0.000392466691948 -0.00903642973238 -0.192474304885
112 0.000392466691948 -0.00903642973238 -0.192474304885
113 0.000392466691948 -0.00903642973238 -0.192474304885
114 0.000392466691948 -0.00903642973238 -0.192474304885
115 0.000392466691948 -0.00903642973238 -0.192474304885
116 0.000392466691948 -0.00903642973238 -0.192474304885
117 0.000392466691948 -0.00903642973238 -0.192474304885
118 0.000392466691948 -0.00903642973238 -0.192474304885
119 0.000392466691948 -0.00903642973238 -0.192474304885
120 0.000392466691948 -0.00903642973238 -0.192474304885
121 0.000392466691948 -0.00903642973238 -0.192474304885
122 0.000392466691948 -0.00903642973238 -0.192474304885
123 0.000392466691948 -0.00903642973238 -0.192474304885
124 0.000392466691948 -0.00903642973238 -0.192474304885
125 0.000392466691948 -0.00903642973238 -0.192474304885
126 0.000392466691948 -0.00903642973238 -0.192474304885
127 0.000392466691948 -0.00903642973238 -0.192474304885
128 0.000392466691948 -0.00903642973238 -0.192474304885
129 0.000392466691948 -0.00903642973238 -0.192474304885
130 0.000392466691948 -0.00903642973238 -0.192474304885
131 0.000392466691948 -0.00903642973238 -0.192474304885
132 0.000392466691948 -0.00903642973238 -0.192474304885
133 0.000392466691948 -0.00903642973238 -0.192474304885
134 0.000392466691948 -0.00903642973238 -0.192474304885
135 0.000392466691948 -0.00903642973238 -0.192474304885
136 0.000392466691948 -0.00903642973238 -0.192474304885
137 0.000392466691948 -0.00903642973238 -0.192474304885
138 0.000392466691948 -0.00903642973238 -0.192474304885
139 0.000392466691948 -0.00903642973238 -0.192474304885
140 0.000392466691948 -0.00903642973238 -0.192474304885
141 0.000392466691948 -0.00903642973238 -0.192474304885
142 0.000392466691948 -0.00903642973238 -0.192474304885
143 0.000392466691948 -0.00903642973238 -0.192474304885
144 0.000392466691948 -0.00903642973238 -0.192474304885
145 0.000392466691948 -0.00903642973238 -0.192474304885
146 0.000392466691948 -0.00903642973238 -0.192474304885
147 0.000392466691948 -0.00903642973238 -0.192474304885
148 0.000392466691948 -0.00903642973238 -0.192474304885
149 0.000392466691948 -0.00903642973238 -0.192474304885
150 0.000392466691948 -0.00903642973238 -0.192474304885
151 0.000101431928367 -0.00903642973238 -0.192474304885
152 0.000101431928367 -0.00903642973238 -0.192474304885
153 0.000101431928367 -0.00903642973238 -0.192474304885
154 0.000101431928367 -0.00903642973238 -0.192474304885
155 0.000101431928367 -0.00903642973238 -0.192474304885
156 0.000101431928367 -0.00903642973238 -0.192474304885
157 0.000101431928367 -0.00903642973238 -0.192474304885
158 0.000101431928367 -0.00903642973238 -0.192474304885
159 0.000101431928367 -0.00903642973238 -0.192474304885
160 0.000101431928367 -0.00903642973238 -0.192474304885
161 0.000101431928367 -0.00903642973238 -0.192474304885
162 0.000101431928367 -0.00903642973238 -0.192474304885
163 0.000101431928367 -0.00903642973238 -0.192474304885
164 0.000101431928367 -0.00903642973238 -0.192474304885
165 0.000101431928367 -0.00903642973238 -0.192474304885
166 0.000101431928367 -0.00903642973238 -0.192474304885
167 0.000101431928367 -0.00903642973238 -0.192474304885
168 0.000101431928367 -0.00903642973238 -0.192474304885
169 0.000101431928367 -0.00903642973238 -0.192474304885
170 0.000101431928367 -0.00903642973238 -0.192474304885
171 0.000101431928367 -0.00903642973238 -0.192474304885
172 0.000101431928367 -0.00903642973238 -0.192474304885
173 0.000101431928367 -0.00903642973238 -0.192474304885
174 0.000101431928367 -0.00903642973238 -0.192474304885
175 0.000101431928367 -0.00903642973238 -0.192474304885
176 0.000101431928367 -0.00903642973238 -0.192474304885
177 0.000101431928367 -0.00903642973238 -0.192474304885
178 0.000101431928367 -0.00903642973238 -0.192474304885
179 0.000101431928367 -0.00903642973238 -0.192474304885
180 0.000101431928367 -0.00903642973238 -0.192474304885
181 0.000101431928367 -0.00903642973238 -0.192474304885
182 0.000101431928367 -0.00903642973238 -0.192474304885
183 0.000101431928367 -0.00903642973238 -0.192474304885
184 0.000101431928367 -0.00903642973238 -0.192474304885
185 0.000101431928367 -0.00903642973238 -0.192474304885
186 0.000101431928367 -0.00903642973238 -0.192474304885
187 0.000101431928367 -0.00903642973238 -0.192474304885
188 0.000101431928367 -0.00903642973238 -0.192474304885
189 0.000101431928367 -0.00903642973238 -0.192474304885
190 0.000101431928367 -0.00903642973238 -0.192474304885
191 0.000101431928367 -0.00903642973238 -0.192474304885
192 0.000101431928367 -0.00903642973238 -0.192474304885
193 0.000101431928367 -0.00903642973238 -0.192474304885
194 0.000101431928367 -0.00903642973238 -0.192474304885
195 0.000101431928367 -0.00903642973238 -0.192474304885
196 0.000101431928367 -0.00903642973238 -0.192474304885
197 0.000101431928367 -0.00903642973238 -0.192474304885
198 0.000101431928367 -0.00903642973238 -0.192474304885
199 0.000101431928367 -0.00903642973238 -0.192474304885
200 0.000101431928367 -0.00903642973238 -0.192474304885
201 -0.000158527575204 -0.00563116873393 0.014801049452
202 -0.000158527575204 -0.00563116873393 0.014801049452
203 -0.000158527575204 -0.00563116873393 0.014801049452
204 -0.000158527575204 -0.00563116873393 0.014801049452
205 -0.000158527575204 -0.00563116873393 0.014801049452
206 -0.000158527575204 -0.00563116873393 0.014801049452
207 -0.000158527575204 -0.00563116873393 0.014801049452
208 -0.000158527575204 -0.00563116873393 0.014801049452
209 -0.000158527575204 -0.00563116873393 0.014801049452
210 -0.000158527575204 -0.00563116873393 0.014801049452
211 -0.000158527575204 -0.00563116873393 0.014801049452
212 -0.000158527575204 -0.00563116873393 0.014801049452
213 -0.000158527575204 -0.00563116873393 0.014801049452
214 -0.000158527575204 -0.00563116873393 0.014801049452
215 -0.000158527575204 -0.00563116873393 0.014801049452
216 -0.000158527575204 -0.00563116873393 0.014801049452
217 -0.000158527575204 -0.00563116873393 0.014801049452
218 -0.000158527575204 -0.00563116873393 0.014801049452
219 -0.000158527575204 -0.00563116873393 0.014801049452
220 -0.000158527575204 -0.00563116873393 0.014801049452
221 -0.000158527575204 -0.00563116873393 0.014801049452
222 -0.000158527575204 -0.00563116873393 0.014801049452
223 -0.000158527575204 -0.00563116873393 0.014801049452
224 -0.000158527575204 -0.00563116873393 0.014801049452
225 -0.000158527575204 -0.00563116873393 0.014801049452
226 -0.000158527575204 -0.00563116873393 0.014801049452
227 -0.000158527575204 -0.00563116873393 0.014801049452
228 -0.000158527575204 -0.00563116873393 0.014801049452
229 -0.000158527575204 -0.00563116873393 0.014801049452
230 -0.000158527575204 -0.00563116873393 0.014801049452
231 -0.000158527575204 -0.00563116873393 0.014801049452
232 -0.000158527575204 -0.00563116873393 0.014801049452
233 -0.000158527575204 -0.00563116873393 0.014801049452
234 -0.000158527575204 -0.00563116873393 0.014801049452
235 -0.000158527575204 -0.00563116873393 0.014801049452
236 -0.000158527575204 -0.00563116873393 0.014801049452
237 -0.000158527575204 -0.00563116873393 0.014801049452
238 -0.000158527575204 -0.00563116873393 0.014801049452
239 -0.000158527575204 -0.00563116873393 0.014801049452
240 -0.000158527575204 -0.00563116873393 0.014801049452
241 -0.000158527575204 -0.00563116873393 0.014801049452
242 -0.000158527575204 -0.00563116873393 0.014801049452
243 -0.000158527575204 -0.00563116873393 0.014801049452
244 -0.000158527575204 -0.00563116873393 0.014801049452
245 -0.000158527575204 -0.00563116873393 0.014801049452
246 -0.000158527575204 -0.00563116873393 0.014801049452
247 -0.000158527575204 -0.00563116873393 0.014801049452
248 -0.000158527575204 -0.00563116873393 0.014801049452
249 -0.000158527575204 -0.00563116873393 0.014801049452
250 -0.000158527575204 -0.00563116873393 0.014801049452
251 -0.000207011696457 -0.00563116873393 0.014801049452
252 -0.000207011696457 -0.00563116873393 0.014801049452
253 -0.000207011696457 -0.00563116873393 0.014801049452
254 -0.000207011696457 -0.00563116873393 0.014801049452
255 -0.000207011696457 -0.00563116873393 0.014801049452
256 -0.000207011696457 -0.00563116873393 0.014801049452
257 -0.000207011696457 -0.00563116873393 0.014801049452
258 -0.000207011696457 -0.00563116873393 0.014801049452
259 -0.000207011696457 -0.00563116873393 0.014801049452
260 -0.000207011696457 -0.00563116873393 0.014801049452
261 -0.000207011696457 -0.00563116873393 0.014801049452
262 -0.000207011696457 -0.00563116873393 0.014801049452
263 -0.000207011696457 -0.00563116873393 0.014801049452
264 -0.000207011696457 -0.00563116873393 0.014801049452
265 -0.000207011696457 -0.00563116873393 0.014801049452
266 -0.000207011696457 -0.00563116873393 0.014801049452
267 -0.000207011696457 -0.00563116873393 0.014801049452
268 -0.000207011696457 -0.00563116873393 0.014801049452
269 -0.000207011696457 -0.00563116873393 0.014801049452
270 -0.000207011696457 -0.00563116873393 0.014801049452
271 -0.000207011696457 -0.00563116873393 0.014801049452
272 -0.000207011696457 -0.00563116873393 0.014801049452
273 -0.000207011696457 -0.00563116873393 0.014801049452
274 -0.000207011696457 -0.00563116873393 0.014801049452
275 -0.000207011696457 -0.00563116873393 0.014801049452
276 -0.000207011696457 -0.00563116873393 0.014801049452
277 -0.000207011696457 -0.00563116873393 0.014801049452
278 -0.000207011696457 -0.00563116873393 0.014801049452
279 -0.000207011696457 -0.00563116873393 0.014801049452
280 -0.000207011696457 -0.00563116873393 0.014801049452
281 -0.000207011696457 -0.00563116873393 0.014801049452
282 -0.000207011696457 -0.00563116873393 0.014801049452
283 -0.000207011696457 -0.00563116873393 0.014801049452
284 -0.000207011696457 -0.00563116873393 0.014801049452
285 -0.000207011696457 -0.00563116873393 0.014801049452
286 -0.000207011696457 -0.00563116873393 0.014801049452
287 -0.000207011696457 -0.00563116873393 0.014801049452
288 -0.000207011696457 -0.00563116873393 0.014801049452
289 -0.000207011696457 -0.00563116873393 0.014801049452
290 -0.000207011696457 -0.00563116873393 0.014801049452
291 -0.000207011696457 -0.00563116873393 0.014801049452
292 -0.000207011696457 -0.00563116873393 0.014801049452
293 -0.000207011696457 -0.00563116873393 0.014801049452
294 -0.000207011696457 -0.00563116873393 0.014801049452
295 -0.000207011696457 -0.00563116873393 0.014801049452
296 -0.000207011696457 -0.00563116873393 0.014801049452
297 -0.000207011696457 -0.00563116873393 0.014801049452
298 -0.000207011696457 -0.00563116873393 0.014801049452
299 -0.000207011696457 -0.00563116873393 0.014801049452
300 -0.000207011696457 -0.00563116873393 0.014801049452
301 -0.000158462523518 -7.14411521208e-05 0.00185452936014
302 -0.000158462523518 -7.14411521208e-05 0.00185452936014
303 -0.000158462523518 -7.14411521208e-05 0.00185452936014
304 -0.000158462523518 -7.14411521208e-05 0.00185452936014
305 -0.000158462523518 -7.14411521208e-05 0.00185452936014
306 -0.000158462523518 -7.14411521208e-05 0.00185452936014
307 -0.000158462523518 -7.14411521208e-05 0.00185452936014
308 -0.000158462523518 -7.14411521208e-05 0.00185452936014
309 -0.000158462523518 -7.14411521208e-05 0.00185452936014
310 -0.000158462523518 -7.14411521208e-05 0.00185452936014
311 -0.000158462523518 -7.14411521208e-05 0.00185452936014
312 -0.000158462523518 -7.14411521208e-05 0.00185452936014
313 -0.000158462523518 -7.14411521208e-05 0.00185452936014
314 -0.000158462523518 -7.14411521208e-05 0.00185452936014
315 -0.000158462523518 -7.14411521208e-05 0.00185452936014
316 -0.000158462523518 -7.14411521208e-05 0.00185452936014
317 -0.000158462523518 -7.14411521208e-05 0.00185452936014
318 -0.000158462523518 -7.14411521208e-05 0.00185452936014
319 -0.000158462523518 -7.14411521208e-05 0.00185452936014
320 -0.000158462523518 -7.14411521208e-05 0.00185452936014
321 -0.000158462523518 -7.14411521208e-05 0.00185452936014
322 -0.000158462523518 -7.14411521208e-05 0.00185452936014
323 -0.000158462523518 -7.14411521208e-05 0.00185452936014
324 -0.000158462523518 -7.14411521208e-05 0.00185452936014
325 -0.000158462523518 -7.14411521208e-05 0.00185452936014
326 -0.000158462523518 -7.14411521208e-05 0.00185452936014
327 -0.000158462523518 -7.14411521208e-05 0.00185452936014
328 -0.000158462523518 -7.14411521208e-05 0.00185452936014
329 -0.000158462523518 -7.14411521208e-05 0.00185452936014
330 -0.000158462523518 -7.14411521208e-05 0.00185452936014
331 -0.000158462523518 -7.14411521208e-05 0.00185452936014
332 -0.000158462523518 -7.14411521208e-05 0.00185452936014
333 -0.000158462523518 -7.14411521208e-05 0.00185452936014
334 -0.000158462523518 -7.14411521208e-05 0.00185452936014
335 -0.000158462523518 -7.14411521208e-05 0.00185452936014
336 -0.000158462523518 -7.14411521208e-05 0.00185452936014
337 -0.000158462523518 -7.14411521208e-05 0.00185452936014
338 -0.000158462523518 -7.14411521208e-05 0.00185452936014
339 -0.000158462523518 -7.14411521208e-05 0.00185452936014
340 -0.000158462523518 -7.14411521208e-05 0.00185452936014
341 -0.000158462523518 -7.14411521208e-05 0.00185452936014
342 -0.000158462523518 -7.14411521208e-05 0.00185452936014
343 -0.000158462523518 -7.14411521208e-05 0.00185452936014
344 -0.000158462523518 -7.14411521208e-05 0.00185452936014
345 -0.000158462523518 -7.14411521208e-05 0.00185452936014
346 -0.000158462523518 -7.14411521208e-05 0.00185452936014
347 -0.000158462523518 -7.14411521208e-05 0.00185452936014
348 -0.000158462523518 -7.14411521208e-05 0.00185452936014
349 -0.000158462523518 -7.14411521208e-05 0.00185452936014
350 -0.000158462523518 -7.14411521208e-05 0.00185452936014
351 0.0023628196543 -7.14411521208e-05 0.00185452936014
352 0.0023628196543 -7.14411521208e-05 0.00185452936014
353 0.0023628196543 -7.14411521208e-05 0.00185452936014
354 0.0023628196543 -7.14411521208e-05 0.00185452936014
355 0.0023628196543 -7.14411521208e-05 0.00185452936014
356 0.0023628196543 -7.14411521208e-05 0.00185452936014
357 0.0023628196543 -7.14411521208e-05 0.00185452936014
358 0.0023628196543 -7.14411521208e-05 0.00185452936014
359 0.0023628196543 -7.14411521208e-05 0.00185452936014
360 0.0023628196543 -7.14411521208e-05 0.00185452936014
361 0.0023628196543 -7.14411521208e-05 0.00185452936014
362 0.0023628196543 -7.14411521208e-05 0.00185452936014
363 0.0023628196543 -7.14411521208e-05 0.00185452936014
364 0.0023628196543 -7.14411521208e-05 0.00185452936014
365 0.0023628196543 -7.14411521208e-05 0.00185452936014
366 0.0023628196543 -7.14411521208e-05 0.00185452936014
367 0.0023628196543 -7.14411521208e-05 0.00185452936014
368 0.0023628196543 -7.14411521208e-05 0.00185452936014
369 0.0023628196543 -7.14411521208e-05 0.00185452936014
370 0.0023628196543 -7.14411521208e-05 0.00185452936014
371 0.0023628196543 -7.14411521208e-05 0.00185452936014
372 0.0023628196543 -7.14411521208e-05 0.00185452936014
373 0.0023628196543 -7.14411521208e-05 0.00185452936014
374 0.0023628196543 -7.14411521208e-05 0.00185452936014
375 0.0023628196543 -7.14411521208e-05 0.00185452936014
376 0.0023628196543 -7.14411521208e-05 0.00185452936014
377 0.0023628196543 -7.14411521208e-05 0.00185452936014
378 0.0023628196543 -7.14411521208e-05 0.00185452936014
379 0.0023628196543 -7.14411521208e-05 0.00185452936014
380 0.0023628196543 -7.14411521208e-05 0.00185452936014
381 0.0023628196543 -7.14411521208e-05 0.00185452936014
382 0.0023628196543 -7.14411521208e-05 0.00185452936014
383 0.0023628196543 -7.14411521208e-05 0.00185452936014
384 0.0023628196543 -7.14411521208e-05 0.00185452936014
385 0.0023628196543 -7.14411521208e-05 0.00185452936014
386 0.0023628196543 -7.14411521208e-05 0.00185452936014
387 0.0023628196543 -7.14411521208e-05 0.00185452936014
388 0.0023628196543 -7.14411521208e-05 0.00185452936014
389 0.0023628196543 -7.14411521208e-05 0.00185452936014
390 0.0023628196543 -7.14411521208e-05 0.00185452936014
391 0.0023628196543 -7.14411521208e-05 0.00185452936014
392 0.0023628196543 -7.14411521208e-05 0.00185452936014
393 0.0023628196543 -7.14411521208e-05 0.00185452936014
394 0.0023628196543 -7.14411521208e-05 0.00185452936014
395 0.0023628196543 -7.14411521208e-05 0.00185452936014
396 0.0023628196543 -7.14411521208e-05 0.00185452936014
397 0.0023628196543 -7.14411521208e-05 0.00185452936014
398 0.0023628196543 -7.14411521208e-05 0.00185452936014
399 0.0023628196543 -7.14411521208e-05 0.00185452936014
400 0.0023628196543 -7.14411521208e-05 0.00185452936014
401 0.000725797794597 -0.0343114705459 -0.0483428889323
402 0.000725797794597 -0.0343114705459 -0.0483428889323
403 0.000725797794597 -0.0343114705459 -0.0483428889323
404 0.000725797794597 -0.0343114705459 -0.0483428889323
405 0.000725797794597 -0.0343114705459 -0.0483428889323
406 0.000725797794597 -0.0343114705459 -0.0483428889323
407 0.000725797794597 -0.0343114705459 -0.0483428889323
408 0.000725797794597 -0.0343114705459 -0.0483428889323
409 0.000725797794597 -0.0343114705459 -0.0483428889323
410 0.000725797794597 -0.0343114705459 -0.0483428889323
411 0.000725797794597 -0.0343114705459 -0.0483428889323
412 0.000725797794597 -0.0343114705459 -0.0483428889323
413 0.000725797794597 -0.0343114705459 -0.0483428889323
414 0.000725797794597 -0.0343114705459 -0.0483428889323
415 0.000725797794597 -0.0343114705459 -0.0483428889323
416 0.000725797794597 -0.0343114705459 -0.0483428889323
417 0.000725797794597 -0.0343114705459 -0.0483428889323
418 0.000725797794597 -0.0343114705459 -0.0483428889323
419 0.000725797794597 -0.0343114705459 -0.0483428889323
420 0.000725797794597 -0.0343114705459 -0.0483428889323
421 0.000725797794597 -0.0343114705459 -0.0483428889323
422 0.000725797794597 -0.0343114705459 -0.0483428889323
423 0.000725797794597 -0.0343114705459 -0.0483428889323
424 0.000725797794597 -0.0343114705459 -0.0483428889323
425 0.000725797794597 -0.0343114705459 -0.0483428889323
426 0.000725797794597 -0.0343114705459 -0.0483428889323
427 0.000725797794597 -0.0343114705459 -0.0483428889323
428 0.000725797794597 -0.0343114705459 -0.0483428889323
429 0.000725797794597 -0.0343114705459 -0.0483428889323
430 0.000725797794597 -0.0343114705459 -0.0483428889323
431 0.000725797794597 -0.0343114705459 -0.0483428889323
432 0.000725797794597 -0.0343114705459 -0.0483428889323
433 0.000725797794597 -0.0343114705459 -0.0483428889323
434 0.000725797794597 -0.0343114705459 -0.0483428889323
435 0.000725797794597 -0.0343114705459 -0.0483428889323
436 0.000725797794597 -0.0343114705459 -0.0483428889323
437 0.000725797794597 -0.0343114705459 -0.0483428889323
438 0.000725797794597 -0.0343114705459 -0.0483428889323
439 0.000725797794597 -0.0343114705459 -0.0483428889323
440 0.000725797794597 -0.0343114705459 -0.0483428889323
441 0.000725797794597 -0.0343114705459 -0.0483428889323
442 0.000725797794597 -0.0343114705459 -0.0483428889323
443 0.000725797794597 -0.0343114705459 -0.0483428889323
444 0.000725797794597 -0.0343114705459 -0.0483428889323
445 0.000725797794597 -0.0343114705459 -0.0483428889323
446 0.000725797794597 -0.0343114705459 -0.0483428889323
447 0.000725797794597 -0.0343114705459 -0.0483428889323
448 0.000725797794597 -0.0343114705459 -0.0483428889323
449 0.000725797794597 -0.0343114705459 -0.0483428889323
450 0.000725797794597 -0.0343114705459 -0.0483428889323
451 -0.00132807387962 -0.0343114705459 -0.0483428889323
452 -0.00132807387962 -0.0343114705459 -0.0483428889323
453 -0.00132807387962 -0.0343114705459 -0.0483428889323
454 -0.00132807387962 -0.0343114705459 -0.0483428889323
455 -0.00132807387962 -0.0343114705459 -0.0483428889323
456 -0.00132807387962 -0.0343114705459 -0.0483428889323
457 -0.00132807387962 -0.0343114705459 -0.0483428889323
458 -0.00132807387962 -0.0343114705459 -0.0483428889323
459 -0.00132807387962 -0.0343114705459 -0.0483428889323
460 -0.00132807387962 -0.0343114705459 -0.0483428889323
461 -0.00132807387962 -0.0343114705459 -0.0483428889323
462 -0.00132807387962 -0.0343114705459 -0.0483428889323
463 -0.00132807387962 -0.0343114705459 -0.0483428889323
464 -0.00132807387962 -0.0343114705459 -0.0483428889323
465 -0.00132807387962 -0.0343114705459 -0.0483428889323
466 -0.00132807387962 -0.0343114705459 -0.0483428889323
467 -0.00132807387962 -0.0343114705459 -0.0483428889323
468 -0.00132807387962 -0.0343114705459 -0.0483428889323
469 -0.00132807387962 -0.0343114705459 -0.0483428889323
470 -0.00132807387962 -0.0343114705459 -0.0483428889323
471 -0.00132807387962 -0.0343114705459 -0.0483428889323
472 -0.00132807387962 -0.0343114705459 -0.0483428889323
473 -0.00132807387962 -0.0343114705459 -0.0483428889323
474 -0.00132807387962 -0.0343114705459 -0.0483428889323
475 -0.00132807387962 -0.0343114705459 -0.0483428889323
476 -0.00132807387962 -0.0343114705459 -0.0483428889323
477 -0.00132807387962 -0.0343114705459 -0.0483428889323
478 -0.00132807387962 -0.0343114705459 -0.0483428889323
479 -0.00132807387962 -0.0343114705459 -0.0483428889323
480 -0.00132807387962 -0.0343114705459 -0.0483428889323
481 -0.00132807387962 -0.0343114705459 -0.0483428889323
482 -0.00132807387962 -0.0343114705459 -0.0483428889323
483 -0.00132807387962 -0.0343114705459 -0.0483428889323
484 -0.00132807387962 -0.0343114705459 -0.0483428889323
485 -0.00132807387962 -0.0343114705459 -0.0483428889323
486 -0.00132807387962 -0.0343114705459 -0.0483428889323
487 -0.00132807387962 -0.0343114705459 -0.0483428889323
488 -0.00132807387962 -0.0343114705459 -0.0483428889323
489 -0.00132807387962 -0.0343114705459 -0.0483428889323
490 -0.00132807387962 -0.0343114705459 -0.0483428889323
491 -0.00132807387962 -0.0343114705459 -0.0483428889323
492 -0.00132807387962 -0.0343114705459 -0.0483428889323
493 -0.00132807387962 -0.0343114705459 -0.0483428889323
494 -0.00132807387962 -0.0343114705459 -0.0483428889323
495 -0.00132807387962 -0.0343114705459 -0.0483428889323
496 -0.00132807387962 -0.0343114705459 -0.0483428889323
497 -0.00132807387962 -0.0343114705459 -0.0483428889323
498 -0.00132807387962 -0.0343114705459 -0.0483428889323
499 -0.00132807387962 -0.0343114705459 -0.0483428889323
500 -0.00132807387962 -0.0343114705459 -0.0483428889323
501 -0.00434807793004 0.0311860877344 0.0326984618875
502 -0.00434807793004 0.0311860877344 0.0326984618875
503 -0.00434807793004 0.0311860877344 0.0326984618875
504 -0.00434807793004 0.0311860877344 0.0326984618875
505 -0.00434807793004 0.0311860877344 0.0326984618875
506 -0.00434807793004 0.0311860877344 0.0326984618875
507 -0.00434807793004 0.0311860877344 0.0326984618875
508 -0.00434807793004 0.0311860877344 0.0326984618875
509 -0.00434807793004 0.0311860877344 0.0326984618875
510 -0.00434807793004 0.0311860877344 0.0326984618875
511 -0.00434807793004 0.0311860877344 0.0326984618875
512 -0.00434807793004 0.0311860877344 0.0326984618875
513 -0.00434807793004 0.0311860877344 0.0326984618875
514 -0.00434807793004 0.0311860877344 0.0326984618875
515 -0.00434807793004 0.0311860877344 0.0326984618875
516 -0.00434807793004 0.0311860877344 0.0326984618875
517 -0.00434807793004 0.0311860877344 0.0326984618875
518 -0.00434807793004 0.0311860877344 0.0326984618875
519 -0.00434807793004 0.0311860877344 0.0326984618875
520 -0.00434807793004 0.0311860877344 0.0326984618875
521 -0.00434807793004 0.0311860877344 0.0326984618875
522 -0.00434807793004 0.0311860877344 0.0326984618875
523 -0.00434807793004 0.0311860877344 0.0326984618875
524 -0.00434807793004 0.0311860877344 0.0326984618875
525 -0.00434807793004 0.0311860877344 0.0326984618875
526 -0.00434807793004 0.0311860877344 0.0326984618875
527 -0.00434807793004 0.0311860877344 0.0326984618875
528 -0.00434807793004 0.0311860877344 0.0326984618875
529 -0.00434807793004 0.0311860877344 0.0326984618875
530 -0.00434807793004 0.0311860877344 0.0326984618875
531 -0.00434807793004 0.0311860877344 0.0326984618875
532 -0.00434807793004 0.0311860877344 0.0326984618875
533 -0.00434807793004 0.0311860877344 0.0326984618875
534 -0.00434807793004 0.0311860877344 0.0326984618875
535 -0.00434807793004 0.0311860877344 0.0326984618875
536 -0.00434807793004 0.0311860877344 0.0326984618875
537 -0.00434807793004 0.0311860877344 0.0326984618875
538 -0.00434807793004 0.0311860877344 0.0326984618875
539 -0.00434807793004 0.0311860877344 0.0326984618875
540 -0.00434807793004 0.0311860877344 0.0326984618875
541 -0.00434807793004 0.0311860877344 0.0326984618875
542 -0.00434807793004 0.0311860877344 0.0326984618875
543 -0.00434807793004 0.0311860877344 0.0326984618875
544 -0.00434807793004 0.0311860877344 0.0326984618875
545 -0.00434807793004 0.0311860877344 0.0326984618875
546 -0.00434807793004 0.0311860877344 0.0326984618875
547 -0.00434807793004 0.0311860877344 0.0326984618875
548 -0.00434807793004 0.0311860877344 0.0326984618875
549 -0.00434807793004 0.0311860877344 0.0326984618875
550 -0.00434807793004 0.0311860877344 0.0326984618875
551 -0.00589403612241 0.0311860877344 0.0326984618875
552 -0.00589403612241 0.0311860877344 0.0326984618875
553 -0.00589403612241 0.0311860877344 0.0326984618875
554 -0.00589403612241 0.0311860877344 0.0326984618875
555 -0.00589403612241 0.0311860877344 0.0326984618875
556 -0.00589403612241 0.0311860877344 0.0326984618875
557 -0.00589403612241 0.0311860877344 0.0326984618875
558 -0.00589403612241 0.0311860877344 0.0326984618875
559 -0.00589403612241 0.0311860877344 0.0326984618875
560 -0.00589403612241 0.0311860877344 0.0326984618875
561 -0.00589403612241 0.0311860877344 0.0326984618875
562 -0.00589403612241 0.0311860877344 0.0326984618875
563 -0.00589403612241 0.0311860877344 0.0326984618875
564 -0.00589403612241 0.0311860877344 0.0326984618875
565 -0.00589403612241 0.0311860877344 0.0326984618875
566 -0.00589403612241 0.0311860877344 0.0326984618875
567 -0.00589403612241 0.0311860877344 0.0326984618875
568 -0.00589403612241 0.0311860877344 0.0326984618875
569 -0.00589403612241 0.0311860877344 0.0326984618875
570 -0.00589403612241 0.0311860877344 0.0326984618875
571 -0.00589403612241 0.0311860877344 0.0326984618875
572 -0.00589403612241 0.0311860877344 0.0326984618875
573 -0.00589403612241 0.0311860877344 0.0326984618875
574 -0.00589403612241 0.0311860877344 0.0326984618875
575 -0.00589403612241 0.0311860877344 0.0326984618875
576 -0.00589403612241 0.0311860877344 0.0326984618875
577 -0.00589403612241 0.0311860877344 0.0326984618875
578 -0.00589403612241 0.0311860877344 0.0326984618875
579 -0.00589403612241 0.0311860877344 0.0326984618875
580 -0.00589403612241 0.0311860877344 0.0326984618875
581 -0.00589403612241 0.0311860877344 0.0326984618875
582 -0.00589403612241 0.0311860877344 0.0326984618875
583 -0.00589403612241 0.0311860877344 0.0326984618875
584 -0.00589403612241 0.0311860877344 0.0326984618875
585 -0.00589403612241 0.0311860877344 0.0326984618875
586 -0.00589403612241 0.0311860877344 0.0326984618875
587 -0.00589403612241 0.0311860877344 0.0326984618875
588 -0.00589403612241 0.0311860877344 0.0326984618875
589 -0.00589403612241 0.0311860877344 0.0326984618875
590 -0.00589403612241 0.0311860877344 0.0326984618875
591 -0.00589403612241 0.0311860877344 0.0326984618875
592 -0.00589403612241 0.0311860877344 0.0326984618875
593 -0.00589403612241 0.0311860877344 0.0326984618875
594 -0.00589403612241 0.0311860877344 0.0326984618875
595 -0.00589403612241 0.0311860877344 0.0326984618875
596 -0.00589403612241 0.0311860877344 0.0326984618875
597 -0.00589403612241 0.0311860877344 0.0326984618875
598 -0.00589403612241 0.0311860877344 0.0326984618875
599 -0.00589403612241 0.0311860877344 0.0326984618875
600 -0.00589403612241 0.0311860877344 0.0326984618875
601 0.0204081632653 -0.0240424127609 -0.0519136189257
602 0.0204081632653 -0.0240424127609 -0.0519136189257
603 0.0204081632653 -0.0240424127609 -0.0519136189257
604 0.0204081632653 -0.0240424127609 -0.0519136189257
605 0.0204081632653 -0.0240424127609 -0.0519136189257
606 0.0204081632653 -0.0240424127609 -0.0519136189257
607 0.0204081632653 -0.0240424127609 -0.0519136189257
608 0.0204081632653 -0.0240424127609 -0.0519136189257
609 0.0204081632653 -0.0240424127609 -0.0519136189257
610 0.0204081632653 -0.0240424127609 -0.0519136189257
611 0.0204081632653 -0.0240424127609 -0.0519136189257
612 0.0204081632653 -0.0240424127609 -0.0519136189257
613 0.0204081632653 -0.0240424127609 -0.0519136189257
614 0.0204081632653 -0.0240424127609 -0.0519136189257
615 0.0204081632653 -0.0240424127609 -0.0519136189257
616 0.0204081632653 -0.0240424127609 -0.0519136189257
617 0.0204081632653 -0.0240424127609 -0.0519136189257
618 0.0204081632653 -0.0240424127609 -0.0519136189257
619 0.0204081632653 -0.0240424127609 -0.0519136189257
620 0.0204081632653 -0.0240424127609 -0.0519136189257
621 0.0204081632653 -0.0240424127609 -0.0519136189257
622 0.0204081632653 -0.0240424127609 -0.0519136189257
623 0.0204081632653 -0.0240424127609 -0.0519136189257
624 0.0204081632653 -0.0240424127609 -0.0519136189257
625 0.0204081632653 -0.0240424127609 -0.0519136189257
626 0.0204081632653 -0.0240424127609 -0.0519136189257
627 0.0204081632653 -0.0240424127609 -0.0519136189257
628 0.0204081632653 -0.0240424127609 -0.0519136189257
629 0.0204081632653 -0.0240424127609 -0.0519136189257
630 0.0204081632653 -0.0240424127609 -0.0519136189257
631 0.0204081632653 -0.0240424127609 -0.0519136189257
632 0.0204081632653 -0.0240424127609 -0.0519136189257
633 0.0204081632653 -0.0240424127609 -0.0519136189257
634 0.0204081632653 -0.0240424127609 -0.0519136189257
635 0.0204081632653 -0.0240424127609 -0.0519136189257
636 0.0204081632653 -0.0240424127609 -0.0519136189257
637 0.0204081632653 -0.0240424127609 -0.0519136189257
638 0.0204081632653 -0.0240424127609 -0.0519136189257
639 0.0204081632653 -0.0240424127609 -0.0519136189257
640 0.0204081632653 -0.0240424127609 -0.0519136189257
641 0.0204081632653 -0.0240424127609 -0.0519136189257
642 0.0204081632653 -0.0240424127609 -0.0519136189257
643 0.0204081632653 -0.0240424127609 -0.0519136189257
644 0.0204081632653 -0.0240424127609 -0.0519136189257
645 0.0204081632653 -0.0240424127609 -0.0519136189257
646 0.0204081632653 -0.0240424127609 -0.0519136189257
647 0.0204081632653 -0.0240424127609 -0.0519136189257
648 0.0204081632653 -0.0240424127609 -0.0519136189257
649 0.0204081632653 -0.0240424127609 -0.0519136189257
650 0.0204081632653 -0.0240424127609 -0.0519136189257
651 0.00368333467867 -0.0240424127609 -0.0519136189257
652 0.00368333467867 -0.0240424127609 -0.0519136189257
653 0.00368333467867 -0.0240424127609 -0.0519136189257
654 0.00368333467867 -0.0240424127609 -0.0519136189257
655 0.00368333467867 -0.0240424127609 -0.0519136189257
656 0.00368333467867 -0.0240424127609 -0.0519136189257
657 0.00368333467867 -0.0240424127609 -0.0519136189257
658 0.00368333467867 -0.0240424127609 -0.0519136189257
659 0.00368333467867 -0.0240424127609 -0.0519136189257
660 0.00368333467867 -0.0240424127609 -0.0519136189257
661 0.00368333467867 -0.0240424127609 -0.0519136189257
662 0.00368333467867 -0.0240424127609 -0.0519136189257
663 0.00368333467867 -0.0240424127609 -0.0519136189257
664 0.00368333467867 -0.0240424127609 -0.0519136189257
665 0.00368333467867 -0.0240424127609 -0.0519136189257
666 0.00368333467867 -0.0240424127609 -0.0519136189257
667 0.00368333467867 -0.0240424127609 -0.0519136189257
668 0.00368333467867 -0.0240424127609 -0.0519136189257
669 0.00368333467867 -0.0240424127609 -0.0519136189257
670 0.00368333467867 -0.0240424127609 -0.0519136189257
671 0.00368333467867 -0.0240424127609 -0.0519136189257
672 0.00368333467867 -0.0240424127609 -0.0519136189257
673 0.00368333467867 -0.0240424127609 -0.0519136189257
674 0.00368333467867 -0.0240424127609 -0.0519136189257
675 0.00368333467867 -0.0240424127609 -0.0519136189257
676 0.00368333467867 -0.0240424127609 -0.0519136189257
677 0.00368333467867 -0.0240424127609 -0.0519136189257
678 0.00368333467867 -0.0240424127609 -0.0519136189257
679 0.00368333467867 -0.0240424127609 -0.0519136189257
680 0.00368333467867 -0.0240424127609 -0.0519136189257
681 0.00368333467867 -0.0240424127609 -0.0519136189257
682 0.00368333467867 -0.0240424127609 -0.0519136189257
683 0.00368333467867 -0.0240424127609 -0.0519136189257
684 0.00368333467867 -0.0240424127609 -0.0519136189257
685 0.00368333467867 -0.0240424127609 -0.0519136189257
686 0.00368333467867 -0.0240424127609 -0.0519136189257
687 0.00368333467867 -0.0240424127609 -0.0519136189257
688 0.00368333467867 -0.0240424127609 -0.0519136189257
689 0.00368333467867 -0.0240424127609 -0.0519136189257
690 0.00368333467867 -0.0240424127609 -0.0519136189257
691 0.00368333467867 -0.0240424127609 -0.0519136189257
692 0.00368333467867 -0.0240424127609 -0.0519136189257
693 0.00368333467867 -0.0240424127609 -0.0519136189257
694 0.00368333467867 -0.0240424127609 -0.0519136189257
695 0.00368333467867 -0.0240424127609 -0.0519136189257
696 0.00368333467867 -0.0240424127609 -0.0519136189257
697 0.00368333467867 -0.0240424127609 -0.0519136189257
698 0.00368333467867 -0.0240424127609 -0.0519136189257
699 0.00368333467867 -0.0240424127609 -0.0519136189257
700 0.00368333467867 -0.0240424127609 -0.0519136189257
701 -0.000982634880185 0.00262848306061 0.0178112733661
702 -0.000982634880185 0.00262848306061 0.0178112733661
703 -0.000982634880185 0.00262848306061 0.0178112733661
704 -0.000982634880185 0.00262848306061 0.0178112733661
705 -0.000982634880185 0.00262848306061 0.0178112733661
706 -0.000982634880185 0.00262848306061 0.0178112733661
707 -0.000982634880185 0.00262848306061 0.0178112733661
708 -0.000982634880185 0.00262848306061 0.0178112733661
709 -0.000982634880185 0.00262848306061 0.0178112733661
710 -0.000982634880185 0.00262848306061 0.0178112733661
711 -0.000982634880185 0.00262848306061 0.0178112733661
712 -0.000982634880185 0.00262848306061 0.0178112733661
713 -0.000982634880185 0.00262848306061 0.0178112733661
714 -0.000982634880185 0.00262848306061 0.0178112733661
715 -0.000982634880185 0.00262848306061 0.0178112733661
716 -0.000982634880185 0.00262848306061 0.0178112733661
717 -0.000982634880185 0.00262848306061 0.0178112733661
718 -0.000982634880185 0.00262848306061 0.0178112733661
719 -0.000982634880185 0.00262848306061 0.0178112733661
720 -0.000982634880185 0.00262848306061 0.0178112733661
721 -0.000982634880185 0.00262848306061 0.0178112733661
722 -0.000982634880185 0.00262848306061 0.0178112733661
723 -0.000982634880185 0.00262848306061 0.0178112733661
724 -0.000982634880185 0.00262848306061 0.0178112733661
725 -0.000982634880185 0.00262848306061 0.0178112733661
726 -0.000982634880185 0.00262848306061 0.0178112733661
727 -0.000982634880185 0.00262848306061 0.0178112733661
728 -0.000982634880185 0.00262848306061 0.0178112733661
729 -0.000982634880185 0.00262848306061 0.0178112733661
730 -0.000982634880185 0.00262848306061 0.0178112733661
731 -0.000982634880185 0.00262848306061 0.0178112733661
732 -0.000982634880185 0.00262848306061 0.0178112733661
733 -0.000982634880185 0.00262848306061 0.0178112733661
734 -0.000982634880185 0.00262848306061 0.0178112733661
735 -0.000982634880185 0.00262848306061 0.0178112733661
736 -0.000982634880185 0.00262848306061 0.0178112733661
737 -0.000982634880185 0.00262848306061 0.0178112733661
738 -0.000982634880185 0.00262848306061 0.0178112733661
739 -0.000982634880185 0.00262848306061 0.0178112733661
740 -0.000982634880185 0.00262848306061 0.0178112733661
741 -0.000982634880185 0.00262848306061 0.0178112733661
742 -0.000982634880185 0.00262848306061 0.0178112733661
743 -0.000982634880185 0.00262848306061 0.0178112733661
744 -0.000982634880185 0.00262848306061 0.0178112733661
745 -0.000982634880185 0.00262848306061 0.0178112733661
746 -0.000982634880185 0.00262848306061 0.0178112733661
747 -0.000982634880185 0.00262848306061 0.0178112733661
748 -0.000982634880185 0.00262848306061 0.0178112733661
749 -0.000982634880185 0.00262848306061 0.0178112733661
750 -0.000982634880185 0.00262848306061 0.0178112733661
751 0.00087198203127 0.00262848306061 0.0178112733661
752 0.00087198203127 0.00262848306061 0.0178112733661
753 0.00087198203127 0.00262848306061 0.0178112733661
754 0.00087198203127 0.00262848306061 0.0178112733661
755 0.00087198203127 0.00262848306061 0.0178112733661
756 0.00087198203127 0.00262848306061 0.0178112733661
757 0.00087198203127 0.00262848306061 0.0178112733661
758 0.00087198203127 0.00262848306061 0.0178112733661
759 0.00087198203127 0.00262848306061 0.0178112733661
760 0.00087198203127 0.00262848306061 0.0178112733661
761 0.00087198203127 0.00262848306061 0.0178112733661
762 0.00087198203127 0.00262848306061 0.0178112733661
763 0.00087198203127 0.00262848306061 0.0178112733661
764 0.00087198203127 0.00262848306061 0.0178112733661
765 0.00087198203127 0.00262848306061 0.0178112733661
766 0.00087198203127 0.00262848306061 0.0178112733661
767 0.00087198203127 0.00262848306061 0.0178112733661
768 0.00087198203127 0.00262848306061 0.0178112733661
769 0.00087198203127 0.00262848306061 0.0178112733661
770 0.00087198203127 0.00262848306061 0.0178112733661
771 0.00087198203127 0.00262848306061 0.0178112733661
772 0.00087198203127 0.00262848306061 0.0178112733661
773 0.00087198203127 0.00262848306061 0.0178112733661
774 0.00087198203127 0.00262848306061 0.0178112733661
775 0.00087198203127 0.00262848306061 0.0178112733661
776 0.00087198203127 0.00262848306061 0.0178112733661
777 0.00087198203127 0.00262848306061 0.0178112733661
778 0.00087198203127 0.00262848306061 0.0178112733661
779 0.00087198203127 0.00262848306061 0.0178112733661
780 0.00087198203127 0.00262848306061 0.0178112733661
781 0.00087198203127 0.00262848306061 0.0178112733661
782 0.00087198203127 0.00262848306061 0.0178112733661
783 0.00087198203127 0.00262848306061 0.0178112733661
784 0.00087198203127 0.00262848306061 0.0178112733661
785 0.00087198203127 0.00262848306061 0.0178112733661
786 0.00087198203127 0.00262848306061 0.0178112733661
787 0.00087198203127 0.00262848306061 0.0178112733661
788 0.00087198203127 0.00262848306061 0.0178112733661
789 0.00087198203127 0.00262848306061 0.0178112733661
790 0.00087198203127 0.00262848306061 0.0178112733661
791 0.00087198203127 0.00262848306061 0.0178112733661
792 0.00087198203127 0.00262848306061 0.0178112733661
793 0.00087198203127 0.00262848306061 0.0178112733661
794 0.00087198203127 0.00262848306061 0.0178112733661
795 0.00087198203127 0.00262848306061 0.0178112733661
796 0.00087198203127 0.00262848306061 0.0178112733661
797 0.00087198203127 0.00262848306061 0.0178112733661
798 0.00087198203127 0.00262848306061 0.0178112733661
799 0.00087198203127 0.00262848306061 0.0178112733661
800 0.00087198203127 0.00262848306061 0.0178112733661
801 -0.000645596858111 0.0201443946541 0.0773362774676
802 -0.000645596858111 0.0201443946541 0.0773362774676
803 -0.000645596858111 0.0201443946541 0.0773362774676
804 -0.000645596858111 0.0201443946541 0.0773362774676
805 -0.000645596858111 0.0201443946541 0.0773362774676
806 -0.000645596858111 0.0201443946541 0.0773362774676
807 -0.000645596858111 0.0201443946541 0.0773362774676
808 -0.000645596858111 0.0201443946541 0.0773362774676
809 -0.000645596858111 0.0201443946541 0.0773362774676
810 -0.000645596858111 0.0201443946541 0.0773362774676
811 -0.000645596858111 0.0201443946541 0.0773362774676
812 -0.000645596858111 0.0201443946541 0.0773362774676
813 -0.000645596858111 0.0201443946541 0.0773362774676
814 -0.000645596858111 0.0201443946541 0.0773362774676
815 -0.000645596858111 0.0201443946541 0.0773362774676
816 -0.000645596858111 0.0201443946541 0.0773362774676
817 -0.000645596858111 0.0201443946541 0.0773362774676
818 -0.000645596858111 0.0201443946541 0.0773362774676
819 -0.000645596858111 0.0201443946541 0.0773362774676
820 -0.000645596858111 0.0201443946541 0.0773362774676
821 -0.000645596858111 0.0201443946541 0.0773362774676
822 -0.000645596858111 0.0201443946541 0.0773362774676
823 -0.000645596858111 0.0201443946541 0.0773362774676
824 -0.000645596858111 0.0201443946541 0.0773362774676
825 -0.000645596858111 0.0201443946541 0.0773362774676
826 -0.000645596858111 0.0201443946541 0.0773362774676
827 -0.000645596858111 0.0201443946541 0.0773362774676
828 -0.000645596858111 0.0201443946541 0.0773362774676
829 -0.000645596858111 0.0201443946541 0.0773362774676
830 -0.000645596858111 0.0201443946541 0.0773362774676
831 -0.000645596858111 0.0201443946541 0.0773362774676
832 -0.000645596858111 0.0201443946541 0.0773362774676
833 -0.000645596858111 0.0201443946541 0.0773362774676
834 -0.000645596858111 0.0201443946541 0.0773362774676
835 -0.000645596858111 0.0201443946541 0.0773362774676
836 -0.000645596858111 0.0201443946541 0.0773362774676
837 -0.000645596858111 0.0201443946541 0.0773362774676
838 -0.000645596858111 0.0201443946541 0.0773362774676
839 -0.000645596858111 0.0201443946541 0.0773362774676
840 -0.000645596858111 0.0201443946541 0.0773362774676
841 -0.000645596858111 0.0201443946541 0.0773362774676
842 -0.000645596858111 0.0201443946541 0.0773362774676
843 -0.000645596858111 0.0201443946541 0.0773362774676
844 -0.000645596858111 0.0201443946541 0.0773362774676
845 -0.000645596858111 0.0201443946541 0.0773362774676
846 -0.000645596858111 0.0201443946541 0.0773362774676
847 -0.000645596858111 0.0201443946541 0.0773362774676
848 -0.000645596858111 0.0201443946541 0.0773362774676
849 -0.000645596858111 0.0201443946541 0.0773362774676
850 -0.000645596858111 0.0201443946541 0.0773362774676
851 0.00260798113373 0.0201443946541 0.0773362774676
852 0.00260798113373 0.0201443946541 0.0773362774676
853 0.00260798113373 0.0201443946541 0.0773362774676
854 0.00260798113373 0.0201443946541 0.0773362774676
855 0.00260798113373 0.0201443946541 0.0773362774676
856 0.00260798113373 0.0201443946541 0.0773362774676
857 0.00260798113373 0.0201443946541 0.0773362774676
858 0.00260798113373 0.0201443946541 0.0773362774676
859 0.00260798113373 0.0201443946541 0.0773362774676
860 0.00260798113373 0.0201443946541 0.0773362774676
861 0.00260798113373 0.0201443946541 0.0773362774676
862 0.00260798113373 0.0201443946541 0.0773362774676
863 0.00260798113373 0.0201443946541 0.0773362774676
864 0.00260798113373 0.0201443946541 0.0773362774676
865 0.00260798113373 0.0201443946541 0.0773362774676
866 0.00260798113373 0.0201443946541 0.0773362774676
867 0.00260798113373 0.0201443946541 0.0773362774676
868 0.00260798113373 0.0201443946541 0.0773362774676
869 0.00260798113373 0.0201443946541 0.0773362774676
870 0.00260798113373 0.0201443946541 0.0773362774676
871 0.00260798113373 0.0201443946541 0.0773362774676
872 0.00260798113373 0.0201443946541 0.0773362774676
873 0.00260798113373 0.0201443946541 0.0773362774676
874 0.00260798113373 0.0201443946541 0.0773362774676
875 0.00260798113373 0.0201443946541 0.0773362774676
876 0.00260798113373 0.0201443946541 0.0773362774676
877 0.00260798113373 0.0201443946541 0.0773362774676
878 0.00260798113373 0.0201443946541 0.0773362774676
879 0.00260798113373 0.0201443946541 0.0773362774676
880 0.00260798113373 0.0201443946541 0.0773362774676
881 0.00260798113373 0.0201443946541 0.0773362774676
882 0.00260798113373 0.0201443946541 0.0773362774676
883 0.00260798113373 0.0201443946541 0.0773362774676
884 0.00260798113373 0.0201443946541 0.0773362774676
885 0.00260798113373 0.0201443946541 0.0773362774676
886 0.00260798113373 0.0201443946541 0.0773362774676
887 0.00260798113373 0.0201443946541 0.0773362774676
888 0.00260798113373 0.0201443946541 0.0773362774676
889 0.00260798113373 0.0201443946541 0.0773362774676
890 0.00260798113373 0.0201443946541 0.0773362774676
891 0.00260798113373 0.0201443946541 0.0773362774676
892 0.00260798113373 0.0201443946541 0.0773362774676
893 0.00260798113373 0.0201443946541 0.0773362774676
894 0.00260798113373 0.0201443946541 0.0773362774676
895 0.00260798113373 0.0201443946541 0.0773362774676
896 0.00260798113373 0.0201443946541 0.0773362774676
897 0.00260798113373 0.0201443946541 0.0773362774676
898 0.00260798113373 0.0201443946541 0.0773362774676
899 0.00260798113373 0.0201443946541 0.0773362774676
900 0.00260798113373 0.0201443946541 0.0773362774676
901 -0.00218419778952 -0.00122694604779 0.0118774610938
902 -0.00218419778952 -0.00122694604779 0.0118774610938
903 -0.00218419778952 -0.00122694604779 0.0118774610938
904 -0.00218419778952 -0.00122694604779 0.0118774610938
905 -0.00218419778952 -0.00122694604779 0.0118774610938
906 -0.00218419778952 -0.00122694604779 0.0118774610938
907 -0.00218419778952 -0.00122694604779 0.0118774610938
908 -0.00218419778952 -0.00122694604779 0.0118774610938
909 -0.00218419778952 -0.00122694604779 0.0118774610938
910 -0.00218419778952 -0.00122694604779 0.0118774610938
911 -0.00218419778952 -0.00122694604779 0.0118774610938
912 -0.00218419778952 -0.00122694604779 0.0118774610938
913 -0.00218419778952 -0.00122694604779 0.0118774610938
914 -0.00218419778952 -0.00122694604779 0.0118774610938
915 -0.00218419778952 -0.00122694604779 0.0118774610938
916 -0.00218419778952 -0.00122694604779 0.0118774610938
917 -0.00218419778952 -0.00122694604779 0.0118774610938
918 -0.00218419778952 -0.00122694604779 0.0118774610938
919 -0.00218419778952 -0.00122694604779 0.0118774610938
920 -0.00218419778952 -0.00122694604779 0.0118774610938
921 -0.00218419778952 -0.00122694604779 0.0118774610938
922 -0.00218419778952 -0.00122694604779 0.0118774610938
923 -0.00218419778952 -0.00122694604779 0.0118774610938
924 -0.00218419778952 -0.00122694604779 0.0118774610938
925 -0.00218419778952 -0.00122694604779 0.0118774610938
926 -0.00218419778952 -0.00122694604779 0.0118774610938
927 -0.00218419778952 -0.00122694604779 0.0118774610938
928 -0.00218419778952 -0.00122694604779 0.0118774610938
929 -0.00218419778952 -0.00122694604779 0.0118774610938
930 -0.00218419778952 -0.00122694604779 0.0118774610938
931 -0.00218419778952 -0.00122694604779 0.0118774610938
932 -0.00218419778952 -0.00122694604779 0.0118774610938
933 -0.00218419778952 -0.00122694604779 0.0118774610938
934 -0.00218419778952 -0.00122694604779 0.0118774610938
935 -0.00218419778952 -0.00122694604779 0.0118774610938
936 -0.00218419778952 -0.00122694604779 0.0118774610938
937 -0.00218419778952 -0.00122694604779 0.0118774610938
938 -0.00218419778952 -0.00122694604779 0.0118774610938
939 -0.00218419778952 -0.00122694604779 0.0118774610938
940 -0.00218419778952 -0.00122694604779 0.0118774610938
941 -0.00218419778952 -0.00122694604779 0.0118774610938
942 -0.00218419778952 -0.00122694604779 0.0118774610938
943 -0.00218419778952 -0.00122694604779 0.0118774610938
944 -0.00218419778952 -0.00122694604779 0.0118774610938
945 -0.00218419778952 -0.00122694604779 0.0118774610938
946 -0.00218419778952 -0.00122694604779 0.0118774610938
947 -0.00218419778952 -0.00122694604779 0.0118774610938
948 -0.00218419778952 -0.00122694604779 0.0118774610938
949 -0.00218419778952 -0.00122694604779 0.0118774610938
950 -0.00218419778952 -0.00122694604779 0.0118774610938
951 -0.00218419778952 -0.00122694604779 0.0118774610938
952 -0.00218419778952 -0.00122694604779 0.0118774610938
953 -0.00218419778952 -0.00122694604779 0.0118774610938
954 -0.00218419778952 -0.00122694604779 0.0118774610938
955 -0.00218419778952 -0.00122694604779 0.0118774610938
956 -0.00218419778952 -0.00122694604779 0.0118774610938
957 -0.00218419778952 -0.00122694604779 0.0118774610938
958 -0.00218419778952 -0.00122694604779 0.0118774610938
959 -0.00218419778952 -0.00122694604779 0.0118774610938
960 -0.00218419778952 -0.00122694604779 0.0118774610938
961 -0.00218419778952 -0.00122694604779 0.0118774610938
962 -0.00218419778952 -0.00122694604779 0.0118774610938
963 -0.00218419778952 -0.00122694604779 0.0118774610938
964 -0.00218419778952 -0.00122694604779 0.0118774610938
965 -0.00218419778952 -0.00122694604779 0.0118774610938
966 -0.00218419778952 -0.00122694604779 0.0118774610938
967 -0.00218419778952 -0.00122694604779 0.0118774610938
968 -0.00218419778952 -0.00122694604779 0.0118774610938
969 -0.00218419778952 -0.00122694604779 0.0118774610938
970 -0.00218419778952 -0.00122694604779 0.0118774610938
971 -0.0134423974058 -0.00122694604779 0.0118774610938
972 -0.0134423974058 -0.00122694604779 0.0118774610938
973 -0.0134423974058 -0.00122694604779 0.0118774610938
974 -0.0134423974058 -0.00122694604779 0.0118774610938
975 -0.0134423974058 -0.00122694604779 0.0118774610938
976 -0.0134423974058 -0.00122694604779 0.0118774610938
977 -0.0134423974058 -0.00122694604779 0.0118774610938
978 -0.0134423974058 -0.00122694604779 0.0118774610938
979 -0.0134423974058 -0.00122694604779 0.0118774610938
980 -0.0134423974058 -0.00122694604779 0.0118774610938
981 -0.0134423974058 -0.00122694604779 0.0118774610938
982 -0.0134423974058 -0.00122694604779 0.0118774610938
983 -0.0134423974058 -0.00122694604779 0.0118774610938
984 -0.0134423974058 -0.00122694604779 0.0118774610938
985 -0.0134423974058 -0.00122694604779 0.0118774610938
986 -0.0134423974058 -0.00122694604779 0.0118774610938
987 -0.0134423974058 -0.00122694604779 0.0118774610938
988 -0.0134423974058 -0.00122694604779 0.0118774610938
989 -0.0134423974058 -0.00122694604779 0.0118774610938
990 -0.0134423974058 -0.00122694604779 0.0118774610938
991 -0.0134423974058 -0.00122694604779 0.0118774610938
992 -0.0134423974058 -0.00122694604779 0.0118774610938
993 -0.0134423974058 -0.00122694604779 0.0118774610938
994 -0.0134423974058 -0.00122694604779 0.0118774610938
995 -0.0134423974058 -0.00122694604779 0.0118774610938
996 -0.0134423974058 -0.00122694604779 0.0118774610938
997 -0.0134423974058 -0.00122694604779 0.0118774610938
998 -0.0134423974058 -0.00122694604779 0.0118774610938
999 -0.0134423974058 -0.00122694604779 0.0118774610938
1000 -0.0134423974058 -0.00122694604779 0.0118774610938
1001 -0.0134423974058 0.0 0.0
1002 -0.0134423974058 0.0 0.0
1003 -0.0134423974058 0.0 0.0
1004 -0.0134423974058 0.0 0.0
1005 -0.0134423974058 0.0 0.0
1006 -0.0134423974058 0.0 0.0
1007 -0.0134423974058 0.0 0.0
1008 -0.0134423974058 0.0 0.0
1009 -0.0134423974058 0.0 0.0
1010 -0.0134423974058 0.0 0.0
1011 -0.0134423974058 0.0 0.0
1012 -0.0134423974058 0.0 0.0
1013 -0.0134423974058 0.0 0.0
1014 -0.0134423974058 0.0 0.0
1015 -0.0134423974058 0.0 0.0
1016 -0.0134423974058 0.0 0.0
1017 -0.0134423974058 0.0 0.0
1018 -0.0134423974058 0.0 0.0
1019 -0.0134423974058 0.0 0.0
1020 -0.0134423974058 0.0 0.0
1021 -0.0134423974058 0.0 0.0
1022 -0.0134423974058 0.0 0.0
1023 -0.0134423974058 0.0 0.0
1024 -0.0134423974058 0.0 0.0
1025 -0.0134423974058 0.0 0.0
1026 -0.0134423974058 0.0 0.0
1027 -0.0134423974058 0.0 0.0
1028 -0.0134423974058 0.0 0.0
1029 -0.0134423974058 0.0 0.0
1030 -0.0134423974058 0.0 0.0
1031 -0.00557061352425 0.0 0.0
1032 -0.00557061352425 0.0 0.0
1033 -0.00557061352425 0.0 0.0
1034 -0.00557061352425 0.0 0.0
1035 -0.00557061352425 0.0 0.0
1036 -0.00557061352425 0.0 0.0
1037 -0.00557061352425 0.0 0.0
1038 -0.00557061352425 0.0 0.0
1039 -0.00557061352425 0.0 0.0
1040 -0.00557061352425 0.0 0.0
1041 -0.00557061352425 0.0 0.0
1042 -0.00557061352425 0.0 0.0
1043 -0.00557061352425 0.0 0.0
1044 -0.00557061352425 0.0 0.0
1045 -0.00557061352425 0.0 0.0
1046 -0.00557061352425 0.0 0.0
1047 -0.00557061352425 0.0 0.0
1048 -0.00557061352425 0.0 0.0
1049 -0.00557061352425 0.0 0.0
1050 -0.00557061352425 0.0 0.0
1051 -0.00557061352425 0.0 0.0
1052 -0.00557061352425 0.0 0.0
1053 -0.00557061352425 0.0 0.0
1054 -0.00557061352425 0.0 0.0
1055 -0.00557061352425 0.0 0.0
1056 -0.00557061352425 0.0 0.0
1057 -0.00557061352425 0.0 0.0
1058 -0.00557061352425 0.0 0.0
1059 -0.00557061352425 0.0 0.0
1060 -0.00557061352425 0.0 0.0
1061 -0.00557061352425 0.0 0.0
1062 -0.00557061352425 0.0 0.0
1063 -0.00557061352425 0.0 0.0
1064 -0.00557061352425 0.0 0.0
1065 -0.00557061352425 0.0 0.0
1066 -0.00557061352425 0.0 0.0
1067 -0.00557061352425 0.0 0.0
1068 -0.00557061352425 0.0 0.0
1069 -0.00557061352425 0.0 0.0
1070 -0.00557061352425 0.0 0.0
1071 -0.00557061352425 0.0 0.0
1072 -0.00557061352425 0.0 0.0
1073 -0.00557061352425 0.0 0.0
1074 -0.00557061352425 0.0 0.0
1075 -0.00557061352425 0.0 0.0
1076 -0.00557061352425 0.0 0.0
1077 -0.00557061352425 0.0 0.0
1078 -0.00557061352425 0.0 0.0
1079 -0.00557061352425 0.0 0.0
1080 -0.00557061352425 0.0 0.0
1081 -0.00557061352425 0.0 0.0
1082 -0.00557061352425 0.0 0.0
1083 -0.00557061352425 0.0 0.0
1084 -0.00557061352425 0.0 0.0
1085 -0.00557061352425 0.0 0.0
1086 -0.00557061352425 0.0 0.0
1087 -0.00557061352425 0.0 0.0
1088 -0.00557061352425 0.0 0.0
1089 -0.00557061352425 0.0 0.0
1090 -0.00557061352425 0.0 0.0
1091 -0.00125914562681 0.0 0.0
1092 -0.00125914562681 0.0 0.0
1093 -0.00125914562681 0.0 0.0
1094 -0.00125914562681 0.0 0.0
1095 -0.00125914562681 0.0 0.0
1096 -0.00125914562681 0.0 0.0
1097 -0.00125914562681 0.0 0.0
1098 -0.00125914562681 0.0 0.0
1099 -0.00125914562681 0.0 0.0
1100 -0.00125914562681 0.0 0.0
1101 -0.00125914562681 0.0 0.0
1102 -0.00125914562681 0.0 0.0
1103 -0.00125914562681 0.0 0.0
1104 -0.00125914562681 0.0 0.0
1105 -0.00125914562681 0.0 0.0
1106 -0.00125914562681 0.0 0.0
1107 -0.00125914562681 0.0 0.0
1108 -0.00125914562681 0.0 0.0
1109 -0.00125914562681 0.0 0.0
1110 -0.00125914562681 0.0 0.0
1111 -0.00125914562681 0.0 0.0
1112 -0.00125914562681 0.0 0.0
1113 -0.00125914562681 0.0 0.0
1114 -0.00125914562681 0.0 0.0
1115 -0.00125914562681 0.0 0.0
1116 -0.00125914562681 0.0 0.0
1117 -0.00125914562681 0.0 0.0
1118 -0.00125914562681 0.0 0.0
1119 -0.00125914562681 0.0 0.0
1120 -0.00125914562681 0.0 0.0
1121 -0.00125914562681 0.0 0.0
1122 -0.00125914562681 0.0 0.0
1123 -0.00125914562681 0.0 0.0
1124 -0.00125914562681 0.0 0.0
1125 -0.00125914562681 0.0 0.0
1126 -0.00125914562681 0.0 0.0
1127 -0.00125914562681 0.0 0.0
1128 -0.00125914562681 0.0 0.0
1129 -0.00125914562681 0.0 0.0
1130 -0.00125914562681 0.0 0.0
1131 -0.00125914562681 0.0 0.0
1132 -0.00125914562681 0.0 0.0
1133 -0.00125914562681 0.0 0.0
1134 -0.00125914562681 0.0 0.0
1135 -0.00125914562681 0.0 0.0
1136 -0.00125914562681 0.0 0.0
1137 -0.00125914562681 0.0 0.0
1138 -0.00125914562681 0.0 0.0
1139 -0.00125914562681 0.0 0.0
1140 -0.00125914562681 0.0 0.0
1141 -0.00125914562681 0.0 0.0
1142 -0.00125914562681 0.0 0.0
1143 -0.00125914562681 0.0 0.0
1144 -0.00125914562681 0.0 0.0
1145 -0.00125914562681 0.0 0.0
1146 -0.00125914562681 0.0 0.0
1147 -0.00125914562681 0.0 0.0
1148 -0.00125914562681 0.0 0.0
1149 -0.00125914562681 0.0 0.0
1150 -0.00125914562681 0.0 0.0
1151 0.00128950249702 0.0 0.0
1152 0.00128950249702 0.0 0.0
1153 0.00128950249702 0.0 0.0
1154 0.00128950249702 0.0 0.0
1155 0.00128950249702 0.0 0.0
1156 0.00128950249702 0.0 0.0
1157 0.00128950249702 0.0 0.0
1158 0.00128950249702 0.0 0.0
1159 0.00128950249702 0.0 0.0
1160 0.00128950249702 0.0 0.0
1161 0.00128950249702 0.0 0.0
1162 0.00128950249702 0.0 0.0
1163 0.00128950249702 0.0 0.0
1164 0.00128950249702 0.0 0.0
1165 0.00128950249702 0.0 0.0
1166 0.00128950249702 0.0 0.0
1167 0.00128950249702 0.0 0.0
1168 0.00128950249702 0.0 0.0
1169 0.00128950249702 0.0 0.0
1170 0.00128950249702 0.0 0.0
1171 0.00128950249702 0.0 0.0
1172 0.00128950249702 0.0 0.0
1173 0.00128950249702 0.0 0.0
1174 0.00128950249702 0.0 0.0
1175 0.00128950249702 0.0 0.0
1176 0.00128950249702 0.0 0.0
1177 0.00128950249702 0.0 0.0
1178 0.00128950249702 0.0 0.0
1179 0.00128950249702 0.0 0.0
1180 0.00128950249702 0.0 0.0
1181 0.00128950249702 0.0 0.0
1182 0.00128950249702 0.0 0.0
1183 0.00128950249702 0.0 0.0
1184 0.00128950249702 0.0 0.0
1185 0.00128950249702 0.0 0.0
1186 0.00128950249702 0.0 0.0
1187 0.00128950249702 0.0 0.0
1188 0.00128950249702 0.0 0.0
1189 0.00128950249702 0.0 0.0
1190 0.00128950249702 0.0 0.0
1191 0.00128950249702 0.0 0.0
1192 0.00128950249702 0.0 0.0
1193 0.00128950249702 0.0 0.0
1194 0.00128950249702 0.0 0.0
1195 0.00128950249702 0.0 0.0
1196 0.00128950249702 0.0 0.0
1197 0.00128950249702 0.0 0.0
1198 0.00128950249702 0.0 0.0
1199 0.00128950249702 0.0 0.0
1200 0.00128950249702 0.0 0.0
1201 0.00128950249702 0.0 0.0
1202 0.00128950249702 0.0 0.0
1203 0.00128950249702 0.0 0.0
1204 0.00128950249702 0.0 0.0
1205 0.00128950249702 0.0 0.0
1206 0.00128950249702 0.0 0.0
1207 0.00128950249702 0.0 0.0
1208 0.00128950249702 0.0 0.0
1209 0.00128950249702 0.0 0.0
1210 0.00128950249702 0.0 0.0
1211 -0.00921847266147 0.0 0.0
1212 -0.00921847266147 0.0 0.0
1213 -0.00921847266147 0.0 0.0
1214 -0.00921847266147 0.0 0.0
1215 -0.00921847266147 0.0 0.0
1216 -0.00921847266147 0.0 0.0
1217 -0.00921847266147 0.0 0.0
1218 -0.00921847266147 0.0 0.0
1219 -0.00921847266147 0.0 0.0
1220 -0.00921847266147 0.0 0.0
1221 -0.00921847266147 0.0 0.0
1222 -0.00921847266147 0.0 0.0
1223 -0.00921847266147 0.0 0.0
1224 -0.00921847266147 0.0 0.0
1225 -0.00921847266147 0.0 0.0
1226 -0.00921847266147 0.0 0.0
1227 -0.00921847266147 0.0 0.0
1228 -0.00921847266147 0.0 0.0
1229 -0.00921847266147 0.0 0.0
1230 -0.00921847266147 0.0 0.0
1231 -0.00921847266147 0.0 0.0
1232 -0.00921847266147 0.0 0.0
1233 -0.00921847266147 0.0 0.0
1234 -0.00921847266147 0.0 0.0
1235 -0.00921847266147 0.0 0.0
1236 -0.00921847266147 0.0 0.0
1237 -0.00921847266147 0.0 0.0
1238 -0.00921847266147 0.0 0.0
1239 -0.00921847266147 0.0 0.0
1240 -0.00921847266147 0.0 0.0
1241 -0.00921847266147 0.0 0.0
1242 -0.00921847266147 0.0 0.0
1243 -0.00921847266147 0.0 0.0
1244 -0.00921847266147 0.0 0.0
1245 -0.00921847266147 0.0 0.0
1246 -0.00921847266147 0.0 0.0
1247 -0.00921847266147 0.0 0.0
1248 -0.00921847266147 0.0 0.0
1249 -0.00921847266147 0.0 0.0
1250 -0.00921847266147 0.0 0.0
1251 -0.00921847266147 0.0 0.0
1252 -0.00921847266147 0.0 0.0
1253 -0.00921847266147 0.0 0.0
1254 -0.00921847266147 0.0 0.0
1255 -0.00921847266147 0.0 0.0
1256 -0.00921847266147 0.0 0.0
1257 -0.00921847266147 0.0 0.0
1258 -0.00921847266147 0.0 0.0
1259 -0.00921847266147 0.0 0.0
1260 -0.00921847266147 0.0 0.0
1261 -0.00921847266147 0.0 0.0
1262 -0.00921847266147 0.0 0.0
1263 -0.00921847266147 0.0 0.0
1264 -0.00921847266147 0.0 0.0
1265 -0.00921847266147 0.0 0.0
1266 -0.00921847266147 0.0 0.0
1267 -0.00921847266147 0.0 0.0
1268 -0.00921847266147 0.0 0.0
1269 -0.00921847266147 0.0 0.0
1270 -0.00921847266147 0.0 0.0
1271 0.0032540994114 0.0 0.0
1272 0.0032540994114 0.0 0.0
1273 0.0032540994114 0.0 0.0
1274 0.0032540994114 0.0 0.0
1275 0.0032540994114 0.0 0.0
1276 0.0032540994114 0.0 0.0
1277 0.0032540994114 0.0 0.0
1278 0.0032540994114 0.0 0.0
1279 0.0032540994114 0.0 0.0
1280 0.0032540994114 0.0 0.0
1281 0.0032540994114 0.0 0.0
1282 0.0032540994114 0.0 0.0
1283 0.0032540994114 0.0 0.0
1284 0.0032540994114 0.0 0.0
1285 0.0032540994114 0.0 0.0
1286 0.0032540994114 0.0 0.0
1287 0.0032540994114 0.0 0.0
1288 0.0032540994114 0.0 0.0
1289 0.0032540994114 0.0 0.0
1290 0.0032540994114 0.0 0.0
1291 0.0032540994114 0.0 0.0
1292 0.0032540994114 0.0 0.0
1293 0.0032540994114 0.0 0.0
1294 0.0032540994114 0.0 0.0
1295 0.0032540994114 0.0 0.0
1296 0.0032540994114 0.0 0.0
1297 0.0032540994114 0.0 0.0
1298 0.0032540994114 0.0 0.0
1299 0.0032540994114 0.0 0.0
1300 0.0032540994114 0.0 0.0
1301 0.0032540994114 0.0 0.0
1302 0.0032540994114 0.0 0.0
1303 0.0032540994114 0.0 0.0
1304 0.0032540994114 0.0 0.0
1305 0.0032540994114 0.0 0.0
1306 0.0032540994114 0.0 0.0
1307 0.0032540994114 0.0 0.0
1308 0.0032540994114 0.0 0.0
1309 0.0032540994114 0.0 0.0
1310 0.0032540994114 0.0 0.0
1311 0.0032540994114 0.0 0.0
1312 0.0032540994114 0.0 0.0
1313 0.0032540994114 0.0 0.0
1314 0.0032540994114 0.0 0.0
1315 0.0032540994114 0.0 0.0
1316 0.0032540994114 0.0 0.0
1317 0.0032540994114 0.0 0.0
1318 0.0032540994114 0.0 0.0
1319 0.0032540994114 0.0 0.0
1320 0.0032540994114 0.0 0.0
1321 0.0032540994114 0.0 0.0
1322 0.0032540994114 0.0 0.0
1323 0.0032540994114 0.0 0.0
1324 0.0032540994114 0.0 0.0
1325 0.0032540994114 0.0 0.0
1326 0.0032540994114 0.0 0.0
1327 0.0032540994114 0.0 0.0
1328 0.0032540994114 0.0 0.0
1329 0.0032540994114 0.0 0.0
1330 0.0032540994114 0.0 0.0
1331 0.0028987491831 0.0 0.0
1332 0.0028987491831 0.0 0.0
1333 0.0028987491831 0.0 0.0
1334 0.0028987491831 0.0 0.0
1335 0.0028987491831 0.0 0.0
1336 0.0028987491831 0.0 0.0
1337 0.0028987491831 0.0 0.0
1338 0.0028987491831 0.0 0.0
1339 0.0028987491831 0.0 0.0
1340 0.0028987491831 0.0 0.0
1341 0.0028987491831 0.0 0.0
1342 0.0028987491831 0.0 0.0
1343 0.0028987491831 0.0 0.0
1344 0.0028987491831 0.0 0.0
1345 0.0028987491831 0.0 0.0
1346 0.0028987491831 0.0 0.0
1347 0.0028987491831 0.0 0.0
1348 0.0028987491831 0.0 0.0
1349 0.0028987491831 0.0 0.0
1350 0.0028987491831 0.0 0.0
1351 0.0028987491831 0.0 0.0
1352 0.0028987491831 0.0 0.0
1353 0.0028987491831 0.0 0.0
1354 0.0028987491831 0.0 0.0
1355 0.0028987491831 0.0 0.0
1356 0.0028987491831 0.0 0.0
1357 0.0028987491831 0.0 0.0
1358 0.0028987491831 0.0 0.0
1359 0.0028987491831 0.0 0.0
1360 0.0028987491831 0.0 0.0
1361 0.0028987491831 0.0 0.0
1362 0.0028987491831 0.0 0.0
1363 0.0028987491831 0.0 0.0
1364 0.0028987491831 0.0 0.0
1365 0.0028987491831 0.0 0.0
1366 0.0028987491831 0.0 0.0
1367 0.0028987491831 0.0 0.0
1368 0.0028987491831 0.0 0.0
1369 0.0028987491831 0.0 0.0
1370 0.0028987491831 0.0 0.0
1371 0.0028987491831 0.0 0.0
1372 0.0028987491831 0.0 0.0
1373 0.0028987491831 0.0 0.0
1374 0.0028987491831 0.0 0.0
1375 0.0028987491831 0.0 0.0
1376 0.0028987491831 0.0 0.0
1377 0.0028987491831 0.0 0.0
1378 0.0028987491831 0.0 0.0
1379 0.0028987491831 0.0 0.0
1380 0.0028987491831 0.0 0.0
1381 0.0028987491831 0.0 0.0
1382 0.0028987491831 0.0 0.0
1383 0.0028987491831 0.0 0.0
1384 0.0028987491831 0.0 0.0
1385 0.0028987491831 0.0 0.0
1386 0.0028987491831 0.0 0.0
1387 0.0028987491831 0.0 0.0
1388 0.0028987491831 0.0 0.0
1389 0.0028987491831 0.0 0.0
1390 0.0028987491831 0.0 0.0
1391 -0.00263655965512 0.0 0.0
1392 -0.00263655965512 0.0 0.0
1393 -0.00263655965512 0.0 0.0
1394 -0.00263655965512 0.0 0.0
1395 -0.00263655965512 0.0 0.0
1396 -0.00263655965512 0.0 0.0
1397 -0.00263655965512 0.0 0.0
1398 -0.00263655965512 0.0 0.0
1399 -0.00263655965512 0.0 0.0
1400 -0.00263655965512 0.0 0.0
1401 -0.00263655965512 0.0 0.0
1402 -0.00263655965512 0.0 0.0
1403 -0.00263655965512 0.0 0.0
1404 -0.00263655965512 0.0 0.0
1405 -0.00263655965512 0.0 0.0
1406 -0.00263655965512 0.0 0.0
1407 -0.00263655965512 0.0 0.0
1408 -0.00263655965512 0.0 0.0
1409 -0.00263655965512 0.0 0.0
1410 -0.00263655965512 0.0 0.0
1411 -0.00263655965512 0.0 0.0
1412 -0.00263655965512 0.0 0.0
1413 -0.00263655965512 0.0 0.0
1414 -0.00263655965512 0.0 0.0
1415 -0.00263655965512 0.0 0.0
1416 -0.00263655965512 0.0 0.0
1417 -0.00263655965512 0.0 0.0
1418 -0.00263655965512 0.0 0.0
1419 -0.00263655965512 0.0 0.0
1420 -0.00263655965512 0.0 0.0
1421 -0.00263655965512 0.0 0.0
1422 -0.00263655965512 0.0 0.0
1423 -0.00263655965512 0.0 0.0
1424 -0.00263655965512 0.0 0.0
1425 -0.00263655965512 0.0 0.0
1426 -0.00263655965512 0.0 0.0
1427 -0.00263655965512 0.0 0.0
1428 -0.00263655965512 0.0 0.0
1429 -0.00263655965512 0.0 0.0
1430 -0.00263655965512 0.0 0.0
1431 -0.00263655965512 0.0 0.0
1432 -0.00263655965512 0.0 0.0
1433 -0.00263655965512 0.0 0.0
1434 -0.00263655965512 0.0 0.0
1435 -0.00263655965512 0.0 0.0
1436 -0.00263655965512 0.0 0.0
1437 -0.00263655965512 0.0 0.0
1438 -0.00263655965512 0.0 0.0
1439 -0.00263655965512 0.0 0.0
1440 -0.00263655965512 0.0 0.0
1441 -0.00263655965512 0.0 0.0
1442 -0.00263655965512 0.0 0.0
1443 -0.00263655965512 0.0 0.0
1444 -0.00263655965512 0.0 0.0
1445 -0.00263655965512 0.0 0.0
1446 -0.00263655965512 0.0 0.0
1447 -0.00263655965512 0.0 0.0
1448 -0.00263655965512 0.0 0.0
1449 -0.00263655965512 0.0 0.0
1450 -0.00263655965512 0.0 0.0
1451 0.00493426745363 0.0 0.0
1452 0.00493426745363 0.0 0.0
1453 0.00493426745363 0.0 0.0
1454 0.00493426745363 0.0 0.0
1455 0.00493426745363 0.0 0.0
1456 0.00493426745363 0.0 0.0
1457 0.00493426745363 0.0 0.0
1458 0.00493426745363 0.0 0.0
1459 0.00493426745363 0.0 0.0
1460 0.00493426745363 0.0 0.0
1461 0.00493426745363 0.0 0.0
1462 0.00493426745363 0.0 0.0
1463 0.00493426745363 0.0 0.0
1464 0.00493426745363 0.0 0.0
1465 0.00493426745363 0.0 0.0
1466 0.00493426745363 0.0 0.0
1467 0.00493426745363 0.0 0.0
1468 0.00493426745363 0.0 0.0
1469 0.00493426745363 0.0 0.0
1470 0.00493426745363 0.0 0.0
1471 0.00493426745363 0.0 0.0
1472 0.00493426745363 0.0 0.0
1473 0.00493426745363 0.0 0.0
1474 0.00493426745363 0.0 0.0
1475 0.00493426745363 0.0 0.0
1476 0.00493426745363 0.0 0.0
1477 0.00493426745363 0.0 0.0
1478 0.00493426745363 0.0 0.0
1479 0.00493426745363 0.0 0.0
1480 0.00493426745363 0.0 0.0
1481 0.00493426745363 0.0 0.0
1482 0.00493426745363 0.0 0.0
1483 0.00493426745363 0.0 0.0
1484 0.00493426745363 0.0 0.0
1485 0.00493426745363 0.0 0.0
1486 0.00493426745363 0.0 0.0
1487 0.00493426745363 0.0 0.0
1488 0.00493426745363 0.0 0.0
1489 0.00493426745363 0.0 0.0
1490 0.00493426745363 0.0 0.0
1491 0.00493426745363 0.0 0.0
1492 0.00493426745363 0.0 0.0
1493 0.00493426745363 0.0 0.0
1494 0.00493426745363 0.0 0.0
1495 0.00493426745363 0.0 0.0
1496 0.00493426745363 0.0 0.0
1497 0.00493426745363 0.0 0.0
1498 0.00493426745363 0.0 0.0
1499 0.00493426745363 0.0 0.0
1500 0.00493426745363 0.0 0.0
1501 0.00493426745363 0.0 0.0
1502 0.00493426745363 0.0 0.0
1503 0.00493426745363 0.0 0.0
1504 0.00493426745363 0.0 0.0
1505 0.00493426745363 0.0 0.0
1506 0.00493426745363 0.0 0.0
1507 0.00493426745363 0.0 0.0
1508 0.00493426745363 0.0 0.0
1509 0.00493426745363 0.0 0.0
1510 0.00493426745363 0.0 0.0
1511 0.00976334973625 0.0 0.0
1512 0.00976334973625 0.0 0.0
1513 0.00976334973625 0.0 0.0
1514 0.00976334973625 0.0 0.0
1515 0.00976334973625 0.0 0.0
1516 0.00976334973625 0.0 0.0
1517 0.00976334973625 0.0 0.0
1518 0.00976334973625 0.0 0.0
1519 0.00976334973625 0.0 0.0
1520 0.00976334973625 0.0 0.0
1521 0.00976334973625 0.0 0.0
1522 0.00976334973625 0.0 0.0
1523 0.00976334973625 0.0 0.0
1524 0.00976334973625 0.0 0.0
1525 0.00976334973625 0.0 0.0
1526 0.00976334973625 0.0 0.0
1527 0.00976334973625 0.0 0.0
1528 0.00976334973625 0.0 0.0
1529 0.00976334973625 0.0 0.0
1530 0.00976334973625 0.0 0.0
1531 0.00976334973625 0.0 0.0
1532 0.00976334973625 0.0 0.0
1533 0.00976334973625 0.0 0.0
1534 0.00976334973625 0.0 0.0
1535 0.00976334973625 0.0 0.0
1536 0.00976334973625 0.0 0.0
1537 0.00976334973625 0.0 0.0
1538 0.00976334973625 0.0 0.0
1539 0.00976334973625 0.0 0.0
1540 0.00976334973625 0.0 0.0
1541 0.00976334973625 0.0 0.0
1542 0.00976334973625 0.0 0.0
1543 0.00976334973625 0.0 0.0
1544 0.00976334973625 0.0 0.0
1545 0.00976334973625 0.0 0.0
1546 0.00976334973625 0.0 0.0
1547 0.00976334973625 0.0 0.0
1548 0.00976334973625 0.0 0.0
1549 0.00976334973625 0.0 0.0
1550 0.00976334973625 0.0 0.0
1551 0.00976334973625 0.0 0.0
1552 0.00976334973625 0.0 0.0
1553 0.00976334973625 0.0 0.0
1554 0.00976334973625 0.0 0.0
1555 0.00976334973625 0.0 0.0
1556 0.00976334973625 0.0 0.0
1557 0.00976334973625 0.0 0.0
1558 0.00976334973625 0.0 0.0
1559 0.00976334973625 0.0 0.0
1560 0.00976334973625 0.0 0.0
1561 0.00976334973625 0.0 0.0
1562 0.00976334973625 0.0 0.0
1563 0.00976334973625 0.0 0.0
1564 0.00976334973625 0.0 0.0
1565 0.00976334973625 0.0 0.0
1566 0.00976334973625 0.0 0.0
1567 0.00976334973625 0.0 0.0
1568 0.00976334973625 0.0 0.0
1569 0.00976334973625 0.0 0.0
1570 0.00976334973625 0.0 0.0
1571 0.00215427015319 0.0 0.0
1572 0.00215427015319 0.0 0.0
1573 0.00215427015319 0.0 0.0
1574 0.00215427015319 0.0 0.0
1575 0.00215427015319 0.0 0.0
1576 0.00215427015319 0.0 0.0
1577 0.00215427015319 0.0 0.0
1578 0.00215427015319 0.0 0.0
1579 0.00215427015319 0.0 0.0
1580 0.00215427015319 0.0 0.0
1581 0.00215427015319 0.0 0.0
1582 0.00215427015319 0.0 0.0
1583 0.00215427015319 0.0 0.0
1584 0.00215427015319 0.0 0.0
1585 0.00215427015319 0.0 0.0
1586 0.00215427015319 0.0 0.0
1587 0.00215427015319 0.0 0.0
1588 0.00215427015319 0.0 0.0
1589 0.00215427015319 0.0 0.0
1590 0.00215427015319 0.0 0.0
1591 0.00215427015319 0.0 0.0
1592 0.00215427015319 0.0 0.0
1593 0.00215427015319 0.0 0.0
1594 0.00215427015319 0.0 0.0
1595 0.00215427015319 0.0 0.0
1596 0.00215427015319 0.0 0.0
1597 0.00215427015319 0.0 0.0
1598 0.00215427015319 0.0 0.0
1599 0.00215427015319 0.0 0.0
1600 0.00215427015319 0.0 0.0
1601 0.00215427015319 0.0 0.0
1602 0.00215427015319 0.0 0.0
1603 0.00215427015319 0.0 0.0
1604 0.00215427015319 0.0 0.0
1605 0.00215427015319 0.0 0.0
1606 0.00215427015319 0.0 0.0
1607 0.00215427015319 0.0 0.0
1608 0.00215427015319 0.0 0.0
1609 0.00215427015319 0.0 0.0
1610 0.00215427015319 0.0 0.0
1611 0.00215427015319 0.0 0.0
1612 0.00215427015319 0.0 0.0
1613 0.00215427015319 0.0 0.0
1614 0.00215427015319 0.0 0.0
1615 0.00215427015319 0.0 0.0
1616 0.00215427015319 0.0 0.0
1617 0.00215427015319 0.0 0.0
1618 0.00215427015319 0.0 0.0
1619 0.00215427015319 0.0 0.0
1620 0.00215427015319 0.0 0.0
1621 0.00215427015319 0.0 0.0
1622 0.00215427015319 0.0 0.0
1623 0.00215427015319 0.0 0.0
1624 0.00215427015319 0.0 0.0
1625 0.00215427015319 0.0 0.0
1626 0.00215427015319 0.0 0.0
1627 0.00215427015319 0.0 0.0
1628 0.00215427015319 0.0 0.0
1629 0.00215427015319 0.0 0.0
1630 0.00215427015319 0.0 0.0
1631 0.00215427015319 0.0 0.0
1632 0.00215427015319 0.0 0.0
1633 0.00215427015319 0.0 0.0
1634 0.00215427015319 0.0 0.0
1635 0.00215427015319 0.0 0.0
1636 0.00215427015319 0.0 0.0
1637 0.00215427015319 0.0 0.0
1638 0.00215427015319 0.0 0.0
1639 0.00215427015319 0.0 0.0
1640 0.00215427015319 0.0 0.0
1641 0.00215427015319 0.0 0.0
1642 0.00215427015319 0.0 0.0
1643 0.00215427015319 0.0 0.0
1644 0.00215427015319 0.0 0.0
1645 0.00215427015319 0.0 0.0
1646 0.00215427015319 0.0 0.0
1647 0.00215427015319 0.0 0.0
1648 0.00215427015319 0.0 0.0
1649 0.00215427015319 0.0 0.0
1650 0.00215427015319 0.0 0.0
1651 -0.00140641326609 0.0 0.0
1652 -0.00140641326609 0.0 0.0
1653 -0.00140641326609 0.0 0.0
1654 -0.00140641326609 0.0 0.0
1655 -0.00140641326609 0.0 0.0
1656 -0.00140641326609 0.0 0.0
1657 -0.00140641326609 0.0 0.0
1658 -0.00140641326609 0.0 0.0
1659 -0.00140641326609 0.0 0.0
1660 -0.00140641326609 0.0 0.0
1661 -0.00140641326609 0.0 0.0
1662 -0.00140641326609 0.0 0.0
1663 -0.00140641326609 0.0 0.0
1664 -0.00140641326609 0.0 0.0
1665 -0.00140641326609 0.0 0.0
1666 -0.00140641326609 0.0 0.0
1667 -0.00140641326609 0.0 0.0
1668 -0.00140641326609 0.0 0.0
1669 -0.00140641326609 0.0 0.0
1670 -0.00140641326609 0.0 0.0
1671 -0.00140641326609 0.0 0.0
1672 -0.00140641326609 0.0 0.0
1673 -0.00140641326609 0.0 0.0
1674 -0.00140641326609 0.0 0.0
1675 -0.00140641326609 0.0 0.0
1676 -0.00140641326609 0.0 0.0
1677 -0.00140641326609 0.0 0.0
1678 -0.00140641326609 0.0 0.0
1679 -0.00140641326609 0.0 0.0
1680 -0.00140641326609 0.0 0.0
1681 -0.00140641326609 0.0 0.0
1682 -0.00140641326609 0.0 0.0
1683 -0.00140641326609 0.0 0.0
1684 -0.00140641326609 0.0 0.0
1685 -0.00140641326609 0.0 0.0
1686 -0.00140641326609 0.0 0.0
1687 -0.00140641326609 0.0 0.0
1688 -0.00140641326609 0.0 0.0
1689 -0.00140641326609 0.0 0.0
1690 -0.00140641326609 0.0 0.0
1691 -0.00140641326609 0.0 0.0
1692 -0.00140641326609 0.0 0.0
1693 -0.00140641326609 0.0 0.0
1694 -0.00140641326609 0.0 0.0
1695 -0.00140641326609 0.0 0.0
1696 -0.00140641326609 0.0 0.0
1697 -0.00140641326609 0.0 0.0
1698 -0.00140641326609 0.0 0.0
1699 -0.00140641326609 0.0 0.0
1700 -0.00140641326609 0.0 0.0
1701 -0.00140641326609 0.0 0.0
1702 -0.00140641326609 0.0 0.0
1703 -0.00140641326609 0.0 0.0
1704 -0.00140641326609 0.0 0.0
1705 -0.00140641326609 0.0 0.0
1706 -0.00140641326609 0.0 0.0
1707 -0.00140641326609 0.0 0.0
1708 -0.00140641326609 0.0 0.0
1709 -0.00140641326609 0.0 0.0
1710 -0.00140641326609 0.0 0.0
1711 -0.00140641326609 0.0 0.0
1712 -0.00140641326609 0.0 0.0
1713 -0.00140641326609 0.0 0.0
1714 -0.00140641326609 0.0 0.0
1715 -0.00140641326609 0.0 0.0
1716 -0.00140641326609 0.0 0.0
1717 -0.00140641326609 0.0 0.0
1718 -0.00140641326609 0.0 0.0
1719 -0.00140641326609 0.0 0.0
1720 -0.00140641326609 0.0 0.0
1721 -0.00140641326609 0.0 0.0
1722 -0.00140641326609 0.0 0.0
1723 -0.00140641326609 0.0 0.0
1724 -0.00140641326609 0.0 0.0
1725 -0.00140641326609 0.0 0.0
1726 -0.00140641326609 0.0 0.0
1727 -0.00140641326609 0.0 0.0
1728 -0.00140641326609 0.0 0.0
1729 -0.00140641326609 0.0 0.0
1730 -0.00140641326609 0.0 0.0
1731 -0.00140641326609 0.0 0.0
1732 -0.00140641326609 0.0 0.0
1733 -0.00140641326609 0.0 0.0
1734 -0.00140641326609 0.0 0.0
1735 -0.00140641326609 0.0 0.0
1736 -0.00140641326609 0.0 0.0
1737 -0.00140641326609 0.0 0.0
1738 -0.00140641326609 0.0 0.0
1739 -0.00140641326609 0.0 0.0
1740 -0.00140641326609 0.0 0.0
1741 -0.00140641326609 0.0 0.0
1742 -0.00140641326609 0.0 0.0
1743 -0.00140641326609 0.0 0.0
1744 -0.00140641326609 0.0 0.0
1745 -0.00140641326609 0.0 0.0
1746 -0.00140641326609 0.0 0.0
1747 -0.00140641326609 0.0 0.0
1748 -0.00140641326609 0.0 0.0
1749 -0.00140641326609 0.0 0.0
1750 -0.00140641326609 0.0 0.0
1751 -0.00382319330531 0.0 0.0
1752 -0.00382319330531 0.0 0.0
1753 -0.00382319330531 0.0 0.0
1754 -0.00382319330531 0.0 0.0
1755 -0.00382319330531 0.0 0.0
1756 -0.00382319330531 0.0 0.0
1757 -0.00382319330531 0.0 0.0
1758 -0.00382319330531 0.0 0.0
1759 -0.00382319330531 0.0 0.0
1760 -0.00382319330531 0.0 0.0
1761 -0.00382319330531 0.0 0.0
1762 -0.00382319330531 0.0 0.0
1763 -0.00382319330531 0.0 0.0
1764 -0.00382319330531 0.0 0.0
1765 -0.00382319330531 0.0 0.0
1766 -0.00382319330531 0.0 0.0
1767 -0.00382319330531 0.0 0.0
1768 -0.00382319330531 0.0 0.0
1769 -0.00382319330531 0.0 0.0
1770 -0.00382319330531 0.0 0.0
1771 -0.00382319330531 0.0 0.0
1772 -0.00382319330531 0.0 0.0
1773 -0.00382319330531 0.0 0.0
1774 -0.00382319330531 0.0 0.0
1775 -0.00382319330531 0.0 0.0
1776 -0.00382319330531 0.0 0.0
1777 -0.00382319330531 0.0 0.0
1778 -0.00382319330531 0.0 0.0
1779 -0.00382319330531 0.0 0.0
1780 -0.00382319330531 0.0 0.0
1781 -0.00382319330531 0.0 0.0
1782 -0.00382319330531 0.0 0.0
1783 -0.00382319330531 0.0 0.0
1784 -0.00382319330531 0.0 0.0
1785 -0.00382319330531 0.0 0.0
1786 -0.00382319330531 0.0 0.0
1787 -0.00382319330531 0.0 0.0
1788 -0.00382319330531 0.0 0.0
1789 -0.00382319330531 0.0 0.0
1790 -0.00382319330531 0.0 0.0
1791 -0.00382319330531 0.0 0.0
1792 -0.00382319330531 0.0 0.0
1793 -0.00382319330531 0.0 0.0
1794 -0.00382319330531 0.0 0.0
1795 -0.00382319330531 0.0 0.0
1796 -0.00382319330531 0.0 0.0
1797 -0.00382319330531 0.0 0.0
1798 -0.00382319330531 0.0 0.0
1799 -0.00382319330531 0.0 0.0
1800 -0.00382319330531 0.0 0.0
1801 -0.00382319330531 0.0 0.0
1802 -0.00382319330531 0.0 0.0
1803 -0.00382319330531 0.0 0.0
1804 -0.00382319330531 0.0 0.0
1805 -0.00382319330531 0.0 0.0
1806 -0.00382319330531 0.0 0.0
1807 -0.00382319330531 0.0 0.0
1808 -0.00382319330531 0.0 0.0
1809 -0.00382319330531 0.0 0.0
1810 -0.00382319330531 0.0 0.0
1811 -0.00382319330531 0.0 0.0
1812 -0.00382319330531 0.0 0.0
1813 -0.00382319330531 0.0 0.0
1814 -0.00382319330531 0.0 0.0
1815 -0.00382319330531 0.0 0.0
1816 -0.00382319330531 0.0 0.0
1817 -0.00382319330531 0.0 0.0
1818 -0.00382319330531 0.0 0.0
1819 -0.00382319330531 0.0 0.0
1820 -0.00382319330531 0.0 0.0
1821 -0.00382319330531 0.0 0.0
1822 -0.00382319330531 0.0 0.0
1823 -0.00382319330531 0.0 0.0
1824 -0.00382319330531 0.0 0.0
1825 -0.00382319330531 0.0 0.0
1826 -0.00382319330531 0.0 0.0
1827 -0.00382319330531 0.0 0.0
1828 -0.00382319330531 0.0 0.0
1829 -0.00382319330531 0.0 0.0
1830 -0.00382319330531 0.0 0.0
1831 -0.00382319330531 0.0 0.0
1832 -0.00382319330531 0.0 0.0
1833 -0.00382319330531 0.0 0.0
1834 -0.00382319330531 0.0 0.0
1835 -0.00382319330531 0.0 0.0
1836 -0.00382319330531 0.0 0.0
1837 -0.00382319330531 0.0 0.0
1838 -0.00382319330531 0.0 0.0
1839 -0.00382319330531 0.0 0.0
1840 -0.00382319330531 0.0 0.0
1841 -0.00382319330531 0.0 0.0
1842 -0.00382319330531 0.0 0.0
1843 -0.00382319330531 0.0 0.0
1844 -0.00382319330531 0.0 0.0
1845 -0.00382319330531 0.0 0.0
1846 -0.00382319330531 0.0 0.0
1847 -0.00382319330531 0.0 0.0
1848 -0.00382319330531 0.0 0.0
1849 -0.00382319330531 0.0 0.0
1850 -0.00382319330531 0.0 0.0
1851 -0.00846196205554 0.0 0.0
1852 -0.00846196205554 0.0 0.0
1853 -0.00846196205554 0.0 0.0
1854 -0.00846196205554 0.0 0.0
1855 -0.00846196205554 0.0 0.0
1856 -0.00846196205554 0.0 0.0
1857 -0.00846196205554 0.0 0.0
1858 -0.00846196205554 0.0 0.0
1859 -0.00846196205554 0.0 0.0
1860 -0.00846196205554 0.0 0.0
1861 -0.00846196205554 0.0 0.0
1862 -0.00846196205554 0.0 0.0
1863 -0.00846196205554 0.0 0.0
1864 -0.00846196205554 0.0 0.0
1865 -0.00846196205554 0.0 0.0
1866 -0.00846196205554 0.0 0.0
1867 -0.00846196205554 0.0 0.0
1868 -0.00846196205554 0.0 0.0
1869 -0.00846196205554 0.0 0.0
1870 -0.00846196205554 0.0 0.0
1871 -0.00846196205554 0.0 0.0
1872 -0.00846196205554 0.0 0.0
1873 -0.00846196205554 0.0 0.0
1874 -0.00846196205554 0.0 0.0
1875 -0.00846196205554 0.0 0.0
1876 -0.00846196205554 0.0 0.0
1877 -0.00846196205554 0.0 0.0
1878 -0.00846196205554 0.0 0.0
1879 -0.00846196205554 0.0 0.0
1880 -0.00846196205554 0.0 0.0
1881 -0.00846196205554 0.0 0.0
1882 -0.00846196205554 0.0 0.0
1883 -0.00846196205554 0.0 0.0
1884 -0.00846196205554 0.0 0.0
1885 -0.00846196205554 0.0 0.0
1886 -0.00846196205554 0.0 0.0
1887 -0.00846196205554 0.0 0.0
1888 -0.00846196205554 0.0 0.0
1889 -0.00846196205554 0.0 0.0
1890 -0.00846196205554 0.0 0.0
1891 -0.00846196205554 0.0 0.0
1892 -0.00846196205554 0.0 0.0
1893 -0.00846196205554 0.0 0.0
1894 -0.00846196205554 0.0 0.0
1895 -0.00846196205554 0.0 0.0
1896 -0.00846196205554 0.0 0.0
1897 -0.00846196205554 0.0 0.0
1898 -0.00846196205554 0.0 0.0
1899 -0.00846196205554 0.0 0.0
1900 -0.00846196205554 0.0 0.0
1901 -0.00846196205554 0.0 0.0
1902 -0.00846196205554 0.0 0.0
1903 -0.00846196205554 0.0 0.0
1904 -0.00846196205554 0.0 0.0
1905 -0.00846196205554 0.0 0.0
1906 -0.00846196205554 0.0 0.0
1907 -0.00846196205554 0.0 0.0
1908 -0.00846196205554 0.0 0.0
1909 -0.00846196205554 0.0 0.0
1910 -0.00846196205554 0.0 0.0
1911 -0.00846196205554 0.0 0.0
1912 -0.00846196205554 0.0 0.0
1913 -0.00846196205554 0.0 0.0
1914 -0.00846196205554 0.0 0.0
1915 -0.00846196205554 0.0 0.0
1916 -0.00846196205554 0.0 0.0
1917 -0.00846196205554 0.0 0.0
1918 -0.00846196205554 0.0 0.0
1919 -0.00846196205554 0.0 0.0
1920 -0.00846196205554 0.0 0.0
1921 -0.00846196205554 0.0 0.0
1922 -0.00846196205554 0.0 0.0
1923 -0.00846196205554 0.0 0.0
1924 -0.00846196205554 0.0 0.0
1925 -0.00846196205554 0.0 0.0
1926 -0.00846196205554 0.0 0.0
1927 -0.00846196205554 0.0 0.0
1928 -0.00846196205554 0.0 0.0
1929 -0.00846196205554 0.0 0.0
1930 -0.00846196205554 0.0 0.0
1931 -0.00846196205554 0.0 0.0
1932 -0.00846196205554 0.0 0.0
1933 -0.00846196205554 0.0 0.0
1934 -0.00846196205554 0.0 0.0
1935 -0.00846196205554 0.0 0.0
1936 -0.00846196205554 0.0 0.0
1937 -0.00846196205554 0.0 0.0
1938 -0.00846196205554 0.0 0.0
1939 -0.00846196205554 0.0 0.0
1940 -0.00846196205554 0.0 0.0
1941 -0.00846196205554 0.0 0.0
1942 -0.00846196205554 0.0 0.0
1943 -0.00846196205554 0.0 0.0
1944 -0.00846196205554 0.0 0.0
1945 -0.00846196205554 0.0 0.0
1946 -0.00846196205554 0.0 0.0
1947 -0.00846196205554 0.0 0.0
1948 -0.00846196205554 0.0 0.0
1949 -0.00846196205554 0.0 0.0
1950 -0.00846196205554 0.0 0.0
1951 -0.00751368898515 0.0 0.0
1952 -0.00751368898515 0.0 0.0
1953 -0.00751368898515 0.0 0.0
1954 -0.00751368898515 0.0 0.0
1955 -0.00751368898515 0.0 0.0
1956 -0.00751368898515 0.0 0.0
1957 -0.00751368898515 0.0 0.0
1958 -0.00751368898515 0.0 0.0
1959 -0.00751368898515 0.0 0.0
1960 -0.00751368898515 0.0 0.0
1961 -0.00751368898515 0.0 0.0
1962 -0.00751368898515 0.0 0.0
1963 -0.00751368898515 0.0 0.0
1964 -0.00751368898515 0.0 0.0
1965 -0.00751368898515 0.0 0.0
1966 -0.00751368898515 0.0 0.0
1967 -0.00751368898515 0.0 0.0
1968 -0.00751368898515 0.0 0.0
1969 -0.00751368898515 0.0 0.0
1970 -0.00751368898515 0.0 0.0
1971 -0.00751368898515 0.0 0.0
1972 -0.00751368898515 0.0 0.0
1973 -0.00751368898515 0.0 0.0
1974 -0.00751368898515 0.0 0.0
1975 -0.00751368898515 0.0 0.0
1976 -0.00751368898515 0.0 0.0
1977 -0.00751368898515 0.0 0.0
1978 -0.00751368898515 0.0 0.0
1979 -0.00751368898515 0.0 0.0
1980 -0.00751368898515 0.0 0.0
1981 -0.00751368898515 0.0 0.0
1982 -0.00751368898515 0.0 0.0
1983 -0.00751368898515 0.0 0.0
1984 -0.00751368898515 0.0 0.0
1985 -0.00751368898515 0.0 0.0
1986 -0.00751368898515 0.0 0.0
1987 -0.00751368898515 0.0 0.0
1988 -0.00751368898515 0.0 0.0
1989 -0.00751368898515 0.0 0.0
1990 -0.00751368898515 0.0 0.0
1991 -0.00751368898515 0.0 0.0
1992 -0.00751368898515 0.0 0.0
1993 -0.00751368898515 0.0 0.0
1994 -0.00751368898515 0.0 0.0
1995 -0.00751368898515 0.0 0.0
1996 -0.00751368898515 0.0 0.0
1997 -0.00751368898515 0.0 0.0
1998 -0.00751368898515 0.0 0.0
1999 -0.00751368898515 0.0 0.0
2000 -0.00751368898515 0.0 0.0
2001 -0.00751368898515 0.0 0.0
2002 -0.00751368898515 0.0 0.0
2003 -0.00751368898515 0.0 0.0
2004 -0.00751368898515 0.0 0.0
2005 -0.00751368898515 0.0 0.0
2006 -0.00751368898515 0.0 0.0
2007 -0.00751368898515 0.0 0.0
2008 -0.00751368898515 0.0 0.0
2009 -0.00751368898515 0.0 0.0
2010 -0.00751368898515 0.0 0.0
2011 -0.00751368898515 0.0 0.0
2012 -0.00751368898515 0.0 0.0
2013 -0.00751368898515 0.0 0.0
2014 -0.00751368898515 0.0 0.0
2015 -0.00751368898515 0.0 0.0
2016 -0.00751368898515 0.0 0.0
2017 -0.00751368898515 0.0 0.0
2018 -0.00751368898515 0.0 0.0
2019 -0.00751368898515 0.0 0.0
2020 -0.00751368898515 0.0 0.0
2021 -0.00751368898515 0.0 0.0
2022 -0.00751368898515 0.0 0.0
2023 -0.00751368898515 0.0 0.0
2024 -0.00751368898515 0.0 0.0
2025 -0.00751368898515 0.0 0.0
2026 -0.00751368898515 0.0 0.0
2027 -0.00751368898515 0.0 0.0
2028 -0.00751368898515 0.0 0.0
2029 -0.00751368898515 0.0 0.0
2030 -0.00751368898515 0.0 0.0
2031 -0.00751368898515 0.0 0.0
2032 -0.00751368898515 0.0 0.0
2033 -0.00751368898515 0.0 0.0
2034 -0.00751368898515 0.0 0.0
2035 -0.00751368898515 0.0 0.0
2036 -0.00751368898515 0.0 0.0
2037 -0.00751368898515 0.0 0.0
2038 -0.00751368898515 0.0 0.0
2039 -0.00751368898515 0.0 0.0
2040 -0.00751368898515 0.0 0.0
2041 -0.00751368898515 0.0 0.0
2042 -0.00751368898515 0.0 0.0
2043 -0.00751368898515 0.0 0.0
2044 -0.00751368898515 0.0 0.0
2045 -0.00751368898515 0.0 0.0
2046 -0.00751368898515 0.0 0.0
2047 -0.00751368898515 0.0 0.0
2048 -0.00751368898515 0.0 0.0
2049 -0.00751368898515 0.0 0.0
2050 -0.00751368898515 0.0 0.0
2051 -0.00751368898515 0.0 0.0
2052 -0.00751368898515 0.0 0.0
2053 -0.00751368898515 0.0 0.0
2054 -0.00751368898515 0.0 0.0
2055 -0.00751368898515 0.0 0.0
2056 -0.00751368898515 0.0 0.0
2057 -0.00751368898515 0.0 0.0
2058 -0.00751368898515 0.0 0.0
2059 -0.00751368898515 0.0 0.0
2060 -0.00751368898515 0.0 0.0
2061 -0.00751368898515 0.0 0.0
2062 -0.00751368898515 0.0 0.0
2063 -0.00751368898515 0.0 0.0
2064 -0.00751368898515 0.0 0.0
2065 -0.00751368898515 0.0 0.0
2066 -0.00751368898515 0.0 0.0
2067 -0.00751368898515 0.0 0.0
2068 -0.00751368898515 0.0 0.0
2069 -0.00751368898515 0.0 0.0
2070 -0.00751368898515 0.0 0.0
2071 -0.00751368898515 0.0 0.0
2072 -0.00751368898515 0.0 0.0
2073 -0.00751368898515 0.0 0.0
2074 -0.00751368898515 0.0 0.0
2075 -0.00751368898515 0.0 0.0
2076 -0.00751368898515 0.0 0.0
2077 -0.00751368898515 0.0 0.0
2078 -0.00751368898515 0.0 0.0
2079 -0.00751368898515 0.0 0.0
2080 -0.00751368898515 0.0 0.0
2081 -0.00751368898515 0.0 0.0
2082 -0.00751368898515 0.0 0.0
2083 -0.00751368898515 0.0 0.0
2084 -0.00751368898515 0.0 0.0
2085 -0.00751368898515 0.0 0.0
2086 -0.00751368898515 0.0 0.0
2087 -0.00751368898515 0.0 0.0
2088 -0.00751368898515 0.0 0.0
2089 -0.00751368898515 0.0 0.0
2090 -0.00751368898515 0.0 0.0
2091 -0.00751368898515 0.0 0.0
2092 -0.00751368898515 0.0 0.0
2093 -0.00751368898515 0.0 0.0
2094 -0.00751368898515 0.0 0.0
2095 -0.00751368898515 0.0 0.0
2096 -0.00751368898515 0.0 0.0
2097 -0.00751368898515 0.0 0.0
2098 -0.00751368898515 0.0 0.0
2099 -0.00751368898515 0.0 0.0
2100 -0.00751368898515 0.0 0.0
2101 0.0122944073136 0.0 0.0
2102 0.0122944073136 0.0 0.0
2103 0.0122944073136 0.0 0.0
2104 0.0122944073136 0.0 0.0
2105 0.0122944073136 0.0 0.0
2106 0.0122944073136 0.0 0.0
2107 0.0122944073136 0.0 0.0
2108 0.0122944073136 0.0 0.0
2109 0.0122944073136 0.0 0.0
2110 0.0122944073136 0.0 0.0
2111 0.0122944073136 0.0 0.0
2112 0.0122944073136 0.0 0.0
2113 0.0122944073136 0.0 0.0
2114 0.0122944073136 0.0 0.0
2115 0.0122944073136 0.0 0.0
2116 0.0122944073136 0.0 0.0
2117 0.0122944073136 0.0 0.0
2118 0.0122944073136 0.0 0.0
2119 0.0122944073136 0.0 0.0
2120 0.0122944073136 0.0 0.0
2121 0.0122944073136 0.0 0.0
2122 0.0122944073136 0.0 0.0
2123 0.0122944073136 0.0 0.0
2124 0.0122944073136 0.0 0.0
2125 0.0122944073136 0.0 0.0
2126 0.0122944073136 0.0 0.0
2127 0.0122944073136 0.0 0.0
2128 0.0122944073136 0.0 0.0
2129 0.0122944073136 0.0 0.0
2130 0.0122944073136 0.0 0.0
2131 0.0122944073136 0.0 0.0
2132 0.0122944073136 0.0 0.0
2133 0.0122944073136 0.0 0.0
2134 0.0122944073136 0.0 0.0
2135 0.0122944073136 0.0 0.0
2136 0.0122944073136 0.0 0.0
2137 0.0122944073136 0.0 0.0
2138 0.0122944073136 0.0 0.0
2139 0.0122944073136 0.0 0.0
2140 0.0122944073136 0.0 0.0
2141 0.0122944073136 0.0 0.0
2142 0.0122944073136 0.0 0.0
2143 0.0122944073136 0.0 0.0
2144 0.0122944073136 0.0 0.0
2145 0.0122944073136 0.0 0.0
2146 0.0122944073136 0.0 0.0
2147 0.0122944073136 0.0 0.0
2148 0.0122944073136 0.0 0.0
2149 0.0122944073136 0.0 0.0
2150 0.0122944073136 0.0 0.0
2151 0.0122944073136 0.0 0.0
2152 0.0122944073136 0.0 0.0
2153 0.0122944073136 0.0 0.0
2154 0.0122944073136 0.0 0.0
2155 0.0122944073136 0.0 0.0
2156 0.0122944073136 0.0 0.0
2157 0.0122944073136 0.0 0.0
2158 0.0122944073136 0.0 0.0
2159 0.0122944073136 0.0 0.0
2160 0.0122944073136 0.0 0.0
2161 0.0122944073136 0.0 0.0
2162 0.0122944073136 0.0 0.0
2163 0.0122944073136 0.0 0.0
2164 0.0122944073136 0.0 0.0
2165 0.0122944073136 0.0 0.0
2166 0.0122944073136 0.0 0.0
2167 0.0122944073136 0.0 0.0
2168 0.0122944073136 0.0 0.0
2169 0.0122944073136 0.0 0.0
2170 0.0122944073136 0.0 0.0
2171 0.0122944073136 0.0 0.0
2172 0.0122944073136 0.0 0.0
2173 0.0122944073136 0.0 0.0
2174 0.0122944073136 0.0 0.0
2175 0.0122944073136 0.0 0.0
2176 0.0122944073136 0.0 0.0
2177 0.0122944073136 0.0 0.0
2178 0.0122944073136 0.0 0.0
2179 0.0122944073136 0.0 0.0
2180 0.0122944073136 0.0 0.0
2181 0.0122944073136 0.0 0.0
2182 0.0122944073136 0.0 0.0
2183 0.0122944073136 0.0 0.0
2184 0.0122944073136 0.0 0.0
2185 0.0122944073136 0.0 0.0
2186 0.0122944073136 0.0 0.0
2187 0.0122944073136 0.0 0.0
2188 0.0122944073136 0.0 0.0
2189 0.0122944073136 0.0 0.0
2190 0.0122944073136 0.0 0.0
2191 0.0122944073136 0.0 0.0
2192 0.0122944073136 0.0 0.0
2193 0.0122944073136 0.0 0.0
2194 0.0122944073136 0.0 0.0
2195 0.0122944073136 0.0 0.0
2196 0.0122944073136 0.0 0.0
2197 0.0122944073136 0.0 0.0
2198 0.0122944073136 0.0 0.0
2199 0.0122944073136 0.0 0.0
2200 0.0122944073136 0.0 0.0
2201 0.0122944073136 0.0 0.0
2202 0.0122944073136 0.0 0.0
2203 0.0122944073136 0.0 0.0
2204 0.0122944073136 0.0 0.0
2205 0.0122944073136 0.0 0.0
2206 0.0122944073136 0.0 0.0
2207 0.0122944073136 0.0 0.0
2208 0.0122944073136 0.0 0.0
2209 0.0122944073136 0.0 0.0
2210 0.0122944073136 0.0 0.0
2211 0.0122944073136 0.0 0.0
2212 0.0122944073136 0.0 0.0
2213 0.0122944073136 0.0 0.0
2214 0.0122944073136 0.0 0.0
2215 0.0122944073136 0.0 0.0
2216 0.0122944073136 0.0 0.0
2217 0.0122944073136 0.0 0.0
2218 0.0122944073136 0.0 0.0
2219 0.0122944073136 0.0 0.0
2220 0.0122944073136 0.0 0.0
2221 0.0122944073136 0.0 0.0
2222 0.0122944073136 0.0 0.0
2223 0.0122944073136 0.0 0.0
2224 0.0122944073136 0.0 0.0
2225 0.0122944073136 0.0 0.0
2226 0.0122944073136 0.0 0.0
2227 0.0122944073136 0.0 0.0
2228 0.0122944073136 0.0 0.0
2229 0.0122944073136 0.0 0.0
2230 0.0122944073136 0.0 0.0
2231 0.0122944073136 0.0 0.0
2232 0.0122944073136 0.0 0.0
2233 0.0122944073136 0.0 0.0
2234 0.0122944073136 0.0 0.0
2235 0.0122944073136 0.0 0.0
2236 0.0122944073136 0.0 0.0
2237 0.0122944073136 0.0 0.0
2238 0.0122944073136 0.0 0.0
2239 0.0122944073136 0.0 0.0
2240 0.0122944073136 0.0 0.0
2241 0.0122944073136 0.0 0.0
2242 0.0122944073136 0.0 0.0
2243 0.0122944073136 0.0 0.0
2244 0.0122944073136 0.0 0.0
2245 0.0122944073136 0.0 0.0
2246 0.0122944073136 0.0 0.0
2247 0.0122944073136 0.0 0.0
2248 0.0122944073136 0.0 0.0
2249 0.0122944073136 0.0 0.0
2250 0.0122944073136 0.0 0.0
2251 0.0122944073136 0.0 0.0
2252 0.0122944073136 0.0 0.0
2253 0.0122944073136 0.0 0.0
2254 0.0122944073136 0.0 0.0
2255 0.0122944073136 0.0 0.0
2256 0.0122944073136 0.0 0.0
2257 0.0122944073136 0.0 0.0
2258 0.0122944073136 0.0 0.0
2259 0.0122944073136 0.0 0.0
2260 0.0122944073136 0.0 0.0
2261 0.0122944073136 0.0 0.0
2262 0.0122944073136 0.0 0.0
2263 0.0122944073136 0.0 0.0
2264 0.0122944073136 0.0 0.0
2265 0.0122944073136 0.0 0.0
2266 0.0122944073136 0.0 0.0
2267 0.0122944073136 0.0 0.0
2268 0.0122944073136 0.0 0.0
2269 0.0122944073136 0.0 0.0
2270 0.0122944073136 0.0 0.0
2271 0.0122944073136 0.0 0.0
2272 0.0122944073136 0.0 0.0
2273 0.0122944073136 0.0 0.0
2274 0.0122944073136 0.0 0.0
2275 0.0122944073136 0.0 0.0
2276 0.0122944073136 0.0 0.0
2277 0.0122944073136 0.0 0.0
2278 0.0122944073136 0.0 0.0
2279 0.0122944073136 0.0 0.0
2280 0.0122944073136 0.0 0.0
2281 0.0122944073136 0.0 0.0
2282 0.0122944073136 0.0 0.0
2283 0.0122944073136 0.0 0.0
2284 0.0122944073136 0.0 0.0
2285 0.0122944073136 0.0 0.0
2286 0.0122944073136 0.0 0.0
2287 0.0122944073136 0.0 0.0
2288 0.0122944073136 0.0 0.0
2289 0.0122944073136 0.0 0.0
2290 0.0122944073136 0.0 0.0
2291 0.0122944073136 0.0 0.0
2292 0.0122944073136 0.0 0.0
2293 0.0122944073136 0.0 0.0
2294 0.0122944073136 0.0 0.0
2295 0.0122944073136 0.0 0.0
2296 0.0122944073136 0.0 0.0
2297 0.0122944073136 0.0 0.0
2298 0.0122944073136 0.0 0.0
2299 0.0122944073136 0.0 0.0
2300 0.0122944073136 0.0 0.0
2301 -0.00894109974104 0.0 0.0
2302 -0.00894109974104 0.0 0.0
2303 -0.00894109974104 0.0 0.0
2304 -0.00894109974104 0.0 0.0
2305 -0.00894109974104 0.0 0.0
2306 -0.00894109974104 0.0 0.0
2307 -0.00894109974104 0.0 0.0
2308 -0.00894109974104 0.0 0.0
2309 -0.00894109974104 0.0 0.0
2310 -0.00894109974104 0.0 0.0
2311 -0.00894109974104 0.0 0.0
2312 -0.00894109974104 0.0 0.0
2313 -0.00894109974104 0.0 0.0
2314 -0.00894109974104 0.0 0.0
2315 -0.00894109974104 0.0 0.0
2316 -0.00894109974104 0.0 0.0
2317 -0.00894109974104 0.0 0.0
2318 -0.00894109974104 0.0 0.0
2319 -0.00894109974104 0.0 0.0
2320 -0.00894109974104 0.0 0.0
2321 -0.00894109974104 0.0 0.0
2322 -0.00894109974104 0.0 0.0
2323 -0.00894109974104 0.0 0.0
2324 -0.00894109974104 0.0 0.0
2325 -0.00894109974104 0.0 0.0
2326 -0.00894109974104 0.0 0.0
2327 -0.00894109974104 0.0 0.0
2328 -0.00894109974104 0.0 0.0
2329 -0.00894109974104 0.0 0.0
2330 -0.00894109974104 0.0 0.0
2331 -0.00894109974104 0.0 0.0
2332 -0.00894109974104 0.0 0.0
2333 -0.00894109974104 0.0 0.0
2334 -0.00894109974104 0.0 0.0
2335 -0.00894109974104 0.0 0.0
2336 -0.00894109974104 0.0 0.0
2337 -0.00894109974104 0.0 0.0
2338 -0.00894109974104 0.0 0.0
2339 -0.00894109974104 0.0 0.0
2340 -0.00894109974104 0.0 0.0
2341 -0.00894109974104 0.0 0.0
2342 -0.00894109974104 0.0 0.0
2343 -0.00894109974104 0.0 0.0
2344 -0.00894109974104 0.0 0.0
2345 -0.00894109974104 0.0 0.0
2346 -0.00894109974104 0.0 0.0
2347 -0.00894109974104 0.0 0.0
2348 -0.00894109974104 0.0 0.0
2349 -0.00894109974104 0.0 0.0
2350 -0.00894109974104 0.0 0.0
2351 -0.00894109974104 0.0 0.0
2352 -0.00894109974104 0.0 0.0
2353 -0.00894109974104 0.0 0.0
2354 -0.00894109974104 0.0 0.0
2355 -0.00894109974104 0.0 0.0
2356 -0.00894109974104 0.0 0.0
2357 -0.00894109974104 0.0 0.0
2358 -0.00894109974104 0.0 0.0
2359 -0.00894109974104 0.0 0.0
2360 -0.00894109974104 0.0 0.0
2361 -0.00894109974104 0.0 0.0
2362 -0.00894109974104 0.0 0.0
2363 -0.00894109974104 0.0 0.0
2364 -0.00894109974104 0.0 0.0
2365 -0.00894109974104 0.0 0.0
2366 -0.00894109974104 0.0 0.0
2367 -0.00894109974104 0.0 0.0
2368 -0.00894109974104 0.0 0.0
2369 -0.00894109974104 0.0 0.0
2370 -0.00894109974104 0.0 0.0
2371 -0.00894109974104 0.0 0.0
2372 -0.00894109974104 0.0 0.0
2373 -0.00894109974104 0.0 0.0
2374 -0.00894109974104 0.0 0.0
2375 -0.00894109974104 0.0 0.0
2376 -0.00894109974104 0.0 0.0
2377 -0.00894109974104 0.0 0.0
2378 -0.00894109974104 0.0 0.0
2379 -0.00894109974104 0.0 0.0
2380 -0.00894109974104 0.0 0.0
2381 -0.00894109974104 0.0 0.0
2382 -0.00894109974104 0.0 0.0
2383 -0.00894109974104 0.0 0.0
2384 -0.00894109974104 0.0 0.0
2385 -0.00894109974104 0.0 0.0
2386 -0.00894109974104 0.0 0.0
2387 -0.00894109974104 0.0 0.0
2388 -0.00894109974104 0.0 0.0
2389 -0.00894109974104 0.0 0.0
2390 -0.00894109974104 0.0 0.0
2391 -0.00894109974104 0.0 0.0
2392 -0.00894109974104 0.0 0.0
2393 -0.00894109974104 0.0 0.0
2394 -0.00894109974104 0.0 0.0
2395 -0.00894109974104 0.0 0.0
2396 -0.00894109974104 0.0 0.0
2397 -0.00894109974104 0.0 0.0
2398 -0.00894109974104 0.0 0.0
2399 -0.00894109974104 0.0 0.0
2400 -0.00894109974104 0.0 0.0
2401 -0.00894109974104 0.0 0.0
2402 -0.00894109974104 0.0 0.0
2403 -0.00894109974104 0.0 0.0
2404 -0.00894109974104 0.0 0.0
2405 -0.00894109974104 0.0 0.0
2406 -0.00894109974104 0.0 0.0
2407 -0.00894109974104 0.0 0.0
2408 -0.00894109974104 0.0 0.0
2409 -0.00894109974104 0.0 0.0
2410 -0.00894109974104 0.0 0.0
2411 -0.00894109974104 0.0 0.0
2412 -0.00894109974104 0.0 0.0
2413 -0.00894109974104 0.0 0.0
2414 -0.00894109974104 0.0 0.0
2415 -0.00894109974104 0.0 0.0
2416 -0.00894109974104 0.0 0.0
2417 -0.00894109974104 0.0 0.0
2418 -0.00894109974104 0.0 0.0
2419 -0.00894109974104 0.0 0.0
2420 -0.00894109974104 0.0 0.0
2421 -0.00894109974104 0.0 0.0
2422 -0.00894109974104 0.0 0.0
2423 -0.00894109974104 0.0 0.0
2424 -0.00894109974104 0.0 0.0
2425 -0.00894109974104 0.0 0.0
2426 -0.00894109974104 0.0 0.0
2427 -0.00894109974104 0.0 0.0
2428 -0.00894109974104 0.0 0.0
2429 -0.00894109974104 0.0 0.0
2430 -0.00894109974104 0.0 0.0
2431 -0.00894109974104 0.0 0.0
2432 -0.00894109974104 0.0 0.0
2433 -0.00894109974104 0.0 0.0
2434 -0.00894109974104 0.0 0.0
2435 -0.00894109974104 0.0 0.0
2436 -0.00894109974104 0.0 0.0
2437 -0.00894109974104 0.0 0.0
2438 -0.00894109974104 0.0 0.0
2439 -0.00894109974104 0.0 0.0
2440 -0.00894109974104 0.0 0.0
2441 -0.00894109974104 0.0 0.0
2442 -0.00894109974104 0.0 0.0
2443 -0.00894109974104 0.0 0.0
2444 -0.00894109974104 0.0 0.0
2445 -0.00894109974104 0.0 0.0
2446 -0.00894109974104 0.0 0.0
2447 -0.00894109974104 0.0 0.0
2448 -0.00894109974104 0.0 0.0
2449 -0.00894109974104 0.0 0.0
2450 -0.00894109974104 0.0 0.0
2451 -0.00894109974104 0.0 0.0
2452 -0.00894109974104 0.0 0.0
2453 -0.00894109974104 0.0 0.0
2454 -0.00894109974104 0.0 0.0
2455 -0.00894109974104 0.0 0.0
2456 -0.00894109974104 0.0 0.0
2457 -0.00894109974104 0.0 0.0
2458 -0.00894109974104 0.0 0.0
2459 -0.00894109974104 0.0 0.0
2460 -0.00894109974104 0.0 0.0
2461 -0.00894109974104 0.0 0.0
2462 -0.00894109974104 0.0 0.0
2463 -0.00894109974104 0.0 0.0
2464 -0.00894109974104 0.0 0.0
2465 -0.00894109974104 0.0 0.0
2466 -0.00894109974104 0.0 0.0
2467 -0.00894109974104 0.0 0.0
2468 -0.00894109974104 0.0 0.0
2469 -0.00894109974104 0.0 0.0
2470 -0.00894109974104 0.0 0.0
2471 -0.00894109974104 0.0 0.0
2472 -0.00894109974104 0.0 0.0
2473 -0.00894109974104 0.0 0.0
2474 -0.00894109974104 0.0 0.0
2475 -0.00894109974104 0.0 0.0
2476 -0.00894109974104 0.0 0.0
2477 -0.00894109974104 0.0 0.0
2478 -0.00894109974104 0.0 0.0
2479 -0.00894109974104 0.0 0.0
2480 -0.00894109974104 0.0 0.0
2481 -0.00894109974104 0.0 0.0
2482 -0.00894109974104 0.0 0.0
2483 -0.00894109974104 0.0 0.0
2484 -0.00894109974104 0.0 0.0
2485 -0.00894109974104 0.0 0.0
2486 -0.00894109974104 0.0 0.0
2487 -0.00894109974104 0.0 0.0
2488 -0.00894109974104 0.0 0.0
2489 -0.00894109974104 0.0 0.0
2490 -0.00894109974104 0.0 0.0
2491 -0.00894109974104 0.0 0.0
2492 -0.00894109974104 0.0 0.0
2493 -0.00894109974104 0.0 0.0
2494 -0.00894109974104 0.0 0.0
2495 -0.00894109974104 0.0 0.0
2496 -0.00894109974104 0.0 0.0
2497 -0.00894109974104 0.0 0.0
2498 -0.00894109974104 0.0 0.0
2499 -0.00894109974104 0.0 0.0
2500 -0.00894109974104 0.0 0.0
