0 0.0 0.0 0.0
1 0.0 0.0 0.0
2 0.000400170972493 0.0 0.0
3 0.000400170972493 0.0 0.0
4 0.000400170972493 0.0 0.0
5 0.000400170972493 0.0 0.0
6 0.000400170972493 0.0 0.0
7 0.000400170972493 0.0 0.0
8 0.000400170972493 0.0 0.0
9 0.000400170972493 0.0 0.0
10 0.000400170972493 0.0 0.0
11 0.000400170972493 0.0 0.0
12 0.000400170972493 0.0 0.0
13 0.000400170972493 0.0 0.0
14 0.000400170972493 0.0 0.0
15 0.000400170972493 0.0 0.0
16 0.000400170972493 0.0 0.0
17 0.000400170972493 0.0 0.0
18 0.000400170972493 0.0 0.0
19 0.000400170972493 0.0 0.0
20 0.000400170972493 0.0 0.0
21 0.000400170972493 0.0 0.0
22 0.000400170972493 0.0 0.0
23 0.000400170972493 0.0 0.0
24 0.000400170972493 0.0 0.0
25 0.000400170972493 0.0 0.0
26 0.000400170972493 0.0 0.0
27 0.000400170972493 0.0 0.0
28 0.000400170972493 0.0 0.0
29 0.000400170972493 0.0 0.0
30 0.000400170972493 0.0 0.0
31 0.000400170972493 0.0 0.0
32 0.000400170972493 0.0 0.0
33 0.000400170972493 0.0 0.0
34 0.000400170972493 0.0 0.0
35 0.000400170972493 0.0 0.0
36 0.000400170972493 0.0 0.0
37 0.000400170972493 0.0 0.0
38 0.000400170972493 0.0 0.0
39 0.000400170972493 0.0 0.0
40 0.000400170972493 0.0 0.0
41 0.000400170972493 0.0 0.0
42 0.000400170972493 0.0 0.0
43 0.000400170972493 0.0 0.0
44 0.000400170972493 0.0 0.0
45 0.000400170972493 0.0 0.0
46 0.000400170972493 0.0 0.0
47 0.000400170972493 0.0 0.0
48 0.000400170972493 0.0 0.0
49 0.000400170972493 0.0 0.0
50 0.000400170972493 0.0 0.0
51 0.0017192551095 0.0 0.0
52 0.0017192551095 0.0 0.0
53 0.0017192551095 0.0 0.0
54 0.0017192551095 0.0 0.0
55 0.0017192551095 0.0 0.0
56 0.0017192551095 0.0 0.0
57 0.0017192551095 0.0 0.0
58 0.0017192551095 0.0 0.0
59 0.0017192551095 0.0 0.0
60 0.0017192551095 0.0 0.0
61 0.0017192551095 0.0 0.0
62 0.0017192551095 0.0 0.0
63 0.0017192551095 0.0 0.0
64 0.0017192551095 0.0 0.0
65 0.0017192551095 0.0 0.0
66 0.0017192551095 0.0 0.0
67 0.0017192551095 0.0 0.0
68 0.0017192551095 0.0 0.0
69 0.0017192551095 0.0 0.0
70 0.0017192551095 0.0 0.0
71 0.0017192551095 0.0 0.0
72 0.0017192551095 0.0 0.0
73 0.0017192551095 0.0 0.0
74 0.0017192551095 0.0 0.0
75 0.0017192551095 0.0 0.0
76 0.0017192551095 0.0 0.0
77 0.0017192551095 0.0 0.0
78 0.0017192551095 0.0 0.0
79 0.0017192551095 0.0 0.0
80 0.0017192551095 0.0 0.0
81 0.0017192551095 0.0 0.0
82 0.0017192551095 0.0 0.0
83 0.0017192551095 0.0 0.0
84 0.0017192551095 0.0 0.0
85 0.0017192551095 0.0 0.0
86 0.0017192551095 0.0 0.0
87 0.0017192551095 0.0 0.0
88 0.0017192551095 0.0 0.0
89 0.0017192551095 0.0 0.0
90 0.0017192551095 0.0 0.0
91 0.0017192551095 0.0 0.0
92 0.0017192551095 0.0 0.0
93 0.0017192551095 0.0 0.0
94 0.0017192551095 0.0 0.0
95 0.0017192551095 0.0 0.0
96 0.0017192551095 0.0 0.0
97 0.0017192551095 0.0 0.0
98 0.0017192551095 0.0 0.0
99 0.0017192551095 0.0 0.0
100 0.0017192551095 0.0 0.0
101 -0.000810284982815 0.00145561049192 0.0162605930837
102 -0.000810284982815 0.00145561049192 0.0162605930837
103 -0.000810284982815 0.00145561049192 0.0162605930837
104 -0.000810284982815 0.00145561049192 0.0162605930837
105 -0.000810284982815 0.00145561049192 0.0162605930837
106 -0.000810284982815 0.00145561049192 0.0162605930837
107 -0.000810284982815 0.00145561049192 0.0162605930837
108 -0.000810284982815 0.00145561049192 0.0162605930837
109 -0.000810284982815 0.00145561049192 0.0162605930837
110 -0.000810284982815 0.00145561049192 0.0162605930837
111 -0.000810284982815 0.00145561049192 0.0162605930837
112 -0.000810284982815 0.00145561049192 0.0162605930837
113 -0.000810284982815 0.00145561049192 0.0162605930837
114 -0.000810284982815 0.00145561049192 0.0162605930837
115 -0.000810284982815 0.00145561049192 0.0162605930837
116 -0.000810284982815 0.00145561049192 0.0162605930837
117 -0.000810284982815 0.00145561049192 0.0162605930837
118 -0.000810284982815 0.00145561049192 0.0162605930837
119 -0.000810284982815 0.00145561049192 0.0162605930837
120 -0.000810284982815 0.00145561049192 0.0162605930837
121 -0.000810284982815 0.00145561049192 0.0162605930837
122 -0.000810284982815 0.00145561049192 0.0162605930837
123 -0.000810284982815 0.00145561049192 0.0162605930837
124 -0.000810284982815 0.00145561049192 0.0162605930837
125 -0.000810284982815 0.00145561049192 0.0162605930837
126 -0.000810284982815 0.00145561049192 0.0162605930837
127 -0.000810284982815 0.00145561049192 0.0162605930837
128 -0.000810284982815 0.00145561049192 0.0162605930837
129 -0.000810284982815 0.00145561049192 0.0162605930837
130 -0.000810284982815 0.00145561049192 0.0162605930837
131 -0.000810284982815 0.00145561049192 0.0162605930837
132 -0.000810284982815 0.00145561049192 0.0162605930837
133 -0.000810284982815 0.00145561049192 0.0162605930837
134 -0.000810284982815 0.00145561049192 0.0162605930837
135 -0.000810284982815 0.00145561049192 0.0162605930837
136 -0.000810284982815 0.00145561049192 0.0162605930837
137 -0.000810284982815 0.00145561049192 0.0162605930837
138 -0.000810284982815 0.00145561049192 0.0162605930837
139 -0.000810284982815 0.00145561049192 0.0162605930837
140 -0.000810284982815 0.00145561049192 0.0162605930837
141 -0.000810284982815 0.00145561049192 0.0162605930837
142 -0.000810284982815 0.00145561049192 0.0162605930837
143 -0.000810284982815 0.00145561049192 0.0162605930837
144 -0.000810284982815 0.00145561049192 0.0162605930837
145 -0.000810284982815 0.00145561049192 0.0162605930837
146 -0.000810284982815 0.00145561049192 0.0162605930837
147 -0.000810284982815 0.00145561049192 0.0162605930837
148 -0.000810284982815 0.00145561049192 0.0162605930837
149 -0.000810284982815 0.00145561049192 0.0162605930837
150 -0.000810284982815 0.00145561049192 0.0162605930837
151 -0.000584044815477 0.00145561049192 0.0162605930837
152 -0.000584044815477 0.00145561049192 0.0162605930837
153 -0.000584044815477 0.00145561049192 0.0162605930837
154 -0.000584044815477 0.00145561049192 0.0162605930837
155 -0.000584044815477 0.00145561049192 0.0162605930837
156 -0.000584044815477 0.00145561049192 0.0162605930837
157 -0.000584044815477 0.00145561049192 0.0162605930837
158 -0.000584044815477 0.00145561049192 0.0162605930837
159 -0.000584044815477 0.00145561049192 0.0162605930837
160 -0.000584044815477 0.00145561049192 0.0162605930837
161 -0.000584044815477 0.00145561049192 0.0162605930837
162 -0.000584044815477 0.00145561049192 0.0162605930837
163 -0.000584044815477 0.00145561049192 0.0162605930837
164 -0.000584044815477 0.00145561049192 0.0162605930837
165 -0.000584044815477 0.00145561049192 0.0162605930837
166 -0.000584044815477 0.00145561049192 0.0162605930837
167 -0.000584044815477 0.00145561049192 0.0162605930837
168 -0.000584044815477 0.00145561049192 0.0162605930837
169 -0.000584044815477 0.00145561049192 0.0162605930837
170 -0.000584044815477 0.00145561049192 0.0162605930837
171 -0.000584044815477 0.00145561049192 0.0162605930837
172 -0.000584044815477 0.00145561049192 0.0162605930837
173 -0.000584044815477 0.00145561049192 0.0162605930837
174 -0.000584044815477 0.00145561049192 0.0162605930837
175 -0.000584044815477 0.00145561049192 0.0162605930837
176 -0.000584044815477 0.00145561049192 0.0162605930837
177 -0.000584044815477 0.00145561049192 0.0162605930837
178 -0.000584044815477 0.00145561049192 0.0162605930837
179 -0.000584044815477 0.00145561049192 0.0162605930837
180 -0.000584044815477 0.00145561049192 0.0162605930837
181 -0.000584044815477 0.00145561049192 0.0162605930837
182 -0.000584044815477 0.00145561049192 0.0162605930837
183 -0.000584044815477 0.00145561049192 0.0162605930837
184 -0.000584044815477 0.00145561049192 0.0162605930837
185 -0.000584044815477 0.00145561049192 0.0162605930837
186 -0.000584044815477 0.00145561049192 0.0162605930837
187 -0.000584044815477 0.00145561049192 0.0162605930837
188 -0.000584044815477 0.00145561049192 0.0162605930837
189 -0.000584044815477 0.00145561049192 0.0162605930837
190 -0.000584044815477 0.00145561049192 0.0162605930837
191 -0.000584044815477 0.00145561049192 0.0162605930837
192 -0.000584044815477 0.00145561049192 0.0162605930837
193 -0.000584044815477 0.00145561049192 0.0162605930837
194 -0.000584044815477 0.00145561049192 0.0162605930837
195 -0.000584044815477 0.00145561049192 0.0162605930837
196 -0.000584044815477 0.00145561049192 0.0162605930837
197 -0.000584044815477 0.00145561049192 0.0162605930837
198 -0.000584044815477 0.00145561049192 0.0162605930837
199 -0.000584044815477 0.00145561049192 0.0162605930837
200 -0.000584044815477 0.00145561049192 0.0162605930837
201 -7.40830438718e-05 -0.0107985484303 0.0674705928206
202 -7.40830438718e-05 -0.0107985484303 0.0674705928206
203 -7.40830438718e-05 -0.0107985484303 0.0674705928206
204 -7.40830438718e-05 -0.0107985484303 0.0674705928206
205 -7.40830438718e-05 -0.0107985484303 0.0674705928206
206 -7.40830438718e-05 -0.0107985484303 0.0674705928206
207 -7.40830438718e-05 -0.0107985484303 0.0674705928206
208 -7.40830438718e-05 -0.0107985484303 0.0674705928206
209 -7.40830438718e-05 -0.0107985484303 0.0674705928206
210 -7.40830438718e-05 -0.0107985484303 0.0674705928206
211 -7.40830438718e-05 -0.0107985484303 0.0674705928206
212 -7.40830438718e-05 -0.0107985484303 0.0674705928206
213 -7.40830438718e-05 -0.0107985484303 0.0674705928206
214 -7.40830438718e-05 -0.0107985484303 0.0674705928206
215 -7.40830438718e-05 -0.0107985484303 0.0674705928206
216 -7.40830438718e-05 -0.0107985484303 0.0674705928206
217 -7.40830438718e-05 -0.0107985484303 0.0674705928206
218 -7.40830438718e-05 -0.0107985484303 0.0674705928206
219 -7.40830438718e-05 -0.0107985484303 0.0674705928206
220 -7.40830438718e-05 -0.0107985484303 0.0674705928206
221 -7.40830438718e-05 -0.0107985484303 0.0674705928206
222 -7.40830438718e-05 -0.0107985484303 0.0674705928206
223 -7.40830438718e-05 -0.0107985484303 0.0674705928206
224 -7.40830438718e-05 -0.0107985484303 0.0674705928206
225 -7.40830438718e-05 -0.0107985484303 0.0674705928206
226 -7.40830438718e-05 -0.0107985484303 0.0674705928206
227 -7.40830438718e-05 -0.0107985484303 0.0674705928206
228 -7.40830438718e-05 -0.0107985484303 0.0674705928206
229 -7.40830438718e-05 -0.0107985484303 0.0674705928206
230 -7.40830438718e-05 -0.0107985484303 0.0674705928206
231 -7.40830438718e-05 -0.0107985484303 0.0674705928206
232 -7.40830438718e-05 -0.0107985484303 0.0674705928206
233 -7.40830438718e-05 -0.0107985484303 0.0674705928206
234 -7.40830438718e-05 -0.0107985484303 0.0674705928206
235 -7.40830438718e-05 -0.0107985484303 0.0674705928206
236 -7.40830438718e-05 -0.0107985484303 0.0674705928206
237 -7.40830438718e-05 -0.0107985484303 0.0674705928206
238 -7.40830438718e-05 -0.0107985484303 0.0674705928206
239 -7.40830438718e-05 -0.0107985484303 0.0674705928206
240 -7.40830438718e-05 -0.0107985484303 0.0674705928206
241 -7.40830438718e-05 -0.0107985484303 0.0674705928206
242 -7.40830438718e-05 -0.0107985484303 0.0674705928206
243 -7.40830438718e-05 -0.0107985484303 0.0674705928206
244 -7.40830438718e-05 -0.0107985484303 0.0674705928206
245 -7.40830438718e-05 -0.0107985484303 0.0674705928206
246 -7.40830438718e-05 -0.0107985484303 0.0674705928206
247 -7.40830438718e-05 -0.0107985484303 0.0674705928206
248 -7.40830438718e-05 -0.0107985484303 0.0674705928206
249 -7.40830438718e-05 -0.0107985484303 0.0674705928206
250 -7.40830438718e-05 -0.0107985484303 0.0674705928206
251 0.000532812072618 -0.0107985484303 0.0674705928206
252 0.000532812072618 -0.0107985484303 0.0674705928206
253 0.000532812072618 -0.0107985484303 0.0674705928206
254 0.000532812072618 -0.0107985484303 0.0674705928206
255 0.000532812072618 -0.0107985484303 0.0674705928206
256 0.000532812072618 -0.0107985484303 0.0674705928206
257 0.000532812072618 -0.0107985484303 0.0674705928206
258 0.000532812072618 -0.0107985484303 0.0674705928206
259 0.000532812072618 -0.0107985484303 0.0674705928206
260 0.000532812072618 -0.0107985484303 0.0674705928206
261 0.000532812072618 -0.0107985484303 0.0674705928206
262 0.000532812072618 -0.0107985484303 0.0674705928206
263 0.000532812072618 -0.0107985484303 0.0674705928206
264 0.000532812072618 -0.0107985484303 0.0674705928206
265 0.000532812072618 -0.0107985484303 0.0674705928206
266 0.000532812072618 -0.0107985484303 0.0674705928206
267 0.000532812072618 -0.0107985484303 0.0674705928206
268 0.000532812072618 -0.0107985484303 0.0674705928206
269 0.000532812072618 -0.0107985484303 0.0674705928206
270 0.000532812072618 -0.0107985484303 0.0674705928206
271 0.000532812072618 -0.0107985484303 0.0674705928206
272 0.000532812072618 -0.0107985484303 0.0674705928206
273 0.000532812072618 -0.0107985484303 0.0674705928206
274 0.000532812072618 -0.0107985484303 0.0674705928206
275 0.000532812072618 -0.0107985484303 0.0674705928206
276 0.000532812072618 -0.0107985484303 0.0674705928206
277 0.000532812072618 -0.0107985484303 0.0674705928206
278 0.000532812072618 -0.0107985484303 0.0674705928206
279 0.000532812072618 -0.0107985484303 0.0674705928206
280 0.000532812072618 -0.0107985484303 0.0674705928206
281 0.000532812072618 -0.0107985484303 0.0674705928206
282 0.000532812072618 -0.0107985484303 0.0674705928206
283 0.000532812072618 -0.0107985484303 0.0674705928206
284 0.000532812072618 -0.0107985484303 0.0674705928206
285 0.000532812072618 -0.0107985484303 0.0674705928206
286 0.000532812072618 -0.0107985484303 0.0674705928206
287 0.000532812072618 -0.0107985484303 0.0674705928206
288 0.000532812072618 -0.0107985484303 0.0674705928206
289 0.000532812072618 -0.0107985484303 0.0674705928206
290 0.000532812072618 -0.0107985484303 0.0674705928206
291 0.000532812072618 -0.0107985484303 0.0674705928206
292 0.000532812072618 -0.0107985484303 0.0674705928206
293 0.000532812072618 -0.0107985484303 0.0674705928206
294 0.000532812072618 -0.0107985484303 0.0674705928206
295 0.000532812072618 -0.0107985484303 0.0674705928206
296 0.000532812072618 -0.0107985484303 0.0674705928206
297 0.000532812072618 -0.0107985484303 0.0674705928206
298 0.000532812072618 -0.0107985484303 0.0674705928206
299 0.000532812072618 -0.0107985484303 0.0674705928206
300 0.000532812072618 -0.0107985484303 0.0674705928206
301 -0.000609381767549 -0.00121575502414 -0.0401159991298
302 -0.000609381767549 -0.00121575502414 -0.0401159991298
303 -0.000609381767549 -0.00121575502414 -0.0401159991298
304 -0.000609381767549 -0.00121575502414 -0.0401159991298
305 -0.000609381767549 -0.00121575502414 -0.0401159991298
306 -0.000609381767549 -0.00121575502414 -0.0401159991298
307 -0.000609381767549 -0.00121575502414 -0.0401159991298
308 -0.000609381767549 -0.00121575502414 -0.0401159991298
309 -0.000609381767549 -0.00121575502414 -0.0401159991298
310 -0.000609381767549 -0.00121575502414 -0.0401159991298
311 -0.000609381767549 -0.00121575502414 -0.0401159991298
312 -0.000609381767549 -0.00121575502414 -0.0401159991298
313 -0.000609381767549 -0.00121575502414 -0.0401159991298
314 -0.000609381767549 -0.00121575502414 -0.0401159991298
315 -0.000609381767549 -0.00121575502414 -0.0401159991298
316 -0.000609381767549 -0.00121575502414 -0.0401159991298
317 -0.000609381767549 -0.00121575502414 -0.0401159991298
318 -0.000609381767549 -0.00121575502414 -0.0401159991298
319 -0.000609381767549 -0.00121575502414 -0.0401159991298
320 -0.000609381767549 -0.00121575502414 -0.0401159991298
321 -0.000609381767549 -0.00121575502414 -0.0401159991298
322 -0.000609381767549 -0.00121575502414 -0.0401159991298
323 -0.000609381767549 -0.00121575502414 -0.0401159991298
324 -0.000609381767549 -0.00121575502414 -0.0401159991298
325 -0.000609381767549 -0.00121575502414 -0.0401159991298
326 -0.000609381767549 -0.00121575502414 -0.0401159991298
327 -0.000609381767549 -0.00121575502414 -0.0401159991298
328 -0.000609381767549 -0.00121575502414 -0.0401159991298
329 -0.000609381767549 -0.00121575502414 -0.0401159991298
330 -0.000609381767549 -0.00121575502414 -0.0401159991298
331 -0.000609381767549 -0.00121575502414 -0.0401159991298
332 -0.000609381767549 -0.00121575502414 -0.0401159991298
333 -0.000609381767549 -0.00121575502414 -0.0401159991298
334 -0.000609381767549 -0.00121575502414 -0.0401159991298
335 -0.000609381767549 -0.00121575502414 -0.0401159991298
336 -0.000609381767549 -0.00121575502414 -0.0401159991298
337 -0.000609381767549 -0.00121575502414 -0.0401159991298
338 -0.000609381767549 -0.00121575502414 -0.0401159991298
339 -0.000609381767549 -0.00121575502414 -0.0401159991298
340 -0.000609381767549 -0.00121575502414 -0.0401159991298
341 -0.000609381767549 -0.00121575502414 -0.0401159991298
342 -0.000609381767549 -0.00121575502414 -0.0401159991298
343 -0.000609381767549 -0.00121575502414 -0.0401159991298
344 -0.000609381767549 -0.00121575502414 -0.0401159991298
345 -0.000609381767549 -0.00121575502414 -0.0401159991298
346 -0.000609381767549 -0.00121575502414 -0.0401159991298
347 -0.000609381767549 -0.00121575502414 -0.0401159991298
348 -0.000609381767549 -0.00121575502414 -0.0401159991298
349 -0.000609381767549 -0.00121575502414 -0.0401159991298
350 -0.000609381767549 -0.00121575502414 -0.0401159991298
351 0.0033424860233 -0.00121575502414 -0.0401159991298
352 0.0033424860233 -0.00121575502414 -0.0401159991298
353 0.0033424860233 -0.00121575502414 -0.0401159991298
354 0.0033424860233 -0.00121575502414 -0.0401159991298
355 0.0033424860233 -0.00121575502414 -0.0401159991298
356 0.0033424860233 -0.00121575502414 -0.0401159991298
357 0.0033424860233 -0.00121575502414 -0.0401159991298
358 0.0033424860233 -0.00121575502414 -0.0401159991298
359 0.0033424860233 -0.00121575502414 -0.0401159991298
360 0.0033424860233 -0.00121575502414 -0.0401159991298
361 0.0033424860233 -0.00121575502414 -0.0401159991298
362 0.0033424860233 -0.00121575502414 -0.0401159991298
363 0.0033424860233 -0.00121575502414 -0.0401159991298
364 0.0033424860233 -0.00121575502414 -0.0401159991298
365 0.0033424860233 -0.00121575502414 -0.0401159991298
366 0.0033424860233 -0.00121575502414 -0.0401159991298
367 0.0033424860233 -0.00121575502414 -0.0401159991298
368 0.0033424860233 -0.00121575502414 -0.0401159991298
369 0.0033424860233 -0.00121575502414 -0.0401159991298
370 0.0033424860233 -0.00121575502414 -0.0401159991298
371 0.0033424860233 -0.00121575502414 -0.0401159991298
372 0.0033424860233 -0.00121575502414 -0.0401159991298
373 0.0033424860233 -0.00121575502414 -0.0401159991298
374 0.0033424860233 -0.00121575502414 -0.0401159991298
375 0.0033424860233 -0.00121575502414 -0.0401159991298
376 0.0033424860233 -0.00121575502414 -0.0401159991298
377 0.0033424860233 -0.00121575502414 -0.0401159991298
378 0.0033424860233 -0.00121575502414 -0.0401159991298
379 0.0033424860233 -0.00121575502414 -0.0401159991298
380 0.0033424860233 -0.00121575502414 -0.0401159991298
381 0.0033424860233 -0.00121575502414 -0.0401159991298
382 0.0033424860233 -0.00121575502414 -0.0401159991298
383 0.0033424860233 -0.00121575502414 -0.0401159991298
384 0.0033424860233 -0.00121575502414 -0.0401159991298
385 0.0033424860233 -0.00121575502414 -0.0401159991298
386 0.0033424860233 -0.00121575502414 -0.0401159991298
387 0.0033424860233 -0.00121575502414 -0.0401159991298
388 0.0033424860233 -0.00121575502414 -0.0401159991298
389 0.0033424860233 -0.00121575502414 -0.0401159991298
390 0.0033424860233 -0.00121575502414 -0.0401159991298
391 0.0033424860233 -0.00121575502414 -0.0401159991298
392 0.0033424860233 -0.00121575502414 -0.0401159991298
393 0.0033424860233 -0.00121575502414 -0.0401159991298
394 0.0033424860233 -0.00121575502414 -0.0401159991298
395 0.0033424860233 -0.00121575502414 -0.0401159991298
396 0.0033424860233 -0.00121575502414 -0.0401159991298
397 0.0033424860233 -0.00121575502414 -0.0401159991298
398 0.0033424860233 -0.00121575502414 -0.0401159991298
399 0.0033424860233 -0.00121575502414 -0.0401159991298
400 0.0033424860233 -0.00121575502414 -0.0401159991298
401 -0.00491332522975 -0.00687552504327 0.0102008962046
402 -0.00491332522975 -0.00687552504327 0.0102008962046
403 -0.00491332522975 -0.00687552504327 0.0102008962046
404 -0.00491332522975 -0.00687552504327 0.0102008962046
405 -0.00491332522975 -0.00687552504327 0.0102008962046
406 -0.00491332522975 -0.00687552504327 0.0102008962046
407 -0.00491332522975 -0.00687552504327 0.0102008962046
408 -0.00491332522975 -0.00687552504327 0.0102008962046
409 -0.00491332522975 -0.00687552504327 0.0102008962046
410 -0.00491332522975 -0.00687552504327 0.0102008962046
411 -0.00491332522975 -0.00687552504327 0.0102008962046
412 -0.00491332522975 -0.00687552504327 0.0102008962046
413 -0.00491332522975 -0.00687552504327 0.0102008962046
414 -0.00491332522975 -0.00687552504327 0.0102008962046
415 -0.00491332522975 -0.00687552504327 0.0102008962046
416 -0.00491332522975 -0.00687552504327 0.0102008962046
417 -0.00491332522975 -0.00687552504327 0.0102008962046
418 -0.00491332522975 -0.00687552504327 0.0102008962046
419 -0.00491332522975 -0.00687552504327 0.0102008962046
420 -0.00491332522975 -0.00687552504327 0.0102008962046
421 -0.00491332522975 -0.00687552504327 0.0102008962046
422 -0.00491332522975 -0.00687552504327 0.0102008962046
423 -0.00491332522975 -0.00687552504327 0.0102008962046
424 -0.00491332522975 -0.00687552504327 0.0102008962046
425 -0.00491332522975 -0.00687552504327 0.0102008962046
426 -0.00491332522975 -0.00687552504327 0.0102008962046
427 -0.00491332522975 -0.00687552504327 0.0102008962046
428 -0.00491332522975 -0.00687552504327 0.0102008962046
429 -0.00491332522975 -0.00687552504327 0.0102008962046
430 -0.00491332522975 -0.00687552504327 0.0102008962046
431 -0.00491332522975 -0.00687552504327 0.0102008962046
432 -0.00491332522975 -0.00687552504327 0.0102008962046
433 -0.00491332522975 -0.00687552504327 0.0102008962046
434 -0.00491332522975 -0.00687552504327 0.0102008962046
435 -0.00491332522975 -0.00687552504327 0.0102008962046
436 -0.00491332522975 -0.00687552504327 0.0102008962046
437 -0.00491332522975 -0.00687552504327 0.0102008962046
438 -0.00491332522975 -0.00687552504327 0.0102008962046
439 -0.00491332522975 -0.00687552504327 0.0102008962046
440 -0.00491332522975 -0.00687552504327 0.0102008962046
441 -0.00491332522975 -0.00687552504327 0.0102008962046
442 -0.00491332522975 -0.00687552504327 0.0102008962046
443 -0.00491332522975 -0.00687552504327 0.0102008962046
444 -0.00491332522975 -0.00687552504327 0.0102008962046
445 -0.00491332522975 -0.00687552504327 0.0102008962046
446 -0.00491332522975 -0.00687552504327 0.0102008962046
447 -0.00491332522975 -0.00687552504327 0.0102008962046
448 -0.00491332522975 -0.00687552504327 0.0102008962046
449 -0.00491332522975 -0.00687552504327 0.0102008962046
450 -0.00491332522975 -0.00687552504327 0.0102008962046
451 -0.00187315958221 -0.00687552504327 0.0102008962046
452 -0.00187315958221 -0.00687552504327 0.0102008962046
453 -0.00187315958221 -0.00687552504327 0.0102008962046
454 -0.00187315958221 -0.00687552504327 0.0102008962046
455 -0.00187315958221 -0.00687552504327 0.0102008962046
456 -0.00187315958221 -0.00687552504327 0.0102008962046
457 -0.00187315958221 -0.00687552504327 0.0102008962046
458 -0.00187315958221 -0.00687552504327 0.0102008962046
459 -0.00187315958221 -0.00687552504327 0.0102008962046
460 -0.00187315958221 -0.00687552504327 0.0102008962046
461 -0.00187315958221 -0.00687552504327 0.0102008962046
462 -0.00187315958221 -0.00687552504327 0.0102008962046
463 -0.00187315958221 -0.00687552504327 0.0102008962046
464 -0.00187315958221 -0.00687552504327 0.0102008962046
465 -0.00187315958221 -0.00687552504327 0.0102008962046
466 -0.00187315958221 -0.00687552504327 0.0102008962046
467 -0.00187315958221 -0.00687552504327 0.0102008962046
468 -0.00187315958221 -0.00687552504327 0.0102008962046
469 -0.00187315958221 -0.00687552504327 0.0102008962046
470 -0.00187315958221 -0.00687552504327 0.0102008962046
471 -0.00187315958221 -0.00687552504327 0.0102008962046
472 -0.00187315958221 -0.00687552504327 0.0102008962046
473 -0.00187315958221 -0.00687552504327 0.0102008962046
474 -0.00187315958221 -0.00687552504327 0.0102008962046
475 -0.00187315958221 -0.00687552504327 0.0102008962046
476 -0.00187315958221 -0.00687552504327 0.0102008962046
477 -0.00187315958221 -0.00687552504327 0.0102008962046
478 -0.00187315958221 -0.00687552504327 0.0102008962046
479 -0.00187315958221 -0.00687552504327 0.0102008962046
480 -0.00187315958221 -0.00687552504327 0.0102008962046
481 -0.00187315958221 -0.00687552504327 0.0102008962046
482 -0.00187315958221 -0.00687552504327 0.0102008962046
483 -0.00187315958221 -0.00687552504327 0.0102008962046
484 -0.00187315958221 -0.00687552504327 0.0102008962046
485 -0.00187315958221 -0.00687552504327 0.0102008962046
486 -0.00187315958221 -0.00687552504327 0.0102008962046
487 -0.00187315958221 -0.00687552504327 0.0102008962046
488 -0.00187315958221 -0.00687552504327 0.0102008962046
489 -0.00187315958221 -0.00687552504327 0.0102008962046
490 -0.00187315958221 -0.00687552504327 0.0102008962046
491 -0.00187315958221 -0.00687552504327 0.0102008962046
492 -0.00187315958221 -0.00687552504327 0.0102008962046
493 -0.00187315958221 -0.00687552504327 0.0102008962046
494 -0.00187315958221 -0.00687552504327 0.0102008962046
495 -0.00187315958221 -0.00687552504327 0.0102008962046
496 -0.00187315958221 -0.00687552504327 0.0102008962046
497 -0.00187315958221 -0.00687552504327 0.0102008962046
498 -0.00187315958221 -0.00687552504327 0.0102008962046
499 -0.00187315958221 -0.00687552504327 0.0102008962046
500 -0.00187315958221 -0.00687552504327 0.0102008962046
501 -0.00236427406123 0.0026740990651 -0.0114902928747
502 -0.00236427406123 0.0026740990651 -0.0114902928747
503 -0.00236427406123 0.0026740990651 -0.0114902928747
504 -0.00236427406123 0.0026740990651 -0.0114902928747
505 -0.00236427406123 0.0026740990651 -0.0114902928747
506 -0.00236427406123 0.0026740990651 -0.0114902928747
507 -0.00236427406123 0.0026740990651 -0.0114902928747
508 -0.00236427406123 0.0026740990651 -0.0114902928747
509 -0.00236427406123 0.0026740990651 -0.0114902928747
510 -0.00236427406123 0.0026740990651 -0.0114902928747
511 -0.00236427406123 0.0026740990651 -0.0114902928747
512 -0.00236427406123 0.0026740990651 -0.0114902928747
513 -0.00236427406123 0.0026740990651 -0.0114902928747
514 -0.00236427406123 0.0026740990651 -0.0114902928747
515 -0.00236427406123 0.0026740990651 -0.0114902928747
516 -0.00236427406123 0.0026740990651 -0.0114902928747
517 -0.00236427406123 0.0026740990651 -0.0114902928747
518 -0.00236427406123 0.0026740990651 -0.0114902928747
519 -0.00236427406123 0.0026740990651 -0.0114902928747
520 -0.00236427406123 0.0026740990651 -0.0114902928747
521 -0.00236427406123 0.0026740990651 -0.0114902928747
522 -0.00236427406123 0.0026740990651 -0.0114902928747
523 -0.00236427406123 0.0026740990651 -0.0114902928747
524 -0.00236427406123 0.0026740990651 -0.0114902928747
525 -0.00236427406123 0.0026740990651 -0.0114902928747
526 -0.00236427406123 0.0026740990651 -0.0114902928747
527 -0.00236427406123 0.0026740990651 -0.0114902928747
528 -0.00236427406123 0.0026740990651 -0.0114902928747
529 -0.00236427406123 0.0026740990651 -0.0114902928747
530 -0.00236427406123 0.0026740990651 -0.0114902928747
531 -0.00236427406123 0.0026740990651 -0.0114902928747
532 -0.00236427406123 0.0026740990651 -0.0114902928747
533 -0.00236427406123 0.0026740990651 -0.0114902928747
534 -0.00236427406123 0.0026740990651 -0.0114902928747
535 -0.00236427406123 0.0026740990651 -0.0114902928747
536 -0.00236427406123 0.0026740990651 -0.0114902928747
537 -0.00236427406123 0.0026740990651 -0.0114902928747
538 -0.00236427406123 0.0026740990651 -0.0114902928747
539 -0.00236427406123 0.0026740990651 -0.0114902928747
540 -0.00236427406123 0.0026740990651 -0.0114902928747
541 -0.00236427406123 0.0026740990651 -0.0114902928747
542 -0.00236427406123 0.0026740990651 -0.0114902928747
543 -0.00236427406123 0.0026740990651 -0.0114902928747
544 -0.00236427406123 0.0026740990651 -0.0114902928747
545 -0.00236427406123 0.0026740990651 -0.0114902928747
546 -0.00236427406123 0.0026740990651 -0.0114902928747
547 -0.00236427406123 0.0026740990651 -0.0114902928747
548 -0.00236427406123 0.0026740990651 -0.0114902928747
549 -0.00236427406123 0.0026740990651 -0.0114902928747
550 -0.00236427406123 0.0026740990651 -0.0114902928747
551 -0.00560799671854 0.0026740990651 -0.0114902928747
552 -0.00560799671854 0.0026740990651 -0.0114902928747
553 -0.00560799671854 0.0026740990651 -0.0114902928747
554 -0.00560799671854 0.0026740990651 -0.0114902928747
555 -0.00560799671854 0.0026740990651 -0.0114902928747
556 -0.00560799671854 0.0026740990651 -0.0114902928747
557 -0.00560799671854 0.0026740990651 -0.0114902928747
558 -0.00560799671854 0.0026740990651 -0.0114902928747
559 -0.00560799671854 0.0026740990651 -0.0114902928747
560 -0.00560799671854 0.0026740990651 -0.0114902928747
561 -0.00560799671854 0.0026740990651 -0.0114902928747
562 -0.00560799671854 0.0026740990651 -0.0114902928747
563 -0.00560799671854 0.0026740990651 -0.0114902928747
564 -0.00560799671854 0.0026740990651 -0.0114902928747
565 -0.00560799671854 0.0026740990651 -0.0114902928747
566 -0.00560799671854 0.0026740990651 -0.0114902928747
567 -0.00560799671854 0.0026740990651 -0.0114902928747
568 -0.00560799671854 0.0026740990651 -0.0114902928747
569 -0.00560799671854 0.0026740990651 -0.0114902928747
570 -0.00560799671854 0.0026740990651 -0.0114902928747
571 -0.00560799671854 0.0026740990651 -0.0114902928747
572 -0.00560799671854 0.0026740990651 -0.0114902928747
573 -0.00560799671854 0.0026740990651 -0.0114902928747
574 -0.00560799671854 0.0026740990651 -0.0114902928747
575 -0.00560799671854 0.0026740990651 -0.0114902928747
576 -0.00560799671854 0.0026740990651 -0.0114902928747
577 -0.00560799671854 0.0026740990651 -0.0114902928747
578 -0.00560799671854 0.0026740990651 -0.0114902928747
579 -0.00560799671854 0.0026740990651 -0.0114902928747
580 -0.00560799671854 0.0026740990651 -0.0114902928747
581 -0.00560799671854 0.0026740990651 -0.0114902928747
582 -0.00560799671854 0.0026740990651 -0.0114902928747
583 -0.00560799671854 0.0026740990651 -0.0114902928747
584 -0.00560799671854 0.0026740990651 -0.0114902928747
585 -0.00560799671854 0.0026740990651 -0.0114902928747
586 -0.00560799671854 0.0026740990651 -0.0114902928747
587 -0.00560799671854 0.0026740990651 -0.0114902928747
588 -0.00560799671854 0.0026740990651 -0.0114902928747
589 -0.00560799671854 0.0026740990651 -0.0114902928747
590 -0.00560799671854 0.0026740990651 -0.0114902928747
591 -0.00560799671854 0.0026740990651 -0.0114902928747
592 -0.00560799671854 0.0026740990651 -0.0114902928747
593 -0.00560799671854 0.0026740990651 -0.0114902928747
594 -0.00560799671854 0.0026740990651 -0.0114902928747
595 -0.00560799671854 0.0026740990651 -0.0114902928747
596 -0.00560799671854 0.0026740990651 -0.0114902928747
597 -0.00560799671854 0.0026740990651 -0.0114902928747
598 -0.00560799671854 0.0026740990651 -0.0114902928747
599 -0.00560799671854 0.0026740990651 -0.0114902928747
600 -0.00560799671854 0.0026740990651 -0.0114902928747
601 0.00281197013601 0.0077762474789 -0.050922568408
602 0.00281197013601 0.0077762474789 -0.050922568408
603 0.00281197013601 0.0077762474789 -0.050922568408
604 0.00281197013601 0.0077762474789 -0.050922568408
605 0.00281197013601 0.0077762474789 -0.050922568408
606 0.00281197013601 0.0077762474789 -0.050922568408
607 0.00281197013601 0.0077762474789 -0.050922568408
608 0.00281197013601 0.0077762474789 -0.050922568408
609 0.00281197013601 0.0077762474789 -0.050922568408
610 0.00281197013601 0.0077762474789 -0.050922568408
611 0.00281197013601 0.0077762474789 -0.050922568408
612 0.00281197013601 0.0077762474789 -0.050922568408
613 0.00281197013601 0.0077762474789 -0.050922568408
614 0.00281197013601 0.0077762474789 -0.050922568408
615 0.00281197013601 0.0077762474789 -0.050922568408
616 0.00281197013601 0.0077762474789 -0.050922568408
617 0.00281197013601 0.0077762474789 -0.050922568408
618 0.00281197013601 0.0077762474789 -0.050922568408
619 0.00281197013601 0.0077762474789 -0.050922568408
620 0.00281197013601 0.0077762474789 -0.050922568408
621 0.00281197013601 0.0077762474789 -0.050922568408
622 0.00281197013601 0.0077762474789 -0.050922568408
623 0.00281197013601 0.0077762474789 -0.050922568408
624 0.00281197013601 0.0077762474789 -0.050922568408
625 0.00281197013601 0.0077762474789 -0.050922568408
626 0.00281197013601 0.0077762474789 -0.050922568408
627 0.00281197013601 0.0077762474789 -0.050922568408
628 0.00281197013601 0.0077762474789 -0.050922568408
629 0.00281197013601 0.0077762474789 -0.050922568408
630 0.00281197013601 0.0077762474789 -0.050922568408
631 0.00281197013601 0.0077762474789 -0.050922568408
632 0.00281197013601 0.0077762474789 -0.050922568408
633 0.00281197013601 0.0077762474789 -0.050922568408
634 0.00281197013601 0.0077762474789 -0.050922568408
635 0.00281197013601 0.0077762474789 -0.050922568408
636 0.00281197013601 0.0077762474789 -0.050922568408
637 0.00281197013601 0.0077762474789 -0.050922568408
638 0.00281197013601 0.0077762474789 -0.050922568408
639 0.00281197013601 0.0077762474789 -0.050922568408
640 0.00281197013601 0.0077762474789 -0.050922568408
641 0.00281197013601 0.0077762474789 -0.050922568408
642 0.00281197013601 0.0077762474789 -0.050922568408
643 0.00281197013601 0.0077762474789 -0.050922568408
644 0.00281197013601 0.0077762474789 -0.050922568408
645 0.00281197013601 0.0077762474789 -0.050922568408
646 0.00281197013601 0.0077762474789 -0.050922568408
647 0.00281197013601 0.0077762474789 -0.050922568408
648 0.00281197013601 0.0077762474789 -0.050922568408
649 0.00281197013601 0.0077762474789 -0.050922568408
650 0.00281197013601 0.0077762474789 -0.050922568408
651 0.0204081632653 0.0077762474789 -0.050922568408
652 0.0204081632653 0.0077762474789 -0.050922568408
653 0.0204081632653 0.0077762474789 -0.050922568408
654 0.0204081632653 0.0077762474789 -0.050922568408
655 0.0204081632653 0.0077762474789 -0.050922568408
656 0.0204081632653 0.0077762474789 -0.050922568408
657 0.0204081632653 0.0077762474789 -0.050922568408
658 0.0204081632653 0.0077762474789 -0.050922568408
659 0.0204081632653 0.0077762474789 -0.050922568408
660 0.0204081632653 0.0077762474789 -0.050922568408
661 0.0204081632653 0.0077762474789 -0.050922568408
662 0.0204081632653 0.0077762474789 -0.050922568408
663 0.0204081632653 0.0077762474789 -0.050922568408
664 0.0204081632653 0.0077762474789 -0.050922568408
665 0.0204081632653 0.0077762474789 -0.050922568408
666 0.0204081632653 0.0077762474789 -0.050922568408
667 0.0204081632653 0.0077762474789 -0.050922568408
668 0.0204081632653 0.0077762474789 -0.050922568408
669 0.0204081632653 0.0077762474789 -0.050922568408
670 0.0204081632653 0.0077762474789 -0.050922568408
671 0.0204081632653 0.0077762474789 -0.050922568408
672 0.0204081632653 0.0077762474789 -0.050922568408
673 0.0204081632653 0.0077762474789 -0.050922568408
674 0.0204081632653 0.0077762474789 -0.050922568408
675 0.0204081632653 0.0077762474789 -0.050922568408
676 0.0204081632653 0.0077762474789 -0.050922568408
677 0.0204081632653 0.0077762474789 -0.050922568408
678 0.0204081632653 0.0077762474789 -0.050922568408
679 0.0204081632653 0.0077762474789 -0.050922568408
680 0.0204081632653 0.0077762474789 -0.050922568408
681 0.0204081632653 0.0077762474789 -0.050922568408
682 0.0204081632653 0.0077762474789 -0.050922568408
683 0.0204081632653 0.0077762474789 -0.050922568408
684 0.0204081632653 0.0077762474789 -0.050922568408
685 0.0204081632653 0.0077762474789 -0.050922568408
686 0.0204081632653 0.0077762474789 -0.050922568408
687 0.0204081632653 0.0077762474789 -0.050922568408
688 0.0204081632653 0.0077762474789 -0.050922568408
689 0.0204081632653 0.0077762474789 -0.050922568408
690 0.0204081632653 0.0077762474789 -0.050922568408
691 0.0204081632653 0.0077762474789 -0.050922568408
692 0.0204081632653 0.0077762474789 -0.050922568408
693 0.0204081632653 0.0077762474789 -0.050922568408
694 0.0204081632653 0.0077762474789 -0.050922568408
695 0.0204081632653 0.0077762474789 -0.050922568408
696 0.0204081632653 0.0077762474789 -0.050922568408
697 0.0204081632653 0.0077762474789 -0.050922568408
698 0.0204081632653 0.0077762474789 -0.050922568408
699 0.0204081632653 0.0077762474789 -0.050922568408
700 0.0204081632653 0.0077762474789 -0.050922568408
701 0.00455004771093 0.0114821424299 -0.0039321059279
702 0.00455004771093 0.0114821424299 -0.0039321059279
703 0.00455004771093 0.0114821424299 -0.0039321059279
704 0.00455004771093 0.0114821424299 -0.0039321059279
705 0.00455004771093 0.0114821424299 -0.0039321059279
706 0.00455004771093 0.0114821424299 -0.0039321059279
707 0.00455004771093 0.0114821424299 -0.0039321059279
708 0.00455004771093 0.0114821424299 -0.0039321059279
709 0.00455004771093 0.0114821424299 -0.0039321059279
710 0.00455004771093 0.0114821424299 -0.0039321059279
711 0.00455004771093 0.0114821424299 -0.0039321059279
712 0.00455004771093 0.0114821424299 -0.0039321059279
713 0.00455004771093 0.0114821424299 -0.0039321059279
714 0.00455004771093 0.0114821424299 -0.0039321059279
715 0.00455004771093 0.0114821424299 -0.0039321059279
716 0.00455004771093 0.0114821424299 -0.0039321059279
717 0.00455004771093 0.0114821424299 -0.0039321059279
718 0.00455004771093 0.0114821424299 -0.0039321059279
719 0.00455004771093 0.0114821424299 -0.0039321059279
720 0.00455004771093 0.0114821424299 -0.0039321059279
721 0.00455004771093 0.0114821424299 -0.0039321059279
722 0.00455004771093 0.0114821424299 -0.0039321059279
723 0.00455004771093 0.0114821424299 -0.0039321059279
724 0.00455004771093 0.0114821424299 -0.0039321059279
725 0.00455004771093 0.0114821424299 -0.0039321059279
726 0.00455004771093 0.0114821424299 -0.0039321059279
727 0.00455004771093 0.0114821424299 -0.0039321059279
728 0.00455004771093 0.0114821424299 -0.0039321059279
729 0.00455004771093 0.0114821424299 -0.0039321059279
730 0.00455004771093 0.0114821424299 -0.0039321059279
731 0.00455004771093 0.0114821424299 -0.0039321059279
732 0.00455004771093 0.0114821424299 -0.0039321059279
733 0.00455004771093 0.0114821424299 -0.0039321059279
734 0.00455004771093 0.0114821424299 -0.0039321059279
735 0.00455004771093 0.0114821424299 -0.0039321059279
736 0.00455004771093 0.0114821424299 -0.0039321059279
737 0.00455004771093 0.0114821424299 -0.0039321059279
738 0.00455004771093 0.0114821424299 -0.0039321059279
739 0.00455004771093 0.0114821424299 -0.0039321059279
740 0.00455004771093 0.0114821424299 -0.0039321059279
741 0.00455004771093 0.0114821424299 -0.0039321059279
742 0.00455004771093 0.0114821424299 -0.0039321059279
743 0.00455004771093 0.0114821424299 -0.0039321059279
744 0.00455004771093 0.0114821424299 -0.0039321059279
745 0.00455004771093 0.0114821424299 -0.0039321059279
746 0.00455004771093 0.0114821424299 -0.0039321059279
747 0.00455004771093 0.0114821424299 -0.0039321059279
748 0.00455004771093 0.0114821424299 -0.0039321059279
749 0.00455004771093 0.0114821424299 -0.0039321059279
750 0.00455004771093 0.0114821424299 -0.0039321059279
751 0.000724283442175 0.0114821424299 -0.0039321059279
752 0.000724283442175 0.0114821424299 -0.0039321059279
753 0.000724283442175 0.0114821424299 -0.0039321059279
754 0.000724283442175 0.0114821424299 -0.0039321059279
755 0.000724283442175 0.0114821424299 -0.0039321059279
756 0.000724283442175 0.0114821424299 -0.0039321059279
757 0.000724283442175 0.0114821424299 -0.0039321059279
758 0.000724283442175 0.0114821424299 -0.0039321059279
759 0.000724283442175 0.0114821424299 -0.0039321059279
760 0.000724283442175 0.0114821424299 -0.0039321059279
761 0.000724283442175 0.0114821424299 -0.0039321059279
762 0.000724283442175 0.0114821424299 -0.0039321059279
763 0.000724283442175 0.0114821424299 -0.0039321059279
764 0.000724283442175 0.0114821424299 -0.0039321059279
765 0.000724283442175 0.0114821424299 -0.0039321059279
766 0.000724283442175 0.0114821424299 -0.0039321059279
767 0.000724283442175 0.0114821424299 -0.0039321059279
768 0.000724283442175 0.0114821424299 -0.0039321059279
769 0.000724283442175 0.0114821424299 -0.0039321059279
770 0.000724283442175 0.0114821424299 -0.0039321059279
771 0.000724283442175 0.0114821424299 -0.0039321059279
772 0.000724283442175 0.0114821424299 -0.0039321059279
773 0.000724283442175 0.0114821424299 -0.0039321059279
774 0.000724283442175 0.0114821424299 -0.0039321059279
775 0.000724283442175 0.0114821424299 -0.0039321059279
776 0.000724283442175 0.0114821424299 -0.0039321059279
777 0.000724283442175 0.0114821424299 -0.0039321059279
778 0.000724283442175 0.0114821424299 -0.0039321059279
779 0.000724283442175 0.0114821424299 -0.0039321059279
780 0.000724283442175 0.0114821424299 -0.0039321059279
781 0.000724283442175 0.0114821424299 -0.0039321059279
782 0.000724283442175 0.0114821424299 -0.0039321059279
783 0.000724283442175 0.0114821424299 -0.0039321059279
784 0.000724283442175 0.0114821424299 -0.0039321059279
785 0.000724283442175 0.0114821424299 -0.0039321059279
786 0.000724283442175 0.0114821424299 -0.0039321059279
787 0.000724283442175 0.0114821424299 -0.0039321059279
788 0.000724283442175 0.0114821424299 -0.0039321059279
789 0.000724283442175 0.0114821424299 -0.0039321059279
790 0.000724283442175 0.0114821424299 -0.0039321059279
791 0.000724283442175 0.0114821424299 -0.0039321059279
792 0.000724283442175 0.0114821424299 -0.0039321059279
793 0.000724283442175 0.0114821424299 -0.0039321059279
794 0.000724283442175 0.0114821424299 -0.0039321059279
795 0.000724283442175 0.0114821424299 -0.0039321059279
796 0.000724283442175 0.0114821424299 -0.0039321059279
797 0.000724283442175 0.0114821424299 -0.0039321059279
798 0.000724283442175 0.0114821424299 -0.0039321059279
799 0.000724283442175 0.0114821424299 -0.0039321059279
800 0.000724283442175 0.0114821424299 -0.0039321059279
801 -0.00456407469607 0.0330909276539 0.0371124555065
802 -0.00456407469607 0.0330909276539 0.0371124555065
803 -0.00456407469607 0.0330909276539 0.0371124555065
804 -0.00456407469607 0.0330909276539 0.0371124555065
805 -0.00456407469607 0.0330909276539 0.0371124555065
806 -0.00456407469607 0.0330909276539 0.0371124555065
807 -0.00456407469607 0.0330909276539 0.0371124555065
808 -0.00456407469607 0.0330909276539 0.0371124555065
809 -0.00456407469607 0.0330909276539 0.0371124555065
810 -0.00456407469607 0.0330909276539 0.0371124555065
811 -0.00456407469607 0.0330909276539 0.0371124555065
812 -0.00456407469607 0.0330909276539 0.0371124555065
813 -0.00456407469607 0.0330909276539 0.0371124555065
814 -0.00456407469607 0.0330909276539 0.0371124555065
815 -0.00456407469607 0.0330909276539 0.0371124555065
816 -0.00456407469607 0.0330909276539 0.0371124555065
817 -0.00456407469607 0.0330909276539 0.0371124555065
818 -0.00456407469607 0.0330909276539 0.0371124555065
819 -0.00456407469607 0.0330909276539 0.0371124555065
820 -0.00456407469607 0.0330909276539 0.0371124555065
821 -0.00456407469607 0.0330909276539 0.0371124555065
822 -0.00456407469607 0.0330909276539 0.0371124555065
823 -0.00456407469607 0.0330909276539 0.0371124555065
824 -0.00456407469607 0.0330909276539 0.0371124555065
825 -0.00456407469607 0.0330909276539 0.0371124555065
826 -0.00456407469607 0.0330909276539 0.0371124555065
827 -0.00456407469607 0.0330909276539 0.0371124555065
828 -0.00456407469607 0.0330909276539 0.0371124555065
829 -0.00456407469607 0.0330909276539 0.0371124555065
830 -0.00456407469607 0.0330909276539 0.0371124555065
831 -0.00456407469607 0.0330909276539 0.0371124555065
832 -0.00456407469607 0.0330909276539 0.0371124555065
833 -0.00456407469607 0.0330909276539 0.0371124555065
834 -0.00456407469607 0.0330909276539 0.0371124555065
835 -0.00456407469607 0.0330909276539 0.0371124555065
836 -0.00456407469607 0.0330909276539 0.0371124555065
837 -0.00456407469607 0.0330909276539 0.0371124555065
838 -0.00456407469607 0.0330909276539 0.0371124555065
839 -0.00456407469607 0.0330909276539 0.0371124555065
840 -0.00456407469607 0.0330909276539 0.0371124555065
841 -0.00456407469607 0.0330909276539 0.0371124555065
842 -0.00456407469607 0.0330909276539 0.0371124555065
843 -0.00456407469607 0.0330909276539 0.0371124555065
844 -0.00456407469607 0.0330909276539 0.0371124555065
845 -0.00456407469607 0.0330909276539 0.0371124555065
846 -0.00456407469607 0.0330909276539 0.0371124555065
847 -0.00456407469607 0.0330909276539 0.0371124555065
848 -0.00456407469607 0.0330909276539 0.0371124555065
849 -0.00456407469607 0.0330909276539 0.0371124555065
850 -0.00456407469607 0.0330909276539 0.0371124555065
851 -0.0017676204035 0.0330909276539 0.0371124555065
852 -0.0017676204035 0.0330909276539 0.0371124555065
853 -0.0017676204035 0.0330909276539 0.0371124555065
854 -0.0017676204035 0.0330909276539 0.0371124555065
855 -0.0017676204035 0.0330909276539 0.0371124555065
856 -0.0017676204035 0.0330909276539 0.0371124555065
857 -0.0017676204035 0.0330909276539 0.0371124555065
858 -0.0017676204035 0.0330909276539 0.0371124555065
859 -0.0017676204035 0.0330909276539 0.0371124555065
860 -0.0017676204035 0.0330909276539 0.0371124555065
861 -0.0017676204035 0.0330909276539 0.0371124555065
862 -0.0017676204035 0.0330909276539 0.0371124555065
863 -0.0017676204035 0.0330909276539 0.0371124555065
864 -0.0017676204035 0.0330909276539 0.0371124555065
865 -0.0017676204035 0.0330909276539 0.0371124555065
866 -0.0017676204035 0.0330909276539 0.0371124555065
867 -0.0017676204035 0.0330909276539 0.0371124555065
868 -0.0017676204035 0.0330909276539 0.0371124555065
869 -0.0017676204035 0.0330909276539 0.0371124555065
870 -0.0017676204035 0.0330909276539 0.0371124555065
871 -0.0017676204035 0.0330909276539 0.0371124555065
872 -0.0017676204035 0.0330909276539 0.0371124555065
873 -0.0017676204035 0.0330909276539 0.0371124555065
874 -0.0017676204035 0.0330909276539 0.0371124555065
875 -0.0017676204035 0.0330909276539 0.0371124555065
876 -0.0017676204035 0.0330909276539 0.0371124555065
877 -0.0017676204035 0.0330909276539 0.0371124555065
878 -0.0017676204035 0.0330909276539 0.0371124555065
879 -0.0017676204035 0.0330909276539 0.0371124555065
880 -0.0017676204035 0.0330909276539 0.0371124555065
881 -0.0017676204035 0.0330909276539 0.0371124555065
882 -0.0017676204035 0.0330909276539 0.0371124555065
883 -0.0017676204035 0.0330909276539 0.0371124555065
884 -0.0017676204035 0.0330909276539 0.0371124555065
885 -0.0017676204035 0.0330909276539 0.0371124555065
886 -0.0017676204035 0.0330909276539 0.0371124555065
887 -0.0017676204035 0.0330909276539 0.0371124555065
888 -0.0017676204035 0.0330909276539 0.0371124555065
889 -0.0017676204035 0.0330909276539 0.0371124555065
890 -0.0017676204035 0.0330909276539 0.0371124555065
891 -0.0017676204035 0.0330909276539 0.0371124555065
892 -0.0017676204035 0.0330909276539 0.0371124555065
893 -0.0017676204035 0.0330909276539 0.0371124555065
894 -0.0017676204035 0.0330909276539 0.0371124555065
895 -0.0017676204035 0.0330909276539 0.0371124555065
896 -0.0017676204035 0.0330909276539 0.0371124555065
897 -0.0017676204035 0.0330909276539 0.0371124555065
898 -0.0017676204035 0.0330909276539 0.0371124555065
899 -0.0017676204035 0.0330909276539 0.0371124555065
900 -0.0017676204035 0.0330909276539 0.0371124555065
901 -0.00635984396317 -0.00127328667597 0.00717191980194
902 -0.00635984396317 -0.00127328667597 0.00717191980194
903 -0.00635984396317 -0.00127328667597 0.00717191980194
904 -0.00635984396317 -0.00127328667597 0.00717191980194
905 -0.00635984396317 -0.00127328667597 0.00717191980194
906 -0.00635984396317 -0.00127328667597 0.00717191980194
907 -0.00635984396317 -0.00127328667597 0.00717191980194
908 -0.00635984396317 -0.00127328667597 0.00717191980194
909 -0.00635984396317 -0.00127328667597 0.00717191980194
910 -0.00635984396317 -0.00127328667597 0.00717191980194
911 -0.00635984396317 -0.00127328667597 0.00717191980194
912 -0.00635984396317 -0.00127328667597 0.00717191980194
913 -0.00635984396317 -0.00127328667597 0.00717191980194
914 -0.00635984396317 -0.00127328667597 0.00717191980194
915 -0.00635984396317 -0.00127328667597 0.00717191980194
916 -0.00635984396317 -0.00127328667597 0.00717191980194
917 -0.00635984396317 -0.00127328667597 0.00717191980194
918 -0.00635984396317 -0.00127328667597 0.00717191980194
919 -0.00635984396317 -0.00127328667597 0.00717191980194
920 -0.00635984396317 -0.00127328667597 0.00717191980194
921 -0.00635984396317 -0.00127328667597 0.00717191980194
922 -0.00635984396317 -0.00127328667597 0.00717191980194
923 -0.00635984396317 -0.00127328667597 0.00717191980194
924 -0.00635984396317 -0.00127328667597 0.00717191980194
925 -0.00635984396317 -0.00127328667597 0.00717191980194
926 -0.00635984396317 -0.00127328667597 0.00717191980194
927 -0.00635984396317 -0.00127328667597 0.00717191980194
928 -0.00635984396317 -0.00127328667597 0.00717191980194
929 -0.00635984396317 -0.00127328667597 0.00717191980194
930 -0.00635984396317 -0.00127328667597 0.00717191980194
931 -0.00635984396317 -0.00127328667597 0.00717191980194
932 -0.00635984396317 -0.00127328667597 0.00717191980194
933 -0.00635984396317 -0.00127328667597 0.00717191980194
934 -0.00635984396317 -0.00127328667597 0.00717191980194
935 -0.00635984396317 -0.00127328667597 0.00717191980194
936 -0.00635984396317 -0.00127328667597 0.00717191980194
937 -0.00635984396317 -0.00127328667597 0.00717191980194
938 -0.00635984396317 -0.00127328667597 0.00717191980194
939 -0.00635984396317 -0.00127328667597 0.00717191980194
940 -0.00635984396317 -0.00127328667597 0.00717191980194
941 -0.00635984396317 -0.00127328667597 0.00717191980194
942 -0.00635984396317 -0.00127328667597 0.00717191980194
943 -0.00635984396317 -0.00127328667597 0.00717191980194
944 -0.00635984396317 -0.00127328667597 0.00717191980194
945 -0.00635984396317 -0.00127328667597 0.00717191980194
946 -0.00635984396317 -0.00127328667597 0.00717191980194
947 -0.00635984396317 -0.00127328667597 0.00717191980194
948 -0.00635984396317 -0.00127328667597 0.00717191980194
949 -0.00635984396317 -0.00127328667597 0.00717191980194
950 -0.00635984396317 -0.00127328667597 0.00717191980194
951 -0.00635984396317 -0.00127328667597 0.00717191980194
952 -0.00635984396317 -0.00127328667597 0.00717191980194
953 -0.00635984396317 -0.00127328667597 0.00717191980194
954 -0.00635984396317 -0.00127328667597 0.00717191980194
955 -0.00635984396317 -0.00127328667597 0.00717191980194
956 -0.00635984396317 -0.00127328667597 0.00717191980194
957 -0.00635984396317 -0.00127328667597 0.00717191980194
958 -0.00635984396317 -0.00127328667597 0.00717191980194
959 -0.00635984396317 -0.00127328667597 0.00717191980194
960 -0.00635984396317 -0.00127328667597 0.00717191980194
961 -0.00635984396317 -0.00127328667597 0.00717191980194
962 -0.00635984396317 -0.00127328667597 0.00717191980194
963 -0.00635984396317 -0.00127328667597 0.00717191980194
964 -0.00635984396317 -0.00127328667597 0.00717191980194
965 -0.00635984396317 -0.00127328667597 0.00717191980194
966 -0.00635984396317 -0.00127328667597 0.00717191980194
967 -0.00635984396317 -0.00127328667597 0.00717191980194
968 -0.00635984396317 -0.00127328667597 0.00717191980194
969 -0.00635984396317 -0.00127328667597 0.00717191980194
970 -0.00635984396317 -0.00127328667597 0.00717191980194
971 -0.00626930419024 -0.00127328667597 0.00717191980194
972 -0.00626930419024 -0.00127328667597 0.00717191980194
973 -0.00626930419024 -0.00127328667597 0.00717191980194
974 -0.00626930419024 -0.00127328667597 0.00717191980194
975 -0.00626930419024 -0.00127328667597 0.00717191980194
976 -0.00626930419024 -0.00127328667597 0.00717191980194
977 -0.00626930419024 -0.00127328667597 0.00717191980194
978 -0.00626930419024 -0.00127328667597 0.00717191980194
979 -0.00626930419024 -0.00127328667597 0.00717191980194
980 -0.00626930419024 -0.00127328667597 0.00717191980194
981 -0.00626930419024 -0.00127328667597 0.00717191980194
982 -0.00626930419024 -0.00127328667597 0.00717191980194
983 -0.00626930419024 -0.00127328667597 0.00717191980194
984 -0.00626930419024 -0.00127328667597 0.00717191980194
985 -0.00626930419024 -0.00127328667597 0.00717191980194
986 -0.00626930419024 -0.00127328667597 0.00717191980194
987 -0.00626930419024 -0.00127328667597 0.00717191980194
988 -0.00626930419024 -0.00127328667597 0.00717191980194
989 -0.00626930419024 -0.00127328667597 0.00717191980194
990 -0.00626930419024 -0.00127328667597 0.00717191980194
991 -0.00626930419024 -0.00127328667597 0.00717191980194
992 -0.00626930419024 -0.00127328667597 0.00717191980194
993 -0.00626930419024 -0.00127328667597 0.00717191980194
994 -0.00626930419024 -0.00127328667597 0.00717191980194
995 -0.00626930419024 -0.00127328667597 0.00717191980194
996 -0.00626930419024 -0.00127328667597 0.00717191980194
997 -0.00626930419024 -0.00127328667597 0.00717191980194
998 -0.00626930419024 -0.00127328667597 0.00717191980194
999 -0.00626930419024 -0.00127328667597 0.00717191980194
1000 -0.00626930419024 -0.00127328667597 0.00717191980194
1001 -0.00626930419024 0.0 0.0
1002 -0.00626930419024 0.0 0.0
1003 -0.00626930419024 0.0 0.0
1004 -0.00626930419024 0.0 0.0
1005 -0.00626930419024 0.0 0.0
1006 -0.00626930419024 0.0 0.0
1007 -0.00626930419024 0.0 0.0
1008 -0.00626930419024 0.0 0.0
1009 -0.00626930419024 0.0 0.0
1010 -0.00626930419024 0.0 0.0
1011 -0.00626930419024 0.0 0.0
1012 -0.00626930419024 0.0 0.0
1013 -0.00626930419024 0.0 0.0
1014 -0.00626930419024 0.0 0.0
1015 -0.00626930419024 0.0 0.0
1016 -0.00626930419024 0.0 0.0
1017 -0.00626930419024 0.0 0.0
1018 -0.00626930419024 0.0 0.0
1019 -0.00626930419024 0.0 0.0
1020 -0.00626930419024 0.0 0.0
1021 -0.00626930419024 0.0 0.0
1022 -0.00626930419024 0.0 0.0
1023 -0.00626930419024 0.0 0.0
1024 -0.00626930419024 0.0 0.0
1025 -0.00626930419024 0.0 0.0
1026 -0.00626930419024 0.0 0.0
1027 -0.00626930419024 0.0 0.0
1028 -0.00626930419024 0.0 0.0
1029 -0.00626930419024 0.0 0.0
1030 -0.00626930419024 0.0 0.0
1031 0.00481425426788 0.0 0.0
1032 0.00481425426788 0.0 0.0
1033 0.00481425426788 0.0 0.0
1034 0.00481425426788 0.0 0.0
1035 0.00481425426788 0.0 0.0
1036 0.00481425426788 0.0 0.0
1037 0.00481425426788 0.0 0.0
1038 0.00481425426788 0.0 0.0
1039 0.00481425426788 0.0 0.0
1040 0.00481425426788 0.0 0.0
1041 0.00481425426788 0.0 0.0
1042 0.00481425426788 0.0 0.0
1043 0.00481425426788 0.0 0.0
1044 0.00481425426788 0.0 0.0
1045 0.00481425426788 0.0 0.0
1046 0.00481425426788 0.0 0.0
1047 0.00481425426788 0.0 0.0
1048 0.00481425426788 0.0 0.0
1049 0.00481425426788 0.0 0.0
1050 0.00481425426788 0.0 0.0
1051 0.00481425426788 0.0 0.0
1052 0.00481425426788 0.0 0.0
1053 0.00481425426788 0.0 0.0
1054 0.00481425426788 0.0 0.0
1055 0.00481425426788 0.0 0.0
1056 0.00481425426788 0.0 0.0
1057 0.00481425426788 0.0 0.0
1058 0.00481425426788 0.0 0.0
1059 0.00481425426788 0.0 0.0
1060 0.00481425426788 0.0 0.0
1061 0.00481425426788 0.0 0.0
1062 0.00481425426788 0.0 0.0
1063 0.00481425426788 0.0 0.0
1064 0.00481425426788 0.0 0.0
1065 0.00481425426788 0.0 0.0
1066 0.00481425426788 0.0 0.0
1067 0.00481425426788 0.0 0.0
1068 0.00481425426788 0.0 0.0
1069 0.00481425426788 0.0 0.0
1070 0.00481425426788 0.0 0.0
1071 0.00481425426788 0.0 0.0
1072 0.00481425426788 0.0 0.0
1073 0.00481425426788 0.0 0.0
1074 0.00481425426788 0.0 0.0
1075 0.00481425426788 0.0 0.0
1076 0.00481425426788 0.0 0.0
1077 0.00481425426788 0.0 0.0
1078 0.00481425426788 0.0 0.0
1079 0.00481425426788 0.0 0.0
1080 0.00481425426788 0.0 0.0
1081 0.00481425426788 0.0 0.0
1082 0.00481425426788 0.0 0.0
1083 0.00481425426788 0.0 0.0
1084 0.00481425426788 0.0 0.0
1085 0.00481425426788 0.0 0.0
1086 0.00481425426788 0.0 0.0
1087 0.00481425426788 0.0 0.0
1088 0.00481425426788 0.0 0.0
1089 0.00481425426788 0.0 0.0
1090 0.00481425426788 0.0 0.0
1091 -0.000447774618598 0.0 0.0
1092 -0.000447774618598 0.0 0.0
1093 -0.000447774618598 0.0 0.0
1094 -0.000447774618598 0.0 0.0
1095 -0.000447774618598 0.0 0.0
1096 -0.000447774618598 0.0 0.0
1097 -0.000447774618598 0.0 0.0
1098 -0.000447774618598 0.0 0.0
1099 -0.000447774618598 0.0 0.0
1100 -0.000447774618598 0.0 0.0
1101 -0.000447774618598 0.0 0.0
1102 -0.000447774618598 0.0 0.0
1103 -0.000447774618598 0.0 0.0
1104 -0.000447774618598 0.0 0.0
1105 -0.000447774618598 0.0 0.0
1106 -0.000447774618598 0.0 0.0
1107 -0.000447774618598 0.0 0.0
1108 -0.000447774618598 0.0 0.0
1109 -0.000447774618598 0.0 0.0
1110 -0.000447774618598 0.0 0.0
1111 -0.000447774618598 0.0 0.0
1112 -0.000447774618598 0.0 0.0
1113 -0.000447774618598 0.0 0.0
1114 -0.000447774618598 0.0 0.0
1115 -0.000447774618598 0.0 0.0
1116 -0.000447774618598 0.0 0.0
1117 -0.000447774618598 0.0 0.0
1118 -0.000447774618598 0.0 0.0
1119 -0.000447774618598 0.0 0.0
1120 -0.000447774618598 0.0 0.0
1121 -0.000447774618598 0.0 0.0
1122 -0.000447774618598 0.0 0.0
1123 -0.000447774618598 0.0 0.0
1124 -0.000447774618598 0.0 0.0
1125 -0.000447774618598 0.0 0.0
1126 -0.000447774618598 0.0 0.0
1127 -0.000447774618598 0.0 0.0
1128 -0.000447774618598 0.0 0.0
1129 -0.000447774618598 0.0 0.0
1130 -0.000447774618598 0.0 0.0
1131 -0.000447774618598 0.0 0.0
1132 -0.000447774618598 0.0 0.0
1133 -0.000447774618598 0.0 0.0
1134 -0.000447774618598 0.0 0.0
1135 -0.000447774618598 0.0 0.0
1136 -0.000447774618598 0.0 0.0
1137 -0.000447774618598 0.0 0.0
1138 -0.000447774618598 0.0 0.0
1139 -0.000447774618598 0.0 0.0
1140 -0.000447774618598 0.0 0.0
1141 -0.000447774618598 0.0 0.0
1142 -0.000447774618598 0.0 0.0
1143 -0.000447774618598 0.0 0.0
1144 -0.000447774618598 0.0 0.0
1145 -0.000447774618598 0.0 0.0
1146 -0.000447774618598 0.0 0.0
1147 -0.000447774618598 0.0 0.0
1148 -0.000447774618598 0.0 0.0
1149 -0.000447774618598 0.0 0.0
1150 -0.000447774618598 0.0 0.0
1151 -0.00963340308703 0.0 0.0
1152 -0.00963340308703 0.0 0.0
1153 -0.00963340308703 0.0 0.0
1154 -0.00963340308703 0.0 0.0
1155 -0.00963340308703 0.0 0.0
1156 -0.00963340308703 0.0 0.0
1157 -0.00963340308703 0.0 0.0
1158 -0.00963340308703 0.0 0.0
1159 -0.00963340308703 0.0 0.0
1160 -0.00963340308703 0.0 0.0
1161 -0.00963340308703 0.0 0.0
1162 -0.00963340308703 0.0 0.0
1163 -0.00963340308703 0.0 0.0
1164 -0.00963340308703 0.0 0.0
1165 -0.00963340308703 0.0 0.0
1166 -0.00963340308703 0.0 0.0
1167 -0.00963340308703 0.0 0.0
1168 -0.00963340308703 0.0 0.0
1169 -0.00963340308703 0.0 0.0
1170 -0.00963340308703 0.0 0.0
1171 -0.00963340308703 0.0 0.0
1172 -0.00963340308703 0.0 0.0
1173 -0.00963340308703 0.0 0.0
1174 -0.00963340308703 0.0 0.0
1175 -0.00963340308703 0.0 0.0
1176 -0.00963340308703 0.0 0.0
1177 -0.00963340308703 0.0 0.0
1178 -0.00963340308703 0.0 0.0
1179 -0.00963340308703 0.0 0.0
1180 -0.00963340308703 0.0 0.0
1181 -0.00963340308703 0.0 0.0
1182 -0.00963340308703 0.0 0.0
1183 -0.00963340308703 0.0 0.0
1184 -0.00963340308703 0.0 0.0
1185 -0.00963340308703 0.0 0.0
1186 -0.00963340308703 0.0 0.0
1187 -0.00963340308703 0.0 0.0
1188 -0.00963340308703 0.0 0.0
1189 -0.00963340308703 0.0 0.0
1190 -0.00963340308703 0.0 0.0
1191 -0.00963340308703 0.0 0.0
1192 -0.00963340308703 0.0 0.0
1193 -0.00963340308703 0.0 0.0
1194 -0.00963340308703 0.0 0.0
1195 -0.00963340308703 0.0 0.0
1196 -0.00963340308703 0.0 0.0
1197 -0.00963340308703 0.0 0.0
1198 -0.00963340308703 0.0 0.0
1199 -0.00963340308703 0.0 0.0
1200 -0.00963340308703 0.0 0.0
1201 -0.00963340308703 0.0 0.0
1202 -0.00963340308703 0.0 0.0
1203 -0.00963340308703 0.0 0.0
1204 -0.00963340308703 0.0 0.0
1205 -0.00963340308703 0.0 0.0
1206 -0.00963340308703 0.0 0.0
1207 -0.00963340308703 0.0 0.0
1208 -0.00963340308703 0.0 0.0
1209 -0.00963340308703 0.0 0.0
1210 -0.00963340308703 0.0 0.0
1211 -0.00357909813685 0.0 0.0
1212 -0.00357909813685 0.0 0.0
1213 -0.00357909813685 0.0 0.0
1214 -0.00357909813685 0.0 0.0
1215 -0.00357909813685 0.0 0.0
1216 -0.00357909813685 0.0 0.0
1217 -0.00357909813685 0.0 0.0
1218 -0.00357909813685 0.0 0.0
1219 -0.00357909813685 0.0 0.0
1220 -0.00357909813685 0.0 0.0
1221 -0.00357909813685 0.0 0.0
1222 -0.00357909813685 0.0 0.0
1223 -0.00357909813685 0.0 0.0
1224 -0.00357909813685 0.0 0.0
1225 -0.00357909813685 0.0 0.0
1226 -0.00357909813685 0.0 0.0
1227 -0.00357909813685 0.0 0.0
1228 -0.00357909813685 0.0 0.0
1229 -0.00357909813685 0.0 0.0
1230 -0.00357909813685 0.0 0.0
1231 -0.00357909813685 0.0 0.0
1232 -0.00357909813685 0.0 0.0
1233 -0.00357909813685 0.0 0.0
1234 -0.00357909813685 0.0 0.0
1235 -0.00357909813685 0.0 0.0
1236 -0.00357909813685 0.0 0.0
1237 -0.00357909813685 0.0 0.0
1238 -0.00357909813685 0.0 0.0
1239 -0.00357909813685 0.0 0.0
1240 -0.00357909813685 0.0 0.0
1241 -0.00357909813685 0.0 0.0
1242 -0.00357909813685 0.0 0.0
1243 -0.00357909813685 0.0 0.0
1244 -0.00357909813685 0.0 0.0
1245 -0.00357909813685 0.0 0.0
1246 -0.00357909813685 0.0 0.0
1247 -0.00357909813685 0.0 0.0
1248 -0.00357909813685 0.0 0.0
1249 -0.00357909813685 0.0 0.0
1250 -0.00357909813685 0.0 0.0
1251 -0.00357909813685 0.0 0.0
1252 -0.00357909813685 0.0 0.0
1253 -0.00357909813685 0.0 0.0
1254 -0.00357909813685 0.0 0.0
1255 -0.00357909813685 0.0 0.0
1256 -0.00357909813685 0.0 0.0
1257 -0.00357909813685 0.0 0.0
1258 -0.00357909813685 0.0 0.0
1259 -0.00357909813685 0.0 0.0
1260 -0.00357909813685 0.0 0.0
1261 -0.00357909813685 0.0 0.0
1262 -0.00357909813685 0.0 0.0
1263 -0.00357909813685 0.0 0.0
1264 -0.00357909813685 0.0 0.0
1265 -0.00357909813685 0.0 0.0
1266 -0.00357909813685 0.0 0.0
1267 -0.00357909813685 0.0 0.0
1268 -0.00357909813685 0.0 0.0
1269 -0.00357909813685 0.0 0.0
1270 -0.00357909813685 0.0 0.0
1271 0.0061854202097 0.0 0.0
1272 0.0061854202097 0.0 0.0
1273 0.0061854202097 0.0 0.0
1274 0.0061854202097 0.0 0.0
1275 0.0061854202097 0.0 0.0
1276 0.0061854202097 0.0 0.0
1277 0.0061854202097 0.0 0.0
1278 0.0061854202097 0.0 0.0
1279 0.0061854202097 0.0 0.0
1280 0.0061854202097 0.0 0.0
1281 0.0061854202097 0.0 0.0
1282 0.0061854202097 0.0 0.0
1283 0.0061854202097 0.0 0.0
1284 0.0061854202097 0.0 0.0
1285 0.0061854202097 0.0 0.0
1286 0.0061854202097 0.0 0.0
1287 0.0061854202097 0.0 0.0
1288 0.0061854202097 0.0 0.0
1289 0.0061854202097 0.0 0.0
1290 0.0061854202097 0.0 0.0
1291 0.0061854202097 0.0 0.0
1292 0.0061854202097 0.0 0.0
1293 0.0061854202097 0.0 0.0
1294 0.0061854202097 0.0 0.0
1295 0.0061854202097 0.0 0.0
1296 0.0061854202097 0.0 0.0
1297 0.0061854202097 0.0 0.0
1298 0.0061854202097 0.0 0.0
1299 0.0061854202097 0.0 0.0
1300 0.0061854202097 0.0 0.0
1301 0.0061854202097 0.0 0.0
1302 0.0061854202097 0.0 0.0
1303 0.0061854202097 0.0 0.0
1304 0.0061854202097 0.0 0.0
1305 0.0061854202097 0.0 0.0
1306 0.0061854202097 0.0 0.0
1307 0.0061854202097 0.0 0.0
1308 0.0061854202097 0.0 0.0
1309 0.0061854202097 0.0 0.0
1310 0.0061854202097 0.0 0.0
1311 0.0061854202097 0.0 0.0
1312 0.0061854202097 0.0 0.0
1313 0.0061854202097 0.0 0.0
1314 0.0061854202097 0.0 0.0
1315 0.0061854202097 0.0 0.0
1316 0.0061854202097 0.0 0.0
1317 0.0061854202097 0.0 0.0
1318 0.0061854202097 0.0 0.0
1319 0.0061854202097 0.0 0.0
1320 0.0061854202097 0.0 0.0
1321 0.0061854202097 0.0 0.0
1322 0.0061854202097 0.0 0.0
1323 0.0061854202097 0.0 0.0
1324 0.0061854202097 0.0 0.0
1325 0.0061854202097 0.0 0.0
1326 0.0061854202097 0.0 0.0
1327 0.0061854202097 0.0 0.0
1328 0.0061854202097 0.0 0.0
1329 0.0061854202097 0.0 0.0
1330 0.0061854202097 0.0 0.0
1331 -0.00783269038425 0.0 0.0
1332 -0.00783269038425 0.0 0.0
1333 -0.00783269038425 0.0 0.0
1334 -0.00783269038425 0.0 0.0
1335 -0.00783269038425 0.0 0.0
1336 -0.00783269038425 0.0 0.0
1337 -0.00783269038425 0.0 0.0
1338 -0.00783269038425 0.0 0.0
1339 -0.00783269038425 0.0 0.0
1340 -0.00783269038425 0.0 0.0
1341 -0.00783269038425 0.0 0.0
1342 -0.00783269038425 0.0 0.0
1343 -0.00783269038425 0.0 0.0
1344 -0.00783269038425 0.0 0.0
1345 -0.00783269038425 0.0 0.0
1346 -0.00783269038425 0.0 0.0
1347 -0.00783269038425 0.0 0.0
1348 -0.00783269038425 0.0 0.0
1349 -0.00783269038425 0.0 0.0
1350 -0.00783269038425 0.0 0.0
1351 -0.00783269038425 0.0 0.0
1352 -0.00783269038425 0.0 0.0
1353 -0.00783269038425 0.0 0.0
1354 -0.00783269038425 0.0 0.0
1355 -0.00783269038425 0.0 0.0
1356 -0.00783269038425 0.0 0.0
1357 -0.00783269038425 0.0 0.0
1358 -0.00783269038425 0.0 0.0
1359 -0.00783269038425 0.0 0.0
1360 -0.00783269038425 0.0 0.0
1361 -0.00783269038425 0.0 0.0
1362 -0.00783269038425 0.0 0.0
1363 -0.00783269038425 0.0 0.0
1364 -0.00783269038425 0.0 0.0
1365 -0.00783269038425 0.0 0.0
1366 -0.00783269038425 0.0 0.0
1367 -0.00783269038425 0.0 0.0
1368 -0.00783269038425 0.0 0.0
1369 -0.00783269038425 0.0 0.0
1370 -0.00783269038425 0.0 0.0
1371 -0.00783269038425 0.0 0.0
1372 -0.00783269038425 0.0 0.0
1373 -0.00783269038425 0.0 0.0
1374 -0.00783269038425 0.0 0.0
1375 -0.00783269038425 0.0 0.0
1376 -0.00783269038425 0.0 0.0
1377 -0.00783269038425 0.0 0.0
1378 -0.00783269038425 0.0 0.0
1379 -0.00783269038425 0.0 0.0
1380 -0.00783269038425 0.0 0.0
1381 -0.00783269038425 0.0 0.0
1382 -0.00783269038425 0.0 0.0
1383 -0.00783269038425 0.0 0.0
1384 -0.00783269038425 0.0 0.0
1385 -0.00783269038425 0.0 0.0
1386 -0.00783269038425 0.0 0.0
1387 -0.00783269038425 0.0 0.0
1388 -0.00783269038425 0.0 0.0
1389 -0.00783269038425 0.0 0.0
1390 -0.00783269038425 0.0 0.0
1391 0.00361623594096 0.0 0.0
1392 0.00361623594096 0.0 0.0
1393 0.00361623594096 0.0 0.0
1394 0.00361623594096 0.0 0.0
1395 0.00361623594096 0.0 0.0
1396 0.00361623594096 0.0 0.0
1397 0.00361623594096 0.0 0.0
1398 0.00361623594096 0.0 0.0
1399 0.00361623594096 0.0 0.0
1400 0.00361623594096 0.0 0.0
1401 0.00361623594096 0.0 0.0
1402 0.00361623594096 0.0 0.0
1403 0.00361623594096 0.0 0.0
1404 0.00361623594096 0.0 0.0
1405 0.00361623594096 0.0 0.0
1406 0.00361623594096 0.0 0.0
1407 0.00361623594096 0.0 0.0
1408 0.00361623594096 0.0 0.0
1409 0.00361623594096 0.0 0.0
1410 0.00361623594096 0.0 0.0
1411 0.00361623594096 0.0 0.0
1412 0.00361623594096 0.0 0.0
1413 0.00361623594096 0.0 0.0
1414 0.00361623594096 0.0 0.0
1415 0.00361623594096 0.0 0.0
1416 0.00361623594096 0.0 0.0
1417 0.00361623594096 0.0 0.0
1418 0.00361623594096 0.0 0.0
1419 0.00361623594096 0.0 0.0
1420 0.00361623594096 0.0 0.0
1421 0.00361623594096 0.0 0.0
1422 0.00361623594096 0.0 0.0
1423 0.00361623594096 0.0 0.0
1424 0.00361623594096 0.0 0.0
1425 0.00361623594096 0.0 0.0
1426 0.00361623594096 0.0 0.0
1427 0.00361623594096 0.0 0.0
1428 0.00361623594096 0.0 0.0
1429 0.00361623594096 0.0 0.0
1430 0.00361623594096 0.0 0.0
1431 0.00361623594096 0.0 0.0
1432 0.00361623594096 0.0 0.0
1433 0.00361623594096 0.0 0.0
1434 0.00361623594096 0.0 0.0
1435 0.00361623594096 0.0 0.0
1436 0.00361623594096 0.0 0.0
1437 0.00361623594096 0.0 0.0
1438 0.00361623594096 0.0 0.0
1439 0.00361623594096 0.0 0.0
1440 0.00361623594096 0.0 0.0
1441 0.00361623594096 0.0 0.0
1442 0.00361623594096 0.0 0.0
1443 0.00361623594096 0.0 0.0
1444 0.00361623594096 0.0 0.0
1445 0.00361623594096 0.0 0.0
1446 0.00361623594096 0.0 0.0
1447 0.00361623594096 0.0 0.0
1448 0.00361623594096 0.0 0.0
1449 0.00361623594096 0.0 0.0
1450 0.00361623594096 0.0 0.0
1451 -0.00179688603491 0.0 0.0
1452 -0.00179688603491 0.0 0.0
1453 -0.00179688603491 0.0 0.0
1454 -0.00179688603491 0.0 0.0
1455 -0.00179688603491 0.0 0.0
1456 -0.00179688603491 0.0 0.0
1457 -0.00179688603491 0.0 0.0
1458 -0.00179688603491 0.0 0.0
1459 -0.00179688603491 0.0 0.0
1460 -0.00179688603491 0.0 0.0
1461 -0.00179688603491 0.0 0.0
1462 -0.00179688603491 0.0 0.0
1463 -0.00179688603491 0.0 0.0
1464 -0.00179688603491 0.0 0.0
1465 -0.00179688603491 0.0 0.0
1466 -0.00179688603491 0.0 0.0
1467 -0.00179688603491 0.0 0.0
1468 -0.00179688603491 0.0 0.0
1469 -0.00179688603491 0.0 0.0
1470 -0.00179688603491 0.0 0.0
1471 -0.00179688603491 0.0 0.0
1472 -0.00179688603491 0.0 0.0
1473 -0.00179688603491 0.0 0.0
1474 -0.00179688603491 0.0 0.0
1475 -0.00179688603491 0.0 0.0
1476 -0.00179688603491 0.0 0.0
1477 -0.00179688603491 0.0 0.0
1478 -0.00179688603491 0.0 0.0
1479 -0.00179688603491 0.0 0.0
1480 -0.00179688603491 0.0 0.0
1481 -0.00179688603491 0.0 0.0
1482 -0.00179688603491 0.0 0.0
1483 -0.00179688603491 0.0 0.0
1484 -0.00179688603491 0.0 0.0
1485 -0.00179688603491 0.0 0.0
1486 -0.00179688603491 0.0 0.0
1487 -0.00179688603491 0.0 0.0
1488 -0.00179688603491 0.0 0.0
1489 -0.00179688603491 0.0 0.0
1490 -0.00179688603491 0.0 0.0
1491 -0.00179688603491 0.0 0.0
1492 -0.00179688603491 0.0 0.0
1493 -0.00179688603491 0.0 0.0
1494 -0.00179688603491 0.0 0.0
1495 -0.00179688603491 0.0 0.0
1496 -0.00179688603491 0.0 0.0
1497 -0.00179688603491 0.0 0.0
1498 -0.00179688603491 0.0 0.0
1499 -0.00179688603491 0.0 0.0
1500 -0.00179688603491 0.0 0.0
1501 -0.00179688603491 0.0 0.0
1502 -0.00179688603491 0.0 0.0
1503 -0.00179688603491 0.0 0.0
1504 -0.00179688603491 0.0 0.0
1505 -0.00179688603491 0.0 0.0
1506 -0.00179688603491 0.0 0.0
1507 -0.00179688603491 0.0 0.0
1508 -0.00179688603491 0.0 0.0
1509 -0.00179688603491 0.0 0.0
1510 -0.00179688603491 0.0 0.0
1511 0.00690652031241 0.0 0.0
1512 0.00690652031241 0.0 0.0
1513 0.00690652031241 0.0 0.0
1514 0.00690652031241 0.0 0.0
1515 0.00690652031241 0.0 0.0
1516 0.00690652031241 0.0 0.0
1517 0.00690652031241 0.0 0.0
1518 0.00690652031241 0.0 0.0
1519 0.00690652031241 0.0 0.0
1520 0.00690652031241 0.0 0.0
1521 0.00690652031241 0.0 0.0
1522 0.00690652031241 0.0 0.0
1523 0.00690652031241 0.0 0.0
1524 0.00690652031241 0.0 0.0
1525 0.00690652031241 0.0 0.0
1526 0.00690652031241 0.0 0.0
1527 0.00690652031241 0.0 0.0
1528 0.00690652031241 0.0 0.0
1529 0.00690652031241 0.0 0.0
1530 0.00690652031241 0.0 0.0
1531 0.00690652031241 0.0 0.0
1532 0.00690652031241 0.0 0.0
1533 0.00690652031241 0.0 0.0
1534 0.00690652031241 0.0 0.0
1535 0.00690652031241 0.0 0.0
1536 0.00690652031241 0.0 0.0
1537 0.00690652031241 0.0 0.0
1538 0.00690652031241 0.0 0.0
1539 0.00690652031241 0.0 0.0
1540 0.00690652031241 0.0 0.0
1541 0.00690652031241 0.0 0.0
1542 0.00690652031241 0.0 0.0
1543 0.00690652031241 0.0 0.0
1544 0.00690652031241 0.0 0.0
1545 0.00690652031241 0.0 0.0
1546 0.00690652031241 0.0 0.0
1547 0.00690652031241 0.0 0.0
1548 0.00690652031241 0.0 0.0
1549 0.00690652031241 0.0 0.0
1550 0.00690652031241 0.0 0.0
1551 0.00690652031241 0.0 0.0
1552 0.00690652031241 0.0 0.0
1553 0.00690652031241 0.0 0.0
1554 0.00690652031241 0.0 0.0
1555 0.00690652031241 0.0 0.0
1556 0.00690652031241 0.0 0.0
1557 0.00690652031241 0.0 0.0
1558 0.00690652031241 0.0 0.0
1559 0.00690652031241 0.0 0.0
1560 0.00690652031241 0.0 0.0
1561 0.00690652031241 0.0 0.0
1562 0.00690652031241 0.0 0.0
1563 0.00690652031241 0.0 0.0
1564 0.00690652031241 0.0 0.0
1565 0.00690652031241 0.0 0.0
1566 0.00690652031241 0.0 0.0
1567 0.00690652031241 0.0 0.0
1568 0.00690652031241 0.0 0.0
1569 0.00690652031241 0.0 0.0
1570 0.00690652031241 0.0 0.0
1571 0.00245303389331 0.0 0.0
1572 0.00245303389331 0.0 0.0
1573 0.00245303389331 0.0 0.0
1574 0.00245303389331 0.0 0.0
1575 0.00245303389331 0.0 0.0
1576 0.00245303389331 0.0 0.0
1577 0.00245303389331 0.0 0.0
1578 0.00245303389331 0.0 0.0
1579 0.00245303389331 0.0 0.0
1580 0.00245303389331 0.0 0.0
1581 0.00245303389331 0.0 0.0
1582 0.00245303389331 0.0 0.0
1583 0.00245303389331 0.0 0.0
1584 0.00245303389331 0.0 0.0
1585 0.00245303389331 0.0 0.0
1586 0.00245303389331 0.0 0.0
1587 0.00245303389331 0.0 0.0
1588 0.00245303389331 0.0 0.0
1589 0.00245303389331 0.0 0.0
1590 0.00245303389331 0.0 0.0
1591 0.00245303389331 0.0 0.0
1592 0.00245303389331 0.0 0.0
1593 0.00245303389331 0.0 0.0
1594 0.00245303389331 0.0 0.0
1595 0.00245303389331 0.0 0.0
1596 0.00245303389331 0.0 0.0
1597 0.00245303389331 0.0 0.0
1598 0.00245303389331 0.0 0.0
1599 0.00245303389331 0.0 0.0
1600 0.00245303389331 0.0 0.0
1601 0.00245303389331 0.0 0.0
1602 0.00245303389331 0.0 0.0
1603 0.00245303389331 0.0 0.0
1604 0.00245303389331 0.0 0.0
1605 0.00245303389331 0.0 0.0
1606 0.00245303389331 0.0 0.0
1607 0.00245303389331 0.0 0.0
1608 0.00245303389331 0.0 0.0
1609 0.00245303389331 0.0 0.0
1610 0.00245303389331 0.0 0.0
1611 0.00245303389331 0.0 0.0
1612 0.00245303389331 0.0 0.0
1613 0.00245303389331 0.0 0.0
1614 0.00245303389331 0.0 0.0
1615 0.00245303389331 0.0 0.0
1616 0.00245303389331 0.0 0.0
1617 0.00245303389331 0.0 0.0
1618 0.00245303389331 0.0 0.0
1619 0.00245303389331 0.0 0.0
1620 0.00245303389331 0.0 0.0
1621 0.00245303389331 0.0 0.0
1622 0.00245303389331 0.0 0.0
1623 0.00245303389331 0.0 0.0
1624 0.00245303389331 0.0 0.0
1625 0.00245303389331 0.0 0.0
1626 0.00245303389331 0.0 0.0
1627 0.00245303389331 0.0 0.0
1628 0.00245303389331 0.0 0.0
1629 0.00245303389331 0.0 0.0
1630 0.00245303389331 0.0 0.0
1631 0.00245303389331 0.0 0.0
1632 0.00245303389331 0.0 0.0
1633 0.00245303389331 0.0 0.0
1634 0.00245303389331 0.0 0.0
1635 0.00245303389331 0.0 0.0
1636 0.00245303389331 0.0 0.0
1637 0.00245303389331 0.0 0.0
1638 0.00245303389331 0.0 0.0
1639 0.00245303389331 0.0 0.0
1640 0.00245303389331 0.0 0.0
1641 0.00245303389331 0.0 0.0
1642 0.00245303389331 0.0 0.0
1643 0.00245303389331 0.0 0.0
1644 0.00245303389331 0.0 0.0
1645 0.00245303389331 0.0 0.0
1646 0.00245303389331 0.0 0.0
1647 0.00245303389331 0.0 0.0
1648 0.00245303389331 0.0 0.0
1649 0.00245303389331 0.0 0.0
1650 0.00245303389331 0.0 0.0
1651 0.00371217688329 0.0 0.0
1652 0.00371217688329 0.0 0.0
1653 0.00371217688329 0.0 0.0
1654 0.00371217688329 0.0 0.0
1655 0.00371217688329 0.0 0.0
1656 0.00371217688329 0.0 0.0
1657 0.00371217688329 0.0 0.0
1658 0.00371217688329 0.0 0.0
1659 0.00371217688329 0.0 0.0
1660 0.00371217688329 0.0 0.0
1661 0.00371217688329 0.0 0.0
1662 0.00371217688329 0.0 0.0
1663 0.00371217688329 0.0 0.0
1664 0.00371217688329 0.0 0.0
1665 0.00371217688329 0.0 0.0
1666 0.00371217688329 0.0 0.0
1667 0.00371217688329 0.0 0.0
1668 0.00371217688329 0.0 0.0
1669 0.00371217688329 0.0 0.0
1670 0.00371217688329 0.0 0.0
1671 0.00371217688329 0.0 0.0
1672 0.00371217688329 0.0 0.0
1673 0.00371217688329 0.0 0.0
1674 0.00371217688329 0.0 0.0
1675 0.00371217688329 0.0 0.0
1676 0.00371217688329 0.0 0.0
1677 0.00371217688329 0.0 0.0
1678 0.00371217688329 0.0 0.0
1679 0.00371217688329 0.0 0.0
1680 0.00371217688329 0.0 0.0
1681 0.00371217688329 0.0 0.0
1682 0.00371217688329 0.0 0.0
1683 0.00371217688329 0.0 0.0
1684 0.00371217688329 0.0 0.0
1685 0.00371217688329 0.0 0.0
1686 0.00371217688329 0.0 0.0
1687 0.00371217688329 0.0 0.0
1688 0.00371217688329 0.0 0.0
1689 0.00371217688329 0.0 0.0
1690 0.00371217688329 0.0 0.0
1691 0.00371217688329 0.0 0.0
1692 0.00371217688329 0.0 0.0
1693 0.00371217688329 0.0 0.0
1694 0.00371217688329 0.0 0.0
1695 0.00371217688329 0.0 0.0
1696 0.00371217688329 0.0 0.0
1697 0.00371217688329 0.0 0.0
1698 0.00371217688329 0.0 0.0
1699 0.00371217688329 0.0 0.0
1700 0.00371217688329 0.0 0.0
1701 0.00371217688329 0.0 0.0
1702 0.00371217688329 0.0 0.0
1703 0.00371217688329 0.0 0.0
1704 0.00371217688329 0.0 0.0
1705 0.00371217688329 0.0 0.0
1706 0.00371217688329 0.0 0.0
1707 0.00371217688329 0.0 0.0
1708 0.00371217688329 0.0 0.0
1709 0.00371217688329 0.0 0.0
1710 0.00371217688329 0.0 0.0
1711 0.00371217688329 0.0 0.0
1712 0.00371217688329 0.0 0.0
1713 0.00371217688329 0.0 0.0
1714 0.00371217688329 0.0 0.0
1715 0.00371217688329 0.0 0.0
1716 0.00371217688329 0.0 0.0
1717 0.00371217688329 0.0 0.0
1718 0.00371217688329 0.0 0.0
1719 0.00371217688329 0.0 0.0
1720 0.00371217688329 0.0 0.0
1721 0.00371217688329 0.0 0.0
1722 0.00371217688329 0.0 0.0
1723 0.00371217688329 0.0 0.0
1724 0.00371217688329 0.0 0.0
1725 0.00371217688329 0.0 0.0
1726 0.00371217688329 0.0 0.0
1727 0.00371217688329 0.0 0.0
1728 0.00371217688329 0.0 0.0
1729 0.00371217688329 0.0 0.0
1730 0.00371217688329 0.0 0.0
1731 0.00371217688329 0.0 0.0
1732 0.00371217688329 0.0 0.0
1733 0.00371217688329 0.0 0.0
1734 0.00371217688329 0.0 0.0
1735 0.00371217688329 0.0 0.0
1736 0.00371217688329 0.0 0.0
1737 0.00371217688329 0.0 0.0
1738 0.00371217688329 0.0 0.0
1739 0.00371217688329 0.0 0.0
1740 0.00371217688329 0.0 0.0
1741 0.00371217688329 0.0 0.0
1742 0.00371217688329 0.0 0.0
1743 0.00371217688329 0.0 0.0
1744 0.00371217688329 0.0 0.0
1745 0.00371217688329 0.0 0.0
1746 0.00371217688329 0.0 0.0
1747 0.00371217688329 0.0 0.0
1748 0.00371217688329 0.0 0.0
1749 0.00371217688329 0.0 0.0
1750 0.00371217688329 0.0 0.0
1751 0.00354408951783 0.0 0.0
1752 0.00354408951783 0.0 0.0
1753 0.00354408951783 0.0 0.0
1754 0.00354408951783 0.0 0.0
1755 0.00354408951783 0.0 0.0
1756 0.00354408951783 0.0 0.0
1757 0.00354408951783 0.0 0.0
1758 0.00354408951783 0.0 0.0
1759 0.00354408951783 0.0 0.0
1760 0.00354408951783 0.0 0.0
1761 0.00354408951783 0.0 0.0
1762 0.00354408951783 0.0 0.0
1763 0.00354408951783 0.0 0.0
1764 0.00354408951783 0.0 0.0
1765 0.00354408951783 0.0 0.0
1766 0.00354408951783 0.0 0.0
1767 0.00354408951783 0.0 0.0
1768 0.00354408951783 0.0 0.0
1769 0.00354408951783 0.0 0.0
1770 0.00354408951783 0.0 0.0
1771 0.00354408951783 0.0 0.0
1772 0.00354408951783 0.0 0.0
1773 0.00354408951783 0.0 0.0
1774 0.00354408951783 0.0 0.0
1775 0.00354408951783 0.0 0.0
1776 0.00354408951783 0.0 0.0
1777 0.00354408951783 0.0 0.0
1778 0.00354408951783 0.0 0.0
1779 0.00354408951783 0.0 0.0
1780 0.00354408951783 0.0 0.0
1781 0.00354408951783 0.0 0.0
1782 0.00354408951783 0.0 0.0
1783 0.00354408951783 0.0 0.0
1784 0.00354408951783 0.0 0.0
1785 0.00354408951783 0.0 0.0
1786 0.00354408951783 0.0 0.0
1787 0.00354408951783 0.0 0.0
1788 0.00354408951783 0.0 0.0
1789 0.00354408951783 0.0 0.0
1790 0.00354408951783 0.0 0.0
1791 0.00354408951783 0.0 0.0
1792 0.00354408951783 0.0 0.0
1793 0.00354408951783 0.0 0.0
1794 0.00354408951783 0.0 0.0
1795 0.00354408951783 0.0 0.0
1796 0.00354408951783 0.0 0.0
1797 0.00354408951783 0.0 0.0
1798 0.00354408951783 0.0 0.0
1799 0.00354408951783 0.0 0.0
1800 0.00354408951783 0.0 0.0
1801 0.00354408951783 0.0 0.0
1802 0.00354408951783 0.0 0.0
1803 0.00354408951783 0.0 0.0
1804 0.00354408951783 0.0 0.0
1805 0.00354408951783 0.0 0.0
1806 0.00354408951783 0.0 0.0
1807 0.00354408951783 0.0 0.0
1808 0.00354408951783 0.0 0.0
1809 0.00354408951783 0.0 0.0
1810 0.00354408951783 0.0 0.0
1811 0.00354408951783 0.0 0.0
1812 0.00354408951783 0.0 0.0
1813 0.00354408951783 0.0 0.0
1814 0.00354408951783 0.0 0.0
1815 0.00354408951783 0.0 0.0
1816 0.00354408951783 0.0 0.0
1817 0.00354408951783 0.0 0.0
1818 0.00354408951783 0.0 0.0
1819 0.00354408951783 0.0 0.0
1820 0.00354408951783 0.0 0.0
1821 0.00354408951783 0.0 0.0
1822 0.00354408951783 0.0 0.0
1823 0.00354408951783 0.0 0.0
1824 0.00354408951783 0.0 0.0
1825 0.00354408951783 0.0 0.0
1826 0.00354408951783 0.0 0.0
1827 0.00354408951783 0.0 0.0
1828 0.00354408951783 0.0 0.0
1829 0.00354408951783 0.0 0.0
1830 0.00354408951783 0.0 0.0
1831 0.00354408951783 0.0 0.0
1832 0.00354408951783 0.0 0.0
1833 0.00354408951783 0.0 0.0
1834 0.00354408951783 0.0 0.0
1835 0.00354408951783 0.0 0.0
1836 0.00354408951783 0.0 0.0
1837 0.00354408951783 0.0 0.0
1838 0.00354408951783 0.0 0.0
1839 0.00354408951783 0.0 0.0
1840 0.00354408951783 0.0 0.0
1841 0.00354408951783 0.0 0.0
1842 0.00354408951783 0.0 0.0
1843 0.00354408951783 0.0 0.0
1844 0.00354408951783 0.0 0.0
1845 0.00354408951783 0.0 0.0
1846 0.00354408951783 0.0 0.0
1847 0.00354408951783 0.0 0.0
1848 0.00354408951783 0.0 0.0
1849 0.00354408951783 0.0 0.0
1850 0.00354408951783 0.0 0.0
1851 -0.0059830388756 0.0 0.0
1852 -0.0059830388756 0.0 0.0
1853 -0.0059830388756 0.0 0.0
1854 -0.0059830388756 0.0 0.0
1855 -0.0059830388756 0.0 0.0
1856 -0.0059830388756 0.0 0.0
1857 -0.0059830388756 0.0 0.0
1858 -0.0059830388756 0.0 0.0
1859 -0.0059830388756 0.0 0.0
1860 -0.0059830388756 0.0 0.0
1861 -0.0059830388756 0.0 0.0
1862 -0.0059830388756 0.0 0.0
1863 -0.0059830388756 0.0 0.0
1864 -0.0059830388756 0.0 0.0
1865 -0.0059830388756 0.0 0.0
1866 -0.0059830388756 0.0 0.0
1867 -0.0059830388756 0.0 0.0
1868 -0.0059830388756 0.0 0.0
1869 -0.0059830388756 0.0 0.0
1870 -0.0059830388756 0.0 0.0
1871 -0.0059830388756 0.0 0.0
1872 -0.0059830388756 0.0 0.0
1873 -0.0059830388756 0.0 0.0
1874 -0.0059830388756 0.0 0.0
1875 -0.0059830388756 0.0 0.0
1876 -0.0059830388756 0.0 0.0
1877 -0.0059830388756 0.0 0.0
1878 -0.0059830388756 0.0 0.0
1879 -0.0059830388756 0.0 0.0
1880 -0.0059830388756 0.0 0.0
1881 -0.0059830388756 0.0 0.0
1882 -0.0059830388756 0.0 0.0
1883 -0.0059830388756 0.0 0.0
1884 -0.0059830388756 0.0 0.0
1885 -0.0059830388756 0.0 0.0
1886 -0.0059830388756 0.0 0.0
1887 -0.0059830388756 0.0 0.0
1888 -0.0059830388756 0.0 0.0
1889 -0.0059830388756 0.0 0.0
1890 -0.0059830388756 0.0 0.0
1891 -0.0059830388756 0.0 0.0
1892 -0.0059830388756 0.0 0.0
1893 -0.0059830388756 0.0 0.0
1894 -0.0059830388756 0.0 0.0
1895 -0.0059830388756 0.0 0.0
1896 -0.0059830388756 0.0 0.0
1897 -0.0059830388756 0.0 0.0
1898 -0.0059830388756 0.0 0.0
1899 -0.0059830388756 0.0 0.0
1900 -0.0059830388756 0.0 0.0
1901 -0.0059830388756 0.0 0.0
1902 -0.0059830388756 0.0 0.0
1903 -0.0059830388756 0.0 0.0
1904 -0.0059830388756 0.0 0.0
1905 -0.0059830388756 0.0 0.0
1906 -0.0059830388756 0.0 0.0
1907 -0.0059830388756 0.0 0.0
1908 -0.0059830388756 0.0 0.0
1909 -0.0059830388756 0.0 0.0
1910 -0.0059830388756 0.0 0.0
1911 -0.0059830388756 0.0 0.0
1912 -0.0059830388756 0.0 0.0
1913 -0.0059830388756 0.0 0.0
1914 -0.0059830388756 0.0 0.0
1915 -0.0059830388756 0.0 0.0
1916 -0.0059830388756 0.0 0.0
1917 -0.0059830388756 0.0 0.0
1918 -0.0059830388756 0.0 0.0
1919 -0.0059830388756 0.0 0.0
1920 -0.0059830388756 0.0 0.0
1921 -0.0059830388756 0.0 0.0
1922 -0.0059830388756 0.0 0.0
1923 -0.0059830388756 0.0 0.0
1924 -0.0059830388756 0.0 0.0
1925 -0.0059830388756 0.0 0.0
1926 -0.0059830388756 0.0 0.0
1927 -0.0059830388756 0.0 0.0
1928 -0.0059830388756 0.0 0.0
1929 -0.0059830388756 0.0 0.0
1930 -0.0059830388756 0.0 0.0
1931 -0.0059830388756 0.0 0.0
1932 -0.0059830388756 0.0 0.0
1933 -0.0059830388756 0.0 0.0
1934 -0.0059830388756 0.0 0.0
1935 -0.0059830388756 0.0 0.0
1936 -0.0059830388756 0.0 0.0
1937 -0.0059830388756 0.0 0.0
1938 -0.0059830388756 0.0 0.0
1939 -0.0059830388756 0.0 0.0
1940 -0.0059830388756 0.0 0.0
1941 -0.0059830388756 0.0 0.0
1942 -0.0059830388756 0.0 0.0
1943 -0.0059830388756 0.0 0.0
1944 -0.0059830388756 0.0 0.0
1945 -0.0059830388756 0.0 0.0
1946 -0.0059830388756 0.0 0.0
1947 -0.0059830388756 0.0 0.0
1948 -0.0059830388756 0.0 0.0
1949 -0.0059830388756 0.0 0.0
1950 -0.0059830388756 0.0 0.0
1951 0.00366868055989 0.0 0.0
1952 0.00366868055989 0.0 0.0
1953 0.00366868055989 0.0 0.0
1954 0.00366868055989 0.0 0.0
1955 0.00366868055989 0.0 0.0
1956 0.00366868055989 0.0 0.0
1957 0.00366868055989 0.0 0.0
1958 0.00366868055989 0.0 0.0
1959 0.00366868055989 0.0 0.0
1960 0.00366868055989 0.0 0.0
1961 0.00366868055989 0.0 0.0
1962 0.00366868055989 0.0 0.0
1963 0.00366868055989 0.0 0.0
1964 0.00366868055989 0.0 0.0
1965 0.00366868055989 0.0 0.0
1966 0.00366868055989 0.0 0.0
1967 0.00366868055989 0.0 0.0
1968 0.00366868055989 0.0 0.0
1969 0.00366868055989 0.0 0.0
1970 0.00366868055989 0.0 0.0
1971 0.00366868055989 0.0 0.0
1972 0.00366868055989 0.0 0.0
1973 0.00366868055989 0.0 0.0
1974 0.00366868055989 0.0 0.0
1975 0.00366868055989 0.0 0.0
1976 0.00366868055989 0.0 0.0
1977 0.00366868055989 0.0 0.0
1978 0.00366868055989 0.0 0.0
1979 0.00366868055989 0.0 0.0
1980 0.00366868055989 0.0 0.0
1981 0.00366868055989 0.0 0.0
1982 0.00366868055989 0.0 0.0
1983 0.00366868055989 0.0 0.0
1984 0.00366868055989 0.0 0.0
1985 0.00366868055989 0.0 0.0
1986 0.00366868055989 0.0 0.0
1987 0.00366868055989 0.0 0.0
1988 0.00366868055989 0.0 0.0
1989 0.00366868055989 0.0 0.0
1990 0.00366868055989 0.0 0.0
1991 0.00366868055989 0.0 0.0
1992 0.00366868055989 0.0 0.0
1993 0.00366868055989 0.0 0.0
1994 0.00366868055989 0.0 0.0
1995 0.00366868055989 0.0 0.0
1996 0.00366868055989 0.0 0.0
1997 0.00366868055989 0.0 0.0
1998 0.00366868055989 0.0 0.0
1999 0.00366868055989 0.0 0.0
2000 0.00366868055989 0.0 0.0
2001 0.00366868055989 0.0 0.0
2002 0.00366868055989 0.0 0.0
2003 0.00366868055989 0.0 0.0
2004 0.00366868055989 0.0 0.0
2005 0.00366868055989 0.0 0.0
2006 0.00366868055989 0.0 0.0
2007 0.00366868055989 0.0 0.0
2008 0.00366868055989 0.0 0.0
2009 0.00366868055989 0.0 0.0
2010 0.00366868055989 0.0 0.0
2011 0.00366868055989 0.0 0.0
2012 0.00366868055989 0.0 0.0
2013 0.00366868055989 0.0 0.0
2014 0.00366868055989 0.0 0.0
2015 0.00366868055989 0.0 0.0
2016 0.00366868055989 0.0 0.0
2017 0.00366868055989 0.0 0.0
2018 0.00366868055989 0.0 0.0
2019 0.00366868055989 0.0 0.0
2020 0.00366868055989 0.0 0.0
2021 0.00366868055989 0.0 0.0
2022 0.00366868055989 0.0 0.0
2023 0.00366868055989 0.0 0.0
2024 0.00366868055989 0.0 0.0
2025 0.00366868055989 0.0 0.0
2026 0.00366868055989 0.0 0.0
2027 0.00366868055989 0.0 0.0
2028 0.00366868055989 0.0 0.0
2029 0.00366868055989 0.0 0.0
2030 0.00366868055989 0.0 0.0
2031 0.00366868055989 0.0 0.0
2032 0.00366868055989 0.0 0.0
2033 0.00366868055989 0.0 0.0
2034 0.00366868055989 0.0 0.0
2035 0.00366868055989 0.0 0.0
2036 0.00366868055989 0.0 0.0
2037 0.00366868055989 0.0 0.0
2038 0.00366868055989 0.0 0.0
2039 0.00366868055989 0.0 0.0
2040 0.00366868055989 0.0 0.0
2041 0.00366868055989 0.0 0.0
2042 0.00366868055989 0.0 0.0
2043 0.00366868055989 0.0 0.0
2044 0.00366868055989 0.0 0.0
2045 0.00366868055989 0.0 0.0
2046 0.00366868055989 0.0 0.0
2047 0.00366868055989 0.0 0.0
2048 0.00366868055989 0.0 0.0
2049 0.00366868055989 0.0 0.0
2050 0.00366868055989 0.0 0.0
2051 0.00366868055989 0.0 0.0
2052 0.00366868055989 0.0 0.0
2053 0.00366868055989 0.0 0.0
2054 0.00366868055989 0.0 0.0
2055 0.00366868055989 0.0 0.0
2056 0.00366868055989 0.0 0.0
2057 0.00366868055989 0.0 0.0
2058 0.00366868055989 0.0 0.0
2059 0.00366868055989 0.0 0.0
2060 0.00366868055989 0.0 0.0
2061 0.00366868055989 0.0 0.0
2062 0.00366868055989 0.0 0.0
2063 0.00366868055989 0.0 0.0
2064 0.00366868055989 0.0 0.0
2065 0.00366868055989 0.0 0.0
2066 0.00366868055989 0.0 0.0
2067 0.00366868055989 0.0 0.0
2068 0.00366868055989 0.0 0.0
2069 0.00366868055989 0.0 0.0
2070 0.00366868055989 0.0 0.0
2071 0.00366868055989 0.0 0.0
2072 0.00366868055989 0.0 0.0
2073 0.00366868055989 0.0 0.0
2074 0.00366868055989 0.0 0.0
2075 0.00366868055989 0.0 0.0
2076 0.00366868055989 0.0 0.0
2077 0.00366868055989 0.0 0.0
2078 0.00366868055989 0.0 0.0
2079 0.00366868055989 0.0 0.0
2080 0.00366868055989 0.0 0.0
2081 0.00366868055989 0.0 0.0
2082 0.00366868055989 0.0 0.0
2083 0.00366868055989 0.0 0.0
2084 0.00366868055989 0.0 0.0
2085 0.00366868055989 0.0 0.0
2086 0.00366868055989 0.0 0.0
2087 0.00366868055989 0.0 0.0
2088 0.00366868055989 0.0 0.0
2089 0.00366868055989 0.0 0.0
2090 0.00366868055989 0.0 0.0
2091 0.00366868055989 0.0 0.0
2092 0.00366868055989 0.0 0.0
2093 0.00366868055989 0.0 0.0
2094 0.00366868055989 0.0 0.0
2095 0.00366868055989 0.0 0.0
2096 0.00366868055989 0.0 0.0
2097 0.00366868055989 0.0 0.0
2098 0.00366868055989 0.0 0.0
2099 0.00366868055989 0.0 0.0
2100 0.00366868055989 0.0 0.0
2101 -0.00705540600669 0.0 0.0
2102 -0.00705540600669 0.0 0.0
2103 -0.00705540600669 0.0 0.0
2104 -0.00705540600669 0.0 0.0
2105 -0.00705540600669 0.0 0.0
2106 -0.00705540600669 0.0 0.0
2107 -0.00705540600669 0.0 0.0
2108 -0.00705540600669 0.0 0.0
2109 -0.00705540600669 0.0 0.0
2110 -0.00705540600669 0.0 0.0
2111 -0.00705540600669 0.0 0.0
2112 -0.00705540600669 0.0 0.0
2113 -0.00705540600669 0.0 0.0
2114 -0.00705540600669 0.0 0.0
2115 -0.00705540600669 0.0 0.0
2116 -0.00705540600669 0.0 0.0
2117 -0.00705540600669 0.0 0.0
2118 -0.00705540600669 0.0 0.0
2119 -0.00705540600669 0.0 0.0
2120 -0.00705540600669 0.0 0.0
2121 -0.00705540600669 0.0 0.0
2122 -0.00705540600669 0.0 0.0
2123 -0.00705540600669 0.0 0.0
2124 -0.00705540600669 0.0 0.0
2125 -0.00705540600669 0.0 0.0
2126 -0.00705540600669 0.0 0.0
2127 -0.00705540600669 0.0 0.0
2128 -0.00705540600669 0.0 0.0
2129 -0.00705540600669 0.0 0.0
2130 -0.00705540600669 0.0 0.0
2131 -0.00705540600669 0.0 0.0
2132 -0.00705540600669 0.0 0.0
2133 -0.00705540600669 0.0 0.0
2134 -0.00705540600669 0.0 0.0
2135 -0.00705540600669 0.0 0.0
2136 -0.00705540600669 0.0 0.0
2137 -0.00705540600669 0.0 0.0
2138 -0.00705540600669 0.0 0.0
2139 -0.00705540600669 0.0 0.0
2140 -0.00705540600669 0.0 0.0
2141 -0.00705540600669 0.0 0.0
2142 -0.00705540600669 0.0 0.0
2143 -0.00705540600669 0.0 0.0
2144 -0.00705540600669 0.0 0.0
2145 -0.00705540600669 0.0 0.0
2146 -0.00705540600669 0.0 0.0
2147 -0.00705540600669 0.0 0.0
2148 -0.00705540600669 0.0 0.0
2149 -0.00705540600669 0.0 0.0
2150 -0.00705540600669 0.0 0.0
2151 -0.00705540600669 0.0 0.0
2152 -0.00705540600669 0.0 0.0
2153 -0.00705540600669 0.0 0.0
2154 -0.00705540600669 0.0 0.0
2155 -0.00705540600669 0.0 0.0
2156 -0.00705540600669 0.0 0.0
2157 -0.00705540600669 0.0 0.0
2158 -0.00705540600669 0.0 0.0
2159 -0.00705540600669 0.0 0.0
2160 -0.00705540600669 0.0 0.0
2161 -0.00705540600669 0.0 0.0
2162 -0.00705540600669 0.0 0.0
2163 -0.00705540600669 0.0 0.0
2164 -0.00705540600669 0.0 0.0
2165 -0.00705540600669 0.0 0.0
2166 -0.00705540600669 0.0 0.0
2167 -0.00705540600669 0.0 0.0
2168 -0.00705540600669 0.0 0.0
2169 -0.00705540600669 0.0 0.0
2170 -0.00705540600669 0.0 0.0
2171 -0.00705540600669 0.0 0.0
2172 -0.00705540600669 0.0 0.0
2173 -0.00705540600669 0.0 0.0
2174 -0.00705540600669 0.0 0.0
2175 -0.00705540600669 0.0 0.0
2176 -0.00705540600669 0.0 0.0
2177 -0.00705540600669 0.0 0.0
2178 -0.00705540600669 0.0 0.0
2179 -0.00705540600669 0.0 0.0
2180 -0.00705540600669 0.0 0.0
2181 -0.00705540600669 0.0 0.0
2182 -0.00705540600669 0.0 0.0
2183 -0.00705540600669 0.0 0.0
2184 -0.00705540600669 0.0 0.0
2185 -0.00705540600669 0.0 0.0
2186 -0.00705540600669 0.0 0.0
2187 -0.00705540600669 0.0 0.0
2188 -0.00705540600669 0.0 0.0
2189 -0.00705540600669 0.0 0.0
2190 -0.00705540600669 0.0 0.0
2191 -0.00705540600669 0.0 0.0
2192 -0.00705540600669 0.0 0.0
2193 -0.00705540600669 0.0 0.0
2194 -0.00705540600669 0.0 0.0
2195 -0.00705540600669 0.0 0.0
2196 -0.00705540600669 0.0 0.0
2197 -0.00705540600669 0.0 0.0
2198 -0.00705540600669 0.0 0.0
2199 -0.00705540600669 0.0 0.0
2200 -0.00705540600669 0.0 0.0
2201 -0.00705540600669 0.0 0.0
2202 -0.00705540600669 0.0 0.0
2203 -0.00705540600669 0.0 0.0
2204 -0.00705540600669 0.0 0.0
2205 -0.00705540600669 0.0 0.0
2206 -0.00705540600669 0.0 0.0
2207 -0.00705540600669 0.0 0.0
2208 -0.00705540600669 0.0 0.0
2209 -0.00705540600669 0.0 0.0
2210 -0.00705540600669 0.0 0.0
2211 -0.00705540600669 0.0 0.0
2212 -0.00705540600669 0.0 0.0
2213 -0.00705540600669 0.0 0.0
2214 -0.00705540600669 0.0 0.0
2215 -0.00705540600669 0.0 0.0
2216 -0.00705540600669 0.0 0.0
2217 -0.00705540600669 0.0 0.0
2218 -0.00705540600669 0.0 0.0
2219 -0.00705540600669 0.0 0.0
2220 -0.00705540600669 0.0 0.0
2221 -0.00705540600669 0.0 0.0
2222 -0.00705540600669 0.0 0.0
2223 -0.00705540600669 0.0 0.0
2224 -0.00705540600669 0.0 0.0
2225 -0.00705540600669 0.0 0.0
2226 -0.00705540600669 0.0 0.0
2227 -0.00705540600669 0.0 0.0
2228 -0.00705540600669 0.0 0.0
2229 -0.00705540600669 0.0 0.0
2230 -0.00705540600669 0.0 0.0
2231 -0.00705540600669 0.0 0.0
2232 -0.00705540600669 0.0 0.0
2233 -0.00705540600669 0.0 0.0
2234 -0.00705540600669 0.0 0.0
2235 -0.00705540600669 0.0 0.0
2236 -0.00705540600669 0.0 0.0
2237 -0.00705540600669 0.0 0.0
2238 -0.00705540600669 0.0 0.0
2239 -0.00705540600669 0.0 0.0
2240 -0.00705540600669 0.0 0.0
2241 -0.00705540600669 0.0 0.0
2242 -0.00705540600669 0.0 0.0
2243 -0.00705540600669 0.0 0.0
2244 -0.00705540600669 0.0 0.0
2245 -0.00705540600669 0.0 0.0
2246 -0.00705540600669 0.0 0.0
2247 -0.00705540600669 0.0 0.0
2248 -0.00705540600669 0.0 0.0
2249 -0.00705540600669 0.0 0.0
2250 -0.00705540600669 0.0 0.0
2251 -0.00705540600669 0.0 0.0
2252 -0.00705540600669 0.0 0.0
2253 -0.00705540600669 0.0 0.0
2254 -0.00705540600669 0.0 0.0
2255 -0.00705540600669 0.0 0.0
2256 -0.00705540600669 0.0 0.0
2257 -0.00705540600669 0.0 0.0
2258 -0.00705540600669 0.0 0.0
2259 -0.00705540600669 0.0 0.0
2260 -0.00705540600669 0.0 0.0
2261 -0.00705540600669 0.0 0.0
2262 -0.00705540600669 0.0 0.0
2263 -0.00705540600669 0.0 0.0
2264 -0.00705540600669 0.0 0.0
2265 -0.00705540600669 0.0 0.0
2266 -0.00705540600669 0.0 0.0
2267 -0.00705540600669 0.0 0.0
2268 -0.00705540600669 0.0 0.0
2269 -0.00705540600669 0.0 0.0
2270 -0.00705540600669 0.0 0.0
2271 -0.00705540600669 0.0 0.0
2272 -0.00705540600669 0.0 0.0
2273 -0.00705540600669 0.0 0.0
2274 -0.00705540600669 0.0 0.0
2275 -0.00705540600669 0.0 0.0
2276 -0.00705540600669 0.0 0.0
2277 -0.00705540600669 0.0 0.0
2278 -0.00705540600669 0.0 0.0
2279 -0.00705540600669 0.0 0.0
2280 -0.00705540600669 0.0 0.0
2281 -0.00705540600669 0.0 0.0
2282 -0.00705540600669 0.0 0.0
2283 -0.00705540600669 0.0 0.0
2284 -0.00705540600669 0.0 0.0
2285 -0.00705540600669 0.0 0.0
2286 -0.00705540600669 0.0 0.0
2287 -0.00705540600669 0.0 0.0
2288 -0.00705540600669 0.0 0.0
2289 -0.00705540600669 0.0 0.0
2290 -0.00705540600669 0.0 0.0
2291 -0.00705540600669 0.0 0.0
2292 -0.00705540600669 0.0 0.0
2293 -0.00705540600669 0.0 0.0
2294 -0.00705540600669 0.0 0.0
2295 -0.00705540600669 0.0 0.0
2296 -0.00705540600669 0.0 0.0
2297 -0.00705540600669 0.0 0.0
2298 -0.00705540600669 0.0 0.0
2299 -0.00705540600669 0.0 0.0
2300 -0.00705540600669 0.0 0.0
2301 0.00231619155826 0.0 0.0
2302 0.00231619155826 0.0 0.0
2303 0.00231619155826 0.0 0.0
2304 0.00231619155826 0.0 0.0
2305 0.00231619155826 0.0 0.0
2306 0.00231619155826 0.0 0.0
2307 0.00231619155826 0.0 0.0
2308 0.00231619155826 0.0 0.0
2309 0.00231619155826 0.0 0.0
2310 0.00231619155826 0.0 0.0
2311 0.00231619155826 0.0 0.0
2312 0.00231619155826 0.0 0.0
2313 0.00231619155826 0.0 0.0
2314 0.00231619155826 0.0 0.0
2315 0.00231619155826 0.0 0.0
2316 0.00231619155826 0.0 0.0
2317 0.00231619155826 0.0 0.0
2318 0.00231619155826 0.0 0.0
2319 0.00231619155826 0.0 0.0
2320 0.00231619155826 0.0 0.0
2321 0.00231619155826 0.0 0.0
2322 0.00231619155826 0.0 0.0
2323 0.00231619155826 0.0 0.0
2324 0.00231619155826 0.0 0.0
2325 0.00231619155826 0.0 0.0
2326 0.00231619155826 0.0 0.0
2327 0.00231619155826 0.0 0.0
2328 0.00231619155826 0.0 0.0
2329 0.00231619155826 0.0 0.0
2330 0.00231619155826 0.0 0.0
2331 0.00231619155826 0.0 0.0
2332 0.00231619155826 0.0 0.0
2333 0.00231619155826 0.0 0.0
2334 0.00231619155826 0.0 0.0
2335 0.00231619155826 0.0 0.0
2336 0.00231619155826 0.0 0.0
2337 0.00231619155826 0.0 0.0
2338 0.00231619155826 0.0 0.0
2339 0.00231619155826 0.0 0.0
2340 0.00231619155826 0.0 0.0
2341 0.00231619155826 0.0 0.0
2342 0.00231619155826 0.0 0.0
2343 0.00231619155826 0.0 0.0
2344 0.00231619155826 0.0 0.0
2345 0.00231619155826 0.0 0.0
2346 0.00231619155826 0.0 0.0
2347 0.00231619155826 0.0 0.0
2348 0.00231619155826 0.0 0.0
2349 0.00231619155826 0.0 0.0
2350 0.00231619155826 0.0 0.0
2351 0.00231619155826 0.0 0.0
2352 0.00231619155826 0.0 0.0
2353 0.00231619155826 0.0 0.0
2354 0.00231619155826 0.0 0.0
2355 0.00231619155826 0.0 0.0
2356 0.00231619155826 0.0 0.0
2357 0.00231619155826 0.0 0.0
2358 0.00231619155826 0.0 0.0
2359 0.00231619155826 0.0 0.0
2360 0.00231619155826 0.0 0.0
2361 0.00231619155826 0.0 0.0
2362 0.00231619155826 0.0 0.0
2363 0.00231619155826 0.0 0.0
2364 0.00231619155826 0.0 0.0
2365 0.00231619155826 0.0 0.0
2366 0.00231619155826 0.0 0.0
2367 0.00231619155826 0.0 0.0
2368 0.00231619155826 0.0 0.0
2369 0.00231619155826 0.0 0.0
2370 0.00231619155826 0.0 0.0
2371 0.00231619155826 0.0 0.0
2372 0.00231619155826 0.0 0.0
2373 0.00231619155826 0.0 0.0
2374 0.00231619155826 0.0 0.0
2375 0.00231619155826 0.0 0.0
2376 0.00231619155826 0.0 0.0
2377 0.00231619155826 0.0 0.0
2378 0.00231619155826 0.0 0.0
2379 0.00231619155826 0.0 0.0
2380 0.00231619155826 0.0 0.0
2381 0.00231619155826 0.0 0.0
2382 0.00231619155826 0.0 0.0
2383 0.00231619155826 0.0 0.0
2384 0.00231619155826 0.0 0.0
2385 0.00231619155826 0.0 0.0
2386 0.00231619155826 0.0 0.0
2387 0.00231619155826 0.0 0.0
2388 0.00231619155826 0.0 0.0
2389 0.00231619155826 0.0 0.0
2390 0.00231619155826 0.0 0.0
2391 0.00231619155826 0.0 0.0
2392 0.00231619155826 0.0 0.0
2393 0.00231619155826 0.0 0.0
2394 0.00231619155826 0.0 0.0
2395 0.00231619155826 0.0 0.0
2396 0.00231619155826 0.0 0.0
2397 0.00231619155826 0.0 0.0
2398 0.00231619155826 0.0 0.0
2399 0.00231619155826 0.0 0.0
2400 0.00231619155826 0.0 0.0
2401 0.00231619155826 0.0 0.0
2402 0.00231619155826 0.0 0.0
2403 0.00231619155826 0.0 0.0
2404 0.00231619155826 0.0 0.0
2405 0.00231619155826 0.0 0.0
2406 0.00231619155826 0.0 0.0
2407 0.00231619155826 0.0 0.0
2408 0.00231619155826 0.0 0.0
2409 0.00231619155826 0.0 0.0
2410 0.00231619155826 0.0 0.0
2411 0.00231619155826 0.0 0.0
2412 0.00231619155826 0.0 0.0
2413 0.00231619155826 0.0 0.0
2414 0.00231619155826 0.0 0.0
2415 0.00231619155826 0.0 0.0
2416 0.00231619155826 0.0 0.0
2417 0.00231619155826 0.0 0.0
2418 0.00231619155826 0.0 0.0
2419 0.00231619155826 0.0 0.0
2420 0.00231619155826 0.0 0.0
2421 0.00231619155826 0.0 0.0
2422 0.00231619155826 0.0 0.0
2423 0.00231619155826 0.0 0.0
2424 0.00231619155826 0.0 0.0
2425 0.00231619155826 0.0 0.0
2426 0.00231619155826 0.0 0.0
2427 0.00231619155826 0.0 0.0
2428 0.00231619155826 0.0 0.0
2429 0.00231619155826 0.0 0.0
2430 0.00231619155826 0.0 0.0
2431 0.00231619155826 0.0 0.0
2432 0.00231619155826 0.0 0.0
2433 0.00231619155826 0.0 0.0
2434 0.00231619155826 0.0 0.0
2435 0.00231619155826 0.0 0.0
2436 0.00231619155826 0.0 0.0
2437 0.00231619155826 0.0 0.0
2438 0.00231619155826 0.0 0.0
2439 0.00231619155826 0.0 0.0
2440 0.00231619155826 0.0 0.0
2441 0.00231619155826 0.0 0.0
2442 0.00231619155826 0.0 0.0
2443 0.00231619155826 0.0 0.0
2444 0.00231619155826 0.0 0.0
2445 0.00231619155826 0.0 0.0
2446 0.00231619155826 0.0 0.0
2447 0.00231619155826 0.0 0.0
2448 0.00231619155826 0.0 0.0
2449 0.00231619155826 0.0 0.0
2450 0.00231619155826 0.0 0.0
2451 0.00231619155826 0.0 0.0
2452 0.00231619155826 0.0 0.0
2453 0.00231619155826 0.0 0.0
2454 0.00231619155826 0.0 0.0
2455 0.00231619155826 0.0 0.0
2456 0.00231619155826 0.0 0.0
2457 0.00231619155826 0.0 0.0
2458 0.00231619155826 0.0 0.0
2459 0.00231619155826 0.0 0.0
2460 0.00231619155826 0.0 0.0
2461 0.00231619155826 0.0 0.0
2462 0.00231619155826 0.0 0.0
2463 0.00231619155826 0.0 0.0
2464 0.00231619155826 0.0 0.0
2465 0.00231619155826 0.0 0.0
2466 0.00231619155826 0.0 0.0
2467 0.00231619155826 0.0 0.0
2468 0.00231619155826 0.0 0.0
2469 0.00231619155826 0.0 0.0
2470 0.00231619155826 0.0 0.0
2471 0.00231619155826 0.0 0.0
2472 0.00231619155826 0.0 0.0
2473 0.00231619155826 0.0 0.0
2474 0.00231619155826 0.0 0.0
2475 0.00231619155826 0.0 0.0
2476 0.00231619155826 0.0 0.0
2477 0.00231619155826 0.0 0.0
2478 0.00231619155826 0.0 0.0
2479 0.00231619155826 0.0 0.0
2480 0.00231619155826 0.0 0.0
2481 0.00231619155826 0.0 0.0
2482 0.00231619155826 0.0 0.0
2483 0.00231619155826 0.0 0.0
2484 0.00231619155826 0.0 0.0
2485 0.00231619155826 0.0 0.0
2486 0.00231619155826 0.0 0.0
2487 0.00231619155826 0.0 0.0
2488 0.00231619155826 0.0 0.0
2489 0.00231619155826 0.0 0.0
2490 0.00231619155826 0.0 0.0
2491 0.00231619155826 0.0 0.0
2492 0.00231619155826 0.0 0.0
2493 0.00231619155826 0.0 0.0
2494 0.00231619155826 0.0 0.0
2495 0.00231619155826 0.0 0.0
2496 0.00231619155826 0.0 0.0
2497 0.00231619155826 0.0 0.0
2498 0.00231619155826 0.0 0.0
2499 0.00231619155826 0.0 0.0
2500 0.00231619155826 0.0 0.0
