# i	j	217	Err	353	Err	545	Err	857	Err	1763	Err	1870	Err	3000	Err	4280	Err	5000	Err	12000	Err	12490	Err	25000	Err
          13          37     0.182609    0.0214617     0.651706    0.0559284      2.17692     0.202243      5.30729     0.476030    0.0264621     0.813408      4.29839     0.744493      4.79139     0.736535      1.22415     0.170957      1.34090     0.215116     0.152228    0.0597742    0.0769332    0.0120715     0.148012    0.0435807
          13          38     0.171325    0.0213778     0.629837    0.0557024      2.13053     0.199808      5.15346     0.467675  1.94852e-05     0.813403      3.15664     0.657039      4.07961     0.660132     0.731662     0.139979      1.12467     0.193041     0.135485    0.0590893    0.0634323    0.0119452     0.187460    0.0460752
          14          34     0.129838    0.0211131     0.526703    0.0547303      1.90256     0.188197      4.71155     0.444250      5.65246     0.990519      3.34731     0.670490      4.78475     0.735806     0.203074     0.121051      1.15382     0.195927     0.199803    0.0620966     0.145091    0.0130358     0.190554    0.0462893
          14          35     0.169788    0.0213667     0.683143    0.0562650      2.43130     0.215978      5.85869     0.506728      6.27699      1.02744      4.87004     0.793563      4.99955     0.759558     0.251331     0.121953      1.19456     0.200010     0.142391    0.0593631     0.126289    0.0127188     0.207426    0.0474992
          14          36     0.175562    0.0214087     0.732584    0.0568221      2.61331     0.226154      6.28912     0.531408      4.46826     0.928051      7.00288     0.997193      5.59638     0.826924     0.927653     0.151150      1.44632     0.226363    0.0989520    0.0578515     0.116923    0.0125747     0.224684    0.0488078
          14          37     0.214091    0.0217220     0.766004    0.0572173      2.50842     0.220257      6.15015     0.523377     0.581455     0.815479      6.36485     0.933582      5.64402     0.832378      1.40554     0.184381      1.49686     0.231849     0.169097    0.0605356    0.0964051    0.0122931     0.209061    0.0476202
          14          38     0.180481    0.0214455     0.790559    0.0575171      2.73878     0.233315      6.58704     0.548809    0.0100798     0.813404      5.73494     0.872824      4.89512     0.747973      1.17625     0.167560      1.32397     0.213336     0.165645    0.0603741    0.0925368    0.0122455     0.169476    0.0448826
          14          39     0.197895    0.0215833     0.743586    0.0569505      2.53714     0.221863      5.96352     0.512685  6.17405e-06     0.813403      3.50403     0.681923      3.61909     0.613072     0.545760     0.131223     0.953512     0.176787     0.140443    0.0592846    0.0575677    0.0118976     0.183361    0.0457956
          15          33     0.170440    0.0213714     0.771594    0.0572849      2.77578     0.235448      6.96759     0.571372      10.6945      1.34364      9.43629      1.25317      5.84990     0.856063     0.653357     0.136050      1.45032     0.226796     0.146202    0.0595194     0.219914    0.0146161     0.148975    0.0436361
          15          34     0.295446    0.0225644      1.11808    0.0622160      3.96269     0.307613      9.79857     0.747692      14.0939      1.62727      12.7788      1.62471      6.73453     0.959679      1.14653     0.165488      1.62967     0.246519     0.236972    0.0642679     0.255648    0.0155184     0.256865    0.0514208
          15          35     0.291149    0.0225141      1.26508    0.0647002      4.60832     0.348914      11.3945     0.851335      15.8643      1.78280      13.4584      1.70190      7.42934      1.04274      1.08675     0.161404      1.72319     0.257042     0.277944    0.0669843     0.234810    0.0149822     0.305405    0.0557256
          15          36     0.278372    0.0223682      1.10355    0.0619820      3.83656     0.299676      9.22864     0.711271      11.0486      1.37199      11.0542      1.43103      7.19512      1.01460      1.03822     0.158177      1.79863     0.265634     0.231585    0.0639351     0.172725    0.0135641     0.309788    0.0561330
          15          37     0.160175    0.0212998     0.777355    0.0573549      2.80041     0.236873      6.66307     0.553288      3.60016     0.889515      6.71652     0.968411      5.35376     0.799314     0.869173     0.147633      1.30353     0.211198     0.180252    0.0610771    0.0946956    0.0122718     0.262717    0.0519180
          15          38     0.225658    0.0218271     0.935249    0.0594387      3.19682     0.260303      7.46575     0.601413     0.346302     0.814140      7.32633      1.03011      5.24753     0.787319      1.36861     0.181581      1.28364     0.209129     0.199404    0.0620749     0.108317    0.0124508     0.234796    0.0496057
          15          39     0.210671    0.0216919     0.837141    0.0581073      2.63312     0.227277      6.24596     0.528908   0.00211957     0.813403      5.03396     0.808158      4.21385     0.674232     0.835091     0.145652      1.11057     0.191656     0.142097    0.0593511    0.0740379    0.0120425     0.226923    0.0489826
          16          32     0.200039    0.0216011     0.822204    0.0579151      3.21994     0.261696      8.25615     0.650068      14.0719      1.62537      12.5187      1.59529      6.76266     0.963017     0.842582     0.146083      1.73001     0.257816     0.208225    0.0625625     0.242854    0.0151860     0.283641    0.0537465
          16          33     0.324681    0.0229231      1.32227    0.0657213      4.72942     0.356766      12.1754     0.902754      20.4366      2.19958      18.9638      2.33813      8.55915      1.18008      1.52415     0.193575      2.03357     0.292876     0.289768    0.0678258     0.345578    0.0180922     0.391719    0.0642046
          16          34     0.368147    0.0235068      1.44225    0.0679545      5.01573     0.375438      12.8908     0.950171      19.3380      2.09791      18.1618      2.24457      7.95578      1.10643      1.05779     0.159468      1.84505     0.270960     0.220651    0.0632782     0.297689    0.0166746     0.306614    0.0558377
          16          35     0.438191    0.0245643      1.67964    0.0726966      5.95724     0.437694      15.2021      1.10499      24.0846      2.54211      21.7836      2.66859      9.81013      1.33452      2.22106     0.252135      2.31617     0.326421     0.423495    0.0788182     0.363406    0.0186428     0.345543    0.0595559
          16          36     0.449876    0.0247536      1.71974    0.0735355      5.85004     0.430551      14.8668      1.08240      23.1253      2.45142      21.5004      2.63530      11.0106      1.48437      2.73311     0.298227      2.76566     0.380991     0.554468    0.0915257     0.397168    0.0197139     0.434409    0.0686896
          16          37     0.202924    0.0216253     0.920913    0.0592369      3.39716     0.272453      8.27981     0.651541      7.57866      1.11175      8.54972      1.15794      5.81268     0.851768     0.558627     0.131763      1.30857     0.211724     0.200545    0.0621371     0.115305    0.0125508     0.261245    0.0517923
          16          38     0.254218    0.0221078     0.887311    0.0587735      2.85435     0.240007      6.65704     0.552932      1.86523     0.834515      6.41613     0.938623      4.80457     0.737984     0.846908     0.146333      1.08928     0.189581     0.139379    0.0592421    0.0814016    0.0121183     0.201793    0.0470873
          17          30     0.211822    0.0217019     0.911446    0.0591050      3.61347     0.285765      9.59687     0.734761      17.5242      1.93200      18.0571      2.23237      8.62393      1.18802      1.68405     0.206400      2.13508     0.304840     0.264510    0.0660586     0.251208    0.0154019     0.377440    0.0627426
          17          31     0.332530    0.0230241      1.49117    0.0688982      5.62481     0.415584      14.9720      1.08948      27.7817      2.89480      29.3612      3.56401      12.6995      1.69709      2.61359     0.287314      2.87666     0.394638     0.413621    0.0779270     0.418588    0.0204107     0.573454    0.0841819
          17          32     0.391378    0.0238422      1.72913    0.0737335      6.59465     0.480395      17.3167      1.24817      31.1253      3.21705      33.1537      4.01450      14.1249      1.87783      3.10529     0.332670      3.26729     0.443056     0.483572    0.0844586     0.481893    0.0225345     0.652488    0.0934026
          17          33     0.317835    0.0228366      1.36338    0.0664729      5.15850     0.384800      12.9859     0.956499      21.9374      2.33968      21.3941      2.62283      10.3902      1.40676      1.57555     0.197647      2.43537     0.340767     0.334809    0.0712444     0.317381    0.0172459     0.487046    0.0744174
          17          34     0.184415    0.0214756     0.882828    0.0587127      3.38920     0.271967      8.47565     0.663765      12.7787      1.51478      10.4576      1.36492      6.25629     0.903322    0.0527883     0.119452      1.50071     0.232270     0.126612    0.0587558     0.171389    0.0135369     0.216732    0.0481963
          17          35     0.272447    0.0223024      1.17053    0.0630783      4.32697     0.330791      10.8292     0.814383      15.8108      1.77804      14.5309      1.82448      7.10651      1.00399     0.577507     0.132574      1.82517     0.268675     0.306069    0.0690253     0.265049    0.0157687     0.242971    0.0502666
          17          36     0.299008    0.0226066      1.32564    0.0657823      4.60668     0.348808      11.5754     0.863211      15.3542      1.73757      14.3333      1.80184      7.29491      1.02657      1.11757     0.163494      2.06028     0.296014     0.452179    0.0814665     0.298724    0.0167041     0.283659    0.0537481
          17          37     0.172084    0.0213833     0.690788    0.0563490      2.60790     0.225847      6.46003     0.541360      5.13649     0.962009      4.06454     0.725332      4.03666     0.655654    -0.256178     0.122054     0.864419     0.168868    0.0915153    0.0576443    0.0704899    0.0120084     0.121504    0.0421727
          17          38     0.178189    0.0214282     0.654189    0.0559545      1.96428     0.191279      4.70848     0.444091      2.02825     0.838310      2.67265     0.625358      3.25725     0.577761    -0.196404     0.120940     0.691869     0.154848    0.0366696    0.0566043    0.0347467    0.0117551    0.0524922    0.0396939
          18          28     0.148315    0.0212224     0.745360    0.0569714      3.33380     0.268591      9.14209     0.705773      17.0634      1.89030      16.4872      2.05000      10.0008      1.35823      2.10188     0.241702      2.46500     0.344349     0.367323    0.0739025     0.212445    0.0144383     0.455540    0.0709653
          18          29     0.367249    0.0234942      1.61584    0.0713832      6.28208     0.459410      17.3317      1.24919      34.4234      3.53713      35.9771      4.35050      16.6273      2.19699      4.57692     0.472994      3.94595     0.528233     0.719034     0.109173     0.518289    0.0237918     0.832795     0.115109
          18          30     0.635499    0.0281792      2.59052    0.0937307      9.54708     0.681396      26.9614      1.91062      58.6745      5.92356      57.9930      6.97984      23.8776      3.12888      7.43813     0.753325      5.10356     0.675331      1.00320     0.142090     0.884000    0.0372368      1.31860     0.175821
          18          31     0.780288    0.0312819      3.08138     0.106260      11.5025     0.816080      33.1909      2.34235      74.3629      7.48064      71.7571      8.62757      28.8574      3.77200      9.05708     0.913536      6.13941     0.808015      1.17836     0.163240      1.10902    0.0458708      1.62041     0.214251
          18          32     0.812866    0.0320198      3.31799     0.112490      12.2910     0.870582      35.1974      2.48173      76.6584      7.70887      74.2607      8.92744      28.9064      3.77833      8.63797     0.872001      6.14846     0.809178      1.19408     0.165160      1.11815    0.0462239      1.56663     0.207382
          18          33     0.613047    0.0277279      2.41860    0.0895008      9.04675     0.647083      24.7728      1.75945      45.4537      4.61757      45.3032      5.46283      17.9248      2.36314      4.17764     0.434474      3.73215     0.501286     0.698082     0.106850     0.642534    0.0282278     0.937972     0.128053
          18          34     0.321136    0.0228781      1.36823    0.0665626      5.10682     0.381407      12.9184     0.952010      19.0777      2.07394      19.1258      2.35705      8.53781      1.17746     0.864802     0.147376      1.81951     0.268025     0.273702    0.0666884     0.269745    0.0158956     0.411376    0.0662498
          18          35     0.268543    0.0222597      1.12142    0.0622701      4.06449     0.314054      9.76937     0.745817      12.9908      1.53272      12.3075      1.57145      6.03438     0.877438    0.0591599     0.119482      1.40803     0.222246     0.183299    0.0612302     0.186234    0.0138472     0.280866    0.0534996
          18          36     0.207178    0.0216616     0.794789    0.0575696      2.83650     0.238968      6.94127     0.569801      6.73451      1.05601      5.97998     0.896191      3.86838     0.638280    -0.581073     0.132730     0.919583     0.173722     0.131362    0.0589317     0.109705    0.0124702     0.170625    0.0449561
          19          26     0.109525    0.0210093     0.713225    0.0566000      2.85892     0.240273      8.05813     0.637777      14.6020      1.67147      12.8088      1.62811      8.26411      1.14398      1.23214     0.171530      2.09026     0.299546     0.203421    0.0622948     0.192300    0.0139792     0.325041    0.0575722
          19          27     0.356349    0.0233426      1.63544    0.0717840      6.48926     0.473311      18.7328      1.34465      39.5560      4.03836      39.3110      4.74777      19.7306      2.59493      5.90578     0.602514      4.95438     0.656287     0.682250     0.105108     0.651951    0.0285712     0.910156     0.124614
          19          28     0.654167    0.0285611      2.74140    0.0975165      10.3086     0.733749      29.5250      2.08807      69.9591      7.04304      65.3430      7.85952      31.1300      4.06594      10.3587      1.04272      7.55516     0.990226      1.35757     0.185278      1.14480    0.0472564      1.66328     0.219734
          19          29     0.661937    0.0287217      2.75574    0.0978797      10.6022     0.753971      30.7309      2.17165      74.8947      7.53351      69.4254      8.34832      32.1450      4.19730      10.4272      1.04953      7.41864     0.972626      1.64211     0.220799      1.18488    0.0488115      1.76160     0.232322
          19          30     0.519914    0.0259591      2.22468    0.0848530      8.77264     0.628317      25.5208      1.81108      59.9835      6.05325      54.3101      6.53928      23.6529      3.09990      6.39353     0.650395      4.86418     0.644784      1.20013     0.165899     0.819039    0.0347789      1.43616     0.190752
          19          31     0.460071    0.0249217      2.16623    0.0834807      8.89272     0.636534      26.6598      1.88977      62.9864      6.35095      57.1609      6.88029      23.5811      3.09065      6.19140     0.630535      4.85475     0.643582      1.10288     0.154070     0.860498    0.0363453      1.45470     0.193112
          19          32     0.705265    0.0296353      2.90791     0.101765      11.5710     0.820811      34.3948      2.42596      79.3796      7.97953      74.5491      8.96198      28.6149      3.74064      7.64163     0.773425      5.94828     0.783482      1.33584     0.182589      1.12955    0.0466653      1.82428     0.240358
          19          33     0.613893    0.0277447      2.52093    0.0920070      9.76796     0.696566      26.7945      1.89909      50.5201      5.11707      49.6463      5.98169      17.8995      2.35990      4.13890     0.430750      3.77596     0.506800     0.835179     0.122350     0.685902    0.0298159      1.17046     0.157103
          19          34     0.527332    0.0260934      2.05985    0.0810211      7.29860     0.527923      18.5874      1.33472      28.5974      2.97317      28.3350      3.44232      10.1049      1.37118      1.75867     0.212533      2.08400     0.298807     0.370703    0.0741871     0.386659    0.0193767     0.597177    0.0869248
          19          35     0.255579    0.0221220      1.03747    0.0609462      3.75257     0.294419      9.13091     0.705064      10.9822      1.36664      9.41465      1.25083      4.98162     0.757564    -0.102139     0.119771      1.08592     0.189254     0.118528    0.0584701     0.137523    0.0129039     0.244571    0.0503976
          20          24     0.114294    0.0210321     0.561153    0.0550376      2.04859     0.195564      5.51577     0.487505      10.4605      1.32509      7.54182      1.05227      5.16875     0.778462     0.782557     0.142705      1.41969     0.223497     0.186440    0.0613903     0.123907    0.0126813     0.113806    0.0418082
          20          25     0.198658    0.0215896      1.06340    0.0613472      4.44436     0.338331      12.6720     0.935639      25.5189      2.67839      25.9619      3.16134      13.1861      1.75868      3.38508     0.358927      3.37884     0.456977     0.564790    0.0925863     0.404019    0.0199354     0.541978    0.0805807
          20          26     0.501842    0.0256370      2.29102    0.0864270      8.93132     0.639177      26.3355      1.86736      62.8466      6.33708      62.8457      7.56057      29.0649      3.79882      9.62645     0.970013      6.76707     0.888704      1.31946     0.180566      1.06824    0.0442952      1.39641     0.185697
          20          27     0.739992    0.0303879      3.16274     0.108390      11.9625     0.847864      35.6391      2.51243      95.6900      9.60351      85.3334      10.2541      40.3991      5.26657      13.4811      1.35338      9.27600      1.21245      1.80949     0.241901      1.48970    0.0607205      2.06015     0.270658
          20          28     0.549295    0.0264980      2.41406    0.0893904      9.61429     0.686011      28.9443      2.04784      73.7080      7.41555      62.8941      7.56636      30.0635      3.92797      8.60096     0.868335      7.08321     0.929404      1.47185     0.199481      1.00692    0.0419341      1.75362     0.231300
          20          29     0.317479    0.0228321      1.50743    0.0692160      6.44261     0.470177      19.3762      1.38861      46.5544      4.72597      40.7408      4.91829      19.7064      2.59181      4.65592     0.480642      4.25084     0.566802      1.02437     0.144620     0.578873    0.0259307      1.19505     0.160202
          20          30     0.182530    0.0214611     0.990412    0.0602375      4.31618     0.330099      12.6979     0.937361      28.6180      2.97516      26.4649      3.22085      11.8571      1.59075      2.54876     0.281429      2.34534     0.329922     0.583942    0.0945728     0.293615    0.0165585     0.706360    0.0998059
          20          31     0.355382    0.0233294      1.57171    0.0704910      6.87945     0.499582      20.8795      1.49156      49.4415      5.01061      47.7992      5.76097      20.6791      2.71687      6.13574     0.625071      4.58528     0.609268      1.00567     0.142385     0.692553    0.0300609      1.17620     0.157827
          20          32     0.734832    0.0302749      2.89255     0.101370      11.5288     0.817898      33.7560      2.38159      83.9754      8.43685      77.5150      9.31727      33.4233      4.36277      11.3689      1.14313      8.03569      1.05222      1.70595     0.228833      1.32305    0.0541939      1.92273     0.252995
          20          33     0.600644    0.0274825      2.42166    0.0895752      9.13700     0.653266      24.5108      1.74138      46.2976      4.70067      43.8394      5.28805      17.4478      2.30202      4.15148     0.431959      3.88731     0.520834     0.882363     0.127824     0.607293    0.0269507      1.08549     0.146431
          20          34     0.351460    0.0232758      1.49341    0.0689418      5.40255     0.400875      13.3094     0.978043      18.9472      2.06194      17.5933      2.17838      7.06777     0.999358     0.862146     0.147220      1.51761     0.234119     0.275895    0.0668410     0.228793    0.0148325     0.465209    0.0720176
          20          35     0.150532    0.0212364     0.655039    0.0559634      2.43051     0.215934      5.82610     0.504884      6.44519      1.03780      4.29523     0.744230      3.26515     0.578513    -0.265393     0.122250     0.702650     0.155667    0.0417225    0.0566634    0.0825987    0.0121312     0.156729    0.0440928
          21          23    0.0678393    0.0208503     0.572430    0.0551420      2.21215     0.204108      6.11387     0.521290      13.3753      1.56544      11.4277      1.47266      5.92564     0.864822      1.36190     0.181076      1.45974     0.227814     0.238777    0.0643806     0.151606    0.0131539     0.265126    0.0521246
          21          24     0.299420    0.0226115      1.39114    0.0669887      5.28307     0.392994      14.6899      1.07050      32.8771      3.38684      33.4700      4.05212      14.6462      1.94416      4.19977     0.436603      3.43330     0.463786     0.584576    0.0946390     0.470467    0.0221448     0.678958    0.0965384
          21          25     0.605347    0.0275752      2.66470    0.0955840      10.0233     0.714118      29.2531      2.06923      75.7769      7.62123      72.8468      8.75809      31.5562      4.12109      10.7161      1.07824      7.22781     0.948032      1.27343     0.174891      1.19097    0.0490482      1.57975     0.209057
          21          26     0.628978    0.0280472      2.77363    0.0983335      10.8818     0.773247      32.7109      2.30903      87.1411      8.75199      78.5918      9.44629      35.8761      4.68043      11.2555      1.13185      8.31722      1.08856      1.67366     0.224768      1.32588    0.0543047      2.05947     0.270572
          21          27     0.412686    0.0241634      1.96374    0.0788440      8.37211     0.600944      25.9012      1.83735      67.8377      6.83236      59.5710      7.16865      27.0488      3.53824      7.81189     0.790252      5.90962     0.778523      1.34093     0.183218     0.987759    0.0411985      1.65007     0.218044
          21          28     0.368482    0.0235116      1.60486    0.0711601      7.07051     0.512487      23.4013      1.66491      63.4246      6.39440      56.5427      6.80633      24.8514      3.25451      7.02641     0.712703      4.68248     0.621636      1.23819     0.170561     0.903250    0.0379688      1.43148     0.190157
          21          29     0.372190    0.0235641      1.61382    0.0713421      6.60792     0.481288      21.6259      1.54279      56.8328      5.74119      49.9100      6.01321      21.9089      2.87516      5.37584     0.550670      3.60189     0.484914      1.06508     0.149507     0.736270    0.0316796      1.18828     0.159348
          21          30     0.218084    0.0217577      1.08536    0.0616923      4.58028     0.347100      14.0827      1.02974      30.5589      3.16230      29.0788      3.53052      13.6524      1.81782      2.99774     0.322653      2.69913     0.372840     0.670446     0.103816     0.326473    0.0175153     0.740550     0.103910
          21          31     0.518549    0.0259345      2.19712    0.0842042      8.73011     0.625407      25.8964      1.83702      63.8671      6.43830      61.6807      7.42113      26.8486      3.51238      9.86375     0.993568      6.68788     0.878514      1.34121     0.183253      1.04191    0.0432803      1.46841     0.194857
          21          32     0.686906    0.0292446      2.80966    0.0992496      10.7237     0.762348      30.1350      2.13034      67.5117      6.79999      62.3777      7.50455      26.6586      3.48784      9.20768     0.928469      6.96706     0.914447      1.44055     0.195581      1.02344    0.0425692      1.57735     0.208751
          21          33     0.360743    0.0234033      1.67364    0.0725721      6.24458     0.456898      16.1405      1.16838      26.0970      2.73353      23.8654      2.91373      10.1728      1.37965      2.26480     0.255997      2.49235     0.347660     0.557119    0.0917974     0.298832    0.0167072     0.650631    0.0931835
          21          34     0.158891    0.0212912     0.723854    0.0567213      2.79089     0.236321      6.66421     0.553355      8.93085      1.20798      6.55135     0.951978      4.42602     0.696828     0.217680     0.121304      1.08336     0.189006     0.193580    0.0617626     0.123766    0.0126791     0.353305    0.0603206
          22          22     0.130008    0.0211141     0.628135    0.0556851      2.54752     0.222445      7.02874     0.575031      13.9694      1.61650      11.8985      1.52541      6.10286     0.885405      1.14743     0.165550      1.35132     0.216215     0.257518    0.0655901     0.154964    0.0132164     0.338872    0.0589045
          22          23     0.352235    0.0232864      1.63638    0.0718033      6.34217     0.463438      18.0225      1.29621      43.4897      4.42438      42.4951      5.12760      18.0731      2.38215      5.67970     0.580371      4.12821     0.551271     0.752731     0.112947     0.662828    0.0289689     0.995341     0.135174
          22          24     0.546048    0.0264375      2.44222    0.0900762      9.40327     0.671526      27.1029      1.92041      72.6628      7.31167      69.5935      8.36846      30.2167      3.94778      9.77711     0.984967      6.88221     0.903523      1.38922     0.189202      1.12674    0.0465567      1.75795     0.231855
          22          25     0.491590    0.0254576      2.25751    0.0856298      8.98774     0.643040      26.9387      1.90905      74.7562      7.51974      67.6481      8.13551      30.6651      4.00580      8.98868     0.906755      6.59203     0.866184      1.40193     0.190779      1.08781    0.0450509      1.89294     0.249170
          22          26     0.353032    0.0232972      1.56014    0.0702593      6.96453     0.505326      22.5622      1.60715      66.5986      6.70935      60.7385      7.30836      28.8959      3.77697      8.83448     0.891471      5.98011     0.787567      1.27569     0.175169      1.05148    0.0436490      1.70525     0.225105
          22          27     0.237713    0.0219420      1.17448    0.0631442      5.53425     0.409583      18.6103      1.33629      57.0776      5.76543      50.8401      6.12439      25.0037      3.27416      7.22486     0.732276      4.78479     0.634666      1.10214     0.153980     0.869929    0.0367027      1.44100     0.191368
          22          28     0.276049    0.0223422      1.25201    0.0644710      5.49032     0.406676      18.2772      1.31357      51.8397      5.24739      47.6541      5.74363      20.8129      2.73408      5.46122     0.559008      3.43856     0.464444     0.974779     0.138707     0.647789    0.0284194      1.19619     0.160346
          22          29     0.296135    0.0225725      1.40295    0.0672099      6.06087     0.444611      19.6144      1.40490      48.5790      4.92553      44.4203      5.35741      18.8528      2.48218      4.51257     0.466770      3.04634     0.415601     0.819669     0.120564     0.527109    0.0240998     0.993370     0.134928
          22          30     0.446498    0.0246985      1.85431    0.0764221      7.43843     0.537401      22.1826      1.58105      50.2311      5.08855      48.0486      5.79077      20.0460      2.63546      5.55590     0.568262      4.02621     0.538371     0.948532     0.135597     0.648850    0.0284581      1.10035     0.148293
          22          31     0.568341    0.0268571      2.38251    0.0886254      9.07132     0.648765      25.4226      1.80430      56.4001      5.69836      51.4475      6.19699      23.9431      3.13733      7.59027     0.768350      6.04115     0.795400      1.34172     0.183317     0.899642    0.0378315      1.28731     0.171858
          22          32     0.392157    0.0238537      1.72546    0.0736561      6.44108     0.470075      17.0318      1.22882      29.4907      3.05918      26.7845      3.25867      11.4402      1.53830      3.00204     0.323053      2.95423     0.404206     0.661883     0.102884     0.368083    0.0187890     0.729839     0.102621
          22          33     0.161393    0.0213081     0.828976    0.0580019      2.96830     0.246687      7.57911     0.608322      10.1929      1.30406      8.38120      1.14006      4.09287     0.661518     0.626399     0.134776      1.16674     0.197216     0.225309    0.0635550     0.101333    0.0123564     0.326332    0.0576955
          23          21     0.140795    0.0211762     0.789360    0.0575023      2.95759     0.246056      8.33017     0.654679      15.7743      1.77480      13.0835      1.65927      6.84615     0.972935     0.740538     0.140445      1.50094     0.232295     0.318416    0.0699628     0.193912    0.0140148     0.366485    0.0616352
          23          22     0.419405    0.0242673      1.88421    0.0770776      7.07978     0.513113      20.0132      1.43219      44.4509      4.51890      41.9559      5.06325      17.0276      2.24821      4.80893     0.495478      3.61544     0.486616     0.801339     0.118463     0.670900    0.0292647      1.09696     0.147869
          23          23     0.605814    0.0275845      2.73914    0.0974595      10.1845     0.725213      29.5823      2.09204      76.6293      7.70598      70.3966      8.46463      29.5055      3.85580      9.50074     0.957539      6.34388     0.834281      1.35697     0.185204      1.13707    0.0469566      1.83375     0.241573
          23          24     0.496101    0.0255362      2.17309    0.0836410      8.63055     0.618599      26.6358      1.88811      81.2553      8.16614      71.9130      8.64624      33.3939      4.35897      11.2851      1.13480      7.84827      1.02803      1.58185     0.213235      1.24426    0.0511209      2.28343     0.299410
          23          25     0.239413    0.0219586      1.20958    0.0637378      5.43414     0.402961      18.1230      1.30305      65.8320      6.63326      59.8961      7.20756      32.4354      4.23488      11.7765      1.18368      8.09868      1.06035      1.61304     0.217148      1.19756    0.0493039      2.50941     0.328559
          23          26     0.199086    0.0215932     0.981126    0.0601006      4.61252     0.349186      16.3830      1.18480      59.5233      6.00765      55.4557      6.67630      30.4902      3.98317      9.99742      1.00684      6.10236     0.803258      1.24090     0.170893     0.970465    0.0405356      1.98596     0.261119
          23          27     0.181339    0.0214520      1.00845    0.0605063      4.61657     0.349448      16.1836      1.17130      52.0316      5.26635      49.4935      5.96343      23.5616      3.08813      7.09986     0.719945      4.18456     0.558405     0.965813     0.137643     0.786556    0.0335577      1.40949     0.187359
          23          28     0.200730    0.0216068      1.08846    0.0617415      4.94211     0.370623      15.9731      1.15705      42.3636      4.31374      40.8834      4.93530      19.1090      2.51508      5.25687     0.539062      3.50604     0.472894     0.820214     0.120627     0.566779    0.0254997      1.07299     0.144866
          23          29     0.354372    0.0233155      1.67829    0.0726686      6.88148     0.499720      20.3687      1.45654      48.6036      4.92795      50.1577      6.04281      21.6807      2.84577      7.41482     0.751024      4.69433     0.623144     0.985775     0.140014     0.752133    0.0322704      1.11815     0.150527
          23          30     0.476407    0.0251964      2.02903    0.0803182      7.70973     0.555821      21.7403      1.55066      48.3013      4.89815      45.7137      5.51185      18.8137      2.47716      5.82680     0.594775      3.95440     0.529300     0.931684     0.133608     0.634737    0.0279441      1.03965     0.140697
          23          31     0.341255    0.0231388      1.47169    0.0685202      5.59230     0.413429      14.8918      1.08408      25.3316      2.66055      21.5016      2.63546      9.92473      1.34876      2.38528     0.266714      2.25959     0.319648     0.548101    0.0908754     0.269344    0.0158847     0.548067    0.0812737
          23          32     0.169197    0.0213625     0.723512    0.0567174      2.72119     0.232304      6.81213     0.562112      8.88723      1.20476      5.76150     0.875340      4.25660     0.678755     0.358978     0.124617     0.932380     0.174871     0.210709    0.0627029    0.0524884    0.0118600     0.267336    0.0523150
          24          20     0.154778    0.0212639     0.791044    0.0575231      3.26189     0.264229      9.14729     0.706103      15.7550      1.77308      14.0549      1.76997      6.83072     0.971101     0.209371     0.121158      1.35719     0.216836     0.327842    0.0706947     0.273188    0.0159894     0.550656    0.0815690
          24          21     0.475029    0.0251730      2.02088    0.0801330      7.57843     0.546902      21.5508      1.53764      47.5149      4.82061      44.2897      5.34181      18.2341      2.40280      4.44158     0.459910      3.62540     0.487866     0.946234     0.135325     0.721943    0.0311476      1.19650     0.160385
          24          22     0.588587    0.0272467      2.57602    0.0933705      9.73525     0.694319      28.3296      2.00528      72.6088      7.30630      65.4367      7.87074      27.4651      3.59204      7.70922     0.780103      5.50277     0.726380      1.36210     0.185839      1.08892    0.0450936      1.78207     0.234946
          24          23     0.378669    0.0236568      1.65248    0.0721342      6.86345     0.498503      21.5456      1.53728      62.4116      6.29394      55.0262      6.62493      27.3920      3.58259      7.99353     0.808211      5.65631     0.746045      1.26417     0.173752     0.940693    0.0393967      1.89034     0.248836
          24          24     0.178999    0.0214343     0.901412    0.0589663      4.34204     0.331757      15.1287      1.10004      64.9360      6.54434      59.0811      7.11002      44.1690      5.75541      22.7332      2.27645      14.1204      1.83997      2.36359     0.312400      1.98493    0.0802507      3.82796     0.499169
          24          25     0.171199    0.0213769     0.866659    0.0584955      4.26863     0.327056      15.7131      1.13947      75.5777      7.60142      71.8548      8.63927      54.5198      7.09846      28.8559      2.88805      18.7732      2.44377      2.98598     0.392254      2.45559    0.0989146      4.88130     0.635773
          24          26     0.233057    0.0218970      1.06795    0.0614183      5.06344     0.378563      17.8363      1.28353      67.3445      6.78340      65.3398      7.85914      35.3824      4.61647      12.6548      1.27109      8.47981      1.10956      1.63398     0.219779      1.22667    0.0504362      2.66423     0.348550
          24          27     0.229907    0.0218670      1.24491    0.0643471      5.76523     0.424908      18.8853      1.35506      52.1083      5.27393      51.8838      6.24916      23.7936      3.11804      6.93259     0.703455      4.63531     0.615632      1.11054     0.154997     0.798371    0.0340012      1.66332     0.219738
          24          28     0.456594    0.0248641      1.96489    0.0788699      8.10208     0.582525      24.6048      1.74786      62.3728      6.29010      63.0339      7.58310      28.2646      3.69536      11.0755      1.11396      6.66089     0.875042      1.45231     0.197045      1.13560    0.0468996      1.64872     0.217871
          24          29     0.497917    0.0255680      2.03734    0.0805071      7.82839     0.563890      23.1285      1.64613      59.5643      6.01172      54.9585      6.61684      27.7199      3.62496      11.1146      1.11785      7.16732     0.940239      1.44470     0.196098      1.05667    0.0438490      1.45767     0.193490
          24          30     0.258873    0.0221564      1.17274    0.0631151      4.64177     0.351080      12.4919     0.923699      22.6655      2.40809      21.5551      2.64174      9.33819      1.27601      2.90274     0.313847      2.26854     0.320718     0.527578    0.0887989     0.268761    0.0158689     0.537777    0.0801037
          24          31     0.137064    0.0211542     0.686730    0.0563043      2.44260     0.216601      6.11705     0.521473      8.60321      1.18397      7.05601      1.00257      3.66912     0.618077      1.05179     0.159071     0.857221     0.168246     0.242343    0.0646054    0.0740374    0.0120425     0.210735    0.0477447
          25          19     0.253273    0.0220981      1.00478    0.0604513      3.81503     0.298326      10.4394     0.789043      19.2967      2.09410      19.6143      2.41416      8.00518      1.11243      1.14646     0.165483      1.85384     0.271973     0.503754    0.0864292     0.351008    0.0182587     0.621483    0.0897581
          25          20     0.382705    0.0237152      1.65320    0.0721491      6.41251     0.468157      18.2414      1.31113      39.0190      3.98578      38.6021      4.66326      15.1244      2.00508      3.27896     0.348937      3.07013     0.418548     0.824684     0.121141     0.651884    0.0285688      1.13887     0.153130
          25          21     0.633639    0.0281415      2.55949    0.0929602      9.59377     0.684601      28.5845      2.02293      75.6717      7.61076      65.3709      7.86285      26.7451      3.49901      6.50192     0.661052      4.68810     0.622351      1.29649     0.177731      1.00580    0.0418910      1.75190     0.231079
          25          22     0.344646    0.0231839      1.59942    0.0710498      6.66178     0.484913      21.1183      1.50795      61.5323      6.20676      51.3085      6.18038      24.5159      3.21122      5.99980     0.611733      4.48294     0.596258      1.09114     0.152651     0.835026    0.0353819      1.70611     0.225215
          25          23     0.129192    0.0211096     0.664063    0.0560591      3.35818     0.270075      11.8872     0.883731      43.4260      4.41812      37.8157      4.56953      21.9433      2.87958      6.83080     0.693426      4.79678     0.636193      1.08067     0.151387     0.837531    0.0354765      1.91087     0.251472
          25          24     0.112379    0.0210228     0.604317    0.0554474      3.11543     0.255422      11.4064     0.852116      54.3266      5.49322      49.6640      5.98381      40.3242      5.25687      21.1872      2.12208      14.2008      1.85041      2.35687     0.311541      1.97766    0.0799628      4.23844     0.552383
          25          25     0.326981    0.0229525      1.38496    0.0668733      6.12090     0.448622      21.7016      1.54800      95.8942      9.62386      85.0302      10.2177      58.9384      7.67207      27.2964      2.73225      18.3202      2.38496      3.12013     0.409519      2.35955    0.0951010      4.80127     0.625389
          25          26     0.358782    0.0233762      1.68536    0.0728156      7.47507     0.539886      25.0605      1.77931      81.4119      8.18173      73.7607      8.86755      37.6920      4.91570      11.7380      1.17985      8.21548      1.07542      1.83201     0.244750      1.22232    0.0502667      2.44537     0.320294
          25          27     0.496841    0.0255491      2.12918    0.0826184      8.44899     0.606193      25.6620      1.82083      66.5037      6.69993      63.6933      7.66203      25.2764      3.30935      8.98025     0.905919      5.62087     0.741505      1.45715     0.197648      1.06661    0.0442322      1.70641     0.225254
          25          28     0.426021    0.0243708      1.89325    0.0772768      7.42251     0.536321      21.4145      1.52828      51.6920      5.23281      46.0690      5.55428      21.5016      2.82271      7.01378     0.711458      5.04911     0.668377      1.36463     0.186152     0.821856    0.0348850      1.43647     0.190791
          25          29     0.183543    0.0214689     0.948370    0.0596255      3.88758     0.302881      10.5742     0.797789      19.8706      2.14709      16.6172      2.06507      8.54641      1.17852      2.43575     0.271237      2.23425     0.316625     0.645849     0.101147     0.253566    0.0154636     0.710055     0.100248
          26          17     0.123496    0.0210789     0.538473    0.0548333      2.10352     0.198401      5.68913     0.497171      9.17235      1.22595      9.06054      1.21258      4.36716     0.690523     0.280232     0.122581     0.820079     0.165088     0.153613    0.0598340     0.121831    0.0126491     0.243689    0.0503253
          26          18     0.229512    0.0218632      1.00792    0.0604983      3.74693     0.294066      10.0488     0.763795      18.7776      2.04636      18.5930      2.29484      7.68545      1.07365      1.04146     0.158389      1.45722     0.227541     0.304607    0.0689159     0.243784    0.0152098     0.514025    0.0774235
          26          19     0.394222    0.0238844      1.58371    0.0707323      5.96207     0.438016      16.6142      1.20047      36.3477      3.72467      34.5462      4.18016      13.7657      1.83220      3.00518     0.323345      2.88583     0.395767     0.697180     0.106751     0.531191    0.0242428     0.879829     0.120877
          26          20     0.428201    0.0244052      1.88949    0.0771939      7.33309     0.530259      21.5211      1.53560      55.0606      5.56582      51.6536      6.22164      20.6831      2.71738      5.10368     0.524134      3.88149     0.520099      1.02732     0.144974     0.733574    0.0315794      1.26379     0.168882
          26          21     0.331001    0.0230043      1.48666    0.0688104      6.15214     0.450711      19.3386      1.38603      58.4225      5.89860      50.7971      6.11925      21.9374      2.87882      5.02716     0.516686      3.57057     0.480984      1.06456     0.149445     0.724980    0.0312603      1.39583     0.185624
          26          22     0.173928    0.0213967     0.798145    0.0576114      3.57517     0.283394      12.4980     0.924104      40.3859      4.11969      33.8869      4.10171      18.1267      2.38903      3.88666     0.406573      3.05921     0.417195     0.784541     0.116548     0.572372    0.0256987      1.36391     0.181569
          26          23     0.148837    0.0212257     0.701903    0.0564724      3.14853     0.257403      11.3692     0.849679      39.5594      4.03870      35.6757      4.31461      20.0571      2.63688      5.31625     0.544854      3.74068     0.502360     0.947190     0.135438     0.734892    0.0316284      1.65985     0.219295
          26          24     0.202276    0.0216198      1.06697    0.0614029      4.80917     0.361952      15.9027      1.15229      52.8093      5.34321      50.2348      6.05204      25.8368      3.38171      8.01248     0.810086      5.93122     0.781294      1.34369     0.183560      1.04394    0.0433584      2.40799     0.315471
          26          25     0.410457    0.0241292      1.76063    0.0744013      7.43172     0.536946      23.2506      1.65453      70.3099      7.07788      63.9245      7.68971      29.7671      3.88963      8.61208     0.869437      6.61439     0.869060      1.56627     0.211283      1.07496    0.0445548      2.36333     0.309711
          26          26     0.453602    0.0248148      1.98234    0.0792618      7.78458     0.560910      23.4160      1.66592      61.4673      6.20032      54.5403      6.56681      21.3603      2.80453      6.09488     0.621061      4.51624     0.600490      1.29007     0.176940     0.827945    0.0351147      1.56324     0.206949
          26          27     0.346029    0.0232025      1.57295    0.0705159      6.06448     0.444852      17.3144      1.24802      41.8688      4.26516      35.4425      4.28685      15.2160      2.01676      3.99234     0.416688      3.40302     0.459999      1.00677     0.142516     0.544286    0.0247032      1.13203     0.152270
          26          28     0.156501    0.0212752     0.759626    0.0571407      2.99654     0.248354      8.02692     0.635845      14.8505      1.69322      12.1563      1.55440      5.29391     0.792549     0.571671     0.132321      1.18155     0.198700     0.464852    0.0826632     0.145598    0.0130449     0.531246    0.0793637
          27          16     0.124825    0.0210859     0.566061    0.0550828      2.47344     0.218310      6.62242     0.550892      11.2580      1.38891      10.6436      1.38547      4.73057     0.729860     0.365274     0.124800     0.870902     0.169430     0.152655    0.0597926     0.134128    0.0128466     0.225524    0.0488732
          27          17     0.344130    0.0231770      1.43551    0.0678260      5.28057     0.392830      14.6694      1.06912      29.2553      3.03650      29.2675      3.55289      11.6986      1.57080      2.27997     0.257339      2.06179     0.296193     0.393490    0.0761448     0.379787    0.0191581     0.583392    0.0853281
          27          18     0.410448    0.0241291      1.73068    0.0737663      6.55691     0.477857      18.3046      1.31543      40.0505      4.08681      38.7152      4.67673      15.0067      1.99007      3.34786     0.355418      2.79123     0.384130     0.610144    0.0973282     0.548894    0.0248657     0.867994     0.119423
          27          19     0.404674    0.0240412      1.65719    0.0722314      6.55603     0.477798      19.4486      1.39355      47.5516      4.82423      45.7830      5.52012      19.9681      2.62544      4.97930     0.512030      3.76677     0.505642     0.791513     0.117342     0.698908    0.0302953      1.19857     0.160645
          27          20     0.267694    0.0222505      1.36367    0.0664784      5.69899     0.420507      17.4635      1.25816      48.4089      4.90875      45.0609      5.43390      19.2498      2.53316      4.67624     0.482610      3.47415     0.468899     0.832644     0.122057     0.663127    0.0289798      1.22303     0.163732
          27          21     0.155361    0.0212677     0.729384    0.0567850      3.47532     0.277241      11.2447     0.841521      31.1610      3.22051      29.1478      3.53870      12.9495      1.72871      2.36018     0.264471      2.20248     0.312839     0.727764     0.110147     0.456333    0.0216664      1.03907     0.140626
          27          22     0.169978    0.0213681     0.854024    0.0583280      4.09380     0.315914      13.2928     0.976935      37.4437      3.83170      35.8432      4.33456      16.6584      2.20098      3.89943     0.407795      3.10914     0.423387     0.897368     0.129578     0.671601    0.0292904      1.44254     0.191564
          27          23     0.325088    0.0229283      1.45354    0.0681706      6.15292     0.450763      19.7443      1.41379      56.2123      5.67977      52.4082      6.31185      23.5546      3.08722      5.96917     0.608729      4.31674     0.575158      1.17358     0.162657     0.939762    0.0393611      1.74664     0.230405
          27          24     0.436577    0.0245384      1.84392    0.0761957      7.46104     0.538935      22.8653      1.62801      59.4617      6.00154      56.2230      6.76808      23.9682      3.14056      6.80856     0.691235      4.43568     0.590255      1.19238     0.164952     0.984454    0.0410718      1.73947     0.229487
          27          25     0.439715    0.0245888      1.84479    0.0762145      7.13215     0.516655      20.5244      1.46721      48.3881      4.90670      44.3793      5.35251      17.0236      2.24771      4.38396     0.454348      3.35445     0.453930     0.895949     0.129412     0.703980    0.0304826      1.36597     0.181830
          27          26     0.218407    0.0217606      1.14470    0.0626502      4.44531     0.338392      12.2269     0.906155      27.1079      2.83019      22.0125      2.69550      8.40541      1.16125      1.62718     0.201787      1.85949     0.272623     0.548118    0.0908771     0.305308    0.0168935     0.849241     0.117122
          27          27    0.0998941    0.0209660     0.564868    0.0550718      2.15888     0.201293      5.73082     0.499512      12.0606      1.45472      7.91873      1.09141      3.52485     0.603721     0.346287     0.124258     0.838529     0.166647     0.279661    0.0671050    0.0908037    0.0122247     0.453947    0.0707926
          28          15     0.140157    0.0211724     0.569163    0.0551116      2.15117     0.200889      5.88641     0.508300      9.70686      1.26643      9.10804      1.21770      3.62415     0.613576   -0.0885147     0.119663     0.713357     0.156487     0.147474    0.0595724    0.0963595    0.0122925     0.202643    0.0471490
          28          16     0.369713    0.0235289      1.48033    0.0686876      6.06183     0.444675      16.9799      1.22529      34.9788      3.59121      33.8698      4.09968      12.8614      1.71756      2.80381     0.304720      2.49546     0.348037     0.518349    0.0878756     0.444749    0.0212775     0.750059     0.105056
          28          17     0.717044    0.0298886      2.82971    0.0997609      10.7000     0.760711      30.0042      2.12128      68.3530      6.88353      64.2146      7.72442      24.5259      3.21250      7.21889     0.731686      4.76316     0.631910      1.04496     0.147089     0.963716    0.0402771      1.43093     0.190086
          28          18     0.441581    0.0246188      1.94336    0.0783883      8.03830     0.578179      23.4082      1.66539      55.2654      5.58608      51.2652      6.17521      21.3398      2.80189      5.09213     0.523009      3.88502     0.520545     0.904280     0.130387     0.732808    0.0315509      1.27814     0.170697
          28          19     0.452372    0.0247945      1.87008    0.0767672      7.38586     0.533836      22.8173      1.62470      64.6030      6.51131      58.9522      7.09461      25.4082      3.32637      6.56495     0.667253      4.47318     0.595017      1.00622     0.142451     0.887648    0.0373754      1.42956     0.189912
          28          20     0.283783    0.0224293      1.36250    0.0664567      5.85854     0.431117      18.6971      1.34221      49.2543      4.99214      46.0481      5.55179      20.4939      2.69305      4.70127     0.485037      3.60699     0.485555     0.816704     0.120224     0.668531    0.0291778      1.22013     0.163365
          28          21     0.249266    0.0220570      1.20816    0.0637136      5.12785     0.382788      16.1153      1.16667      40.6965      4.15014      40.7433      4.91859      17.2815      2.28072      4.04220     0.421467      3.00349     0.410296     0.774769     0.115438     0.629225    0.0277440      1.24608     0.166643
          28          22     0.469171    0.0250739      1.95522    0.0786532      7.61155     0.549151      23.5082      1.67227      62.6109      6.31370      59.7967      7.19566      25.4147      3.32721      8.35358     0.843839      5.31745     0.702667      1.29847     0.177975      1.08286    0.0448598      1.77237     0.233703
          28          23     0.489734    0.0254253      2.02842    0.0803042      7.82909     0.563938      23.4419      1.66771      60.7133      6.12557      54.0143      6.50391      22.4181      2.94074      6.94193     0.704376      4.79676     0.636190      1.14922     0.159691     0.914737    0.0384062      1.62387     0.214694
          28          24     0.326946    0.0229521      1.45712    0.0682394      5.80462     0.427528      16.8288      1.21504      39.0231      3.98618      33.0449      4.00156      14.2645      1.89559      3.54449     0.373999      3.03132     0.413739     0.798022     0.118084     0.541363    0.0246002      1.11163     0.149709
          28          25     0.208581    0.0216737      1.02053    0.0606882      3.82257     0.298798      10.3633     0.784116      19.7330      2.13437      15.9313      1.98570      6.78292     0.965421      1.04797     0.158818      1.47670     0.229654     0.499063    0.0859680     0.246015    0.0152672     0.744316     0.104363
          28          26    0.0915220    0.0209316     0.537879    0.0548281      1.94926     0.190524      4.94978     0.456767      8.41070      1.17005      5.38249     0.839880      2.54168     0.513498    0.0231699     0.119358     0.543159     0.144479     0.225458    0.0635639    0.0771385    0.0120736     0.447257    0.0700693
          29          15     0.277288    0.0223560      1.14340    0.0626288      4.22218     0.324087      11.5482     0.861424      21.3303      2.28286      22.4966      2.75246      8.03622      1.11621      1.63443     0.202372      1.39727     0.221095     0.323404    0.0703484     0.271663    0.0159478     0.472738    0.0728415
          29          16     0.703370    0.0295947      2.69368    0.0963122      10.0758     0.717733      28.9758      2.05003      69.0736      6.95508      64.8020      7.79475      25.9173      3.39210      8.13847     0.822550      5.13921     0.679884      1.16126     0.161156      1.05102    0.0436312      1.55219     0.205539
          29          17     0.914212    0.0343918      3.57685     0.119416      13.4831     0.953137      39.5024      2.78114      99.6961      10.0027      88.7290      10.6610      36.3752      4.74508      11.9931      1.20523      7.35031     0.963818      1.68177     0.225788      1.44916    0.0591300      2.07730     0.272865
          29          18     0.545487    0.0264271      2.33387    0.0874528      9.56452     0.682594      28.9843      2.05062      77.0669      7.74949      69.6511      8.37536      28.5598      3.73352      8.85358     0.893364      5.42372     0.716262      1.20205     0.166134      1.02722    0.0427146      1.61061     0.212999
          29          19     0.509851    0.0257788      2.02849    0.0803059      8.28333     0.594885      25.4824      1.80843      68.6001      6.90806      61.7511      7.42956      24.9643      3.26908      6.69153     0.679711      4.46314     0.593742      1.05686     0.148519     0.890734    0.0374927      1.54173     0.204204
          29          20     0.526615    0.0260803      2.12908    0.0826160      8.32398     0.597658      25.4194      1.80408      66.0581      6.65570      60.6274      7.29507      24.0995      3.15750      6.53481     0.664288      4.16440     0.555853     0.969674     0.138101     0.928784    0.0389419      1.62074     0.214293
          29          21     0.527985    0.0261052      2.11984    0.0824020      8.22706     0.591046      24.7620      1.75871      61.2474      6.17852      55.5919      6.69260      22.4686      2.94725      6.41396     0.652403      4.33595     0.577595      1.05012     0.147708     0.921329    0.0386575      1.48200     0.196589
          29          22     0.433208    0.0244846      1.89051    0.0772163      7.18873     0.520484      21.0991      1.50663      50.0461      5.07028      44.6296      5.38239      19.5230      2.56825      5.93914     0.605784      4.52911     0.602126      1.12144     0.156318     0.779697    0.0333007      1.22640     0.164158
          29          23     0.262993    0.0222000      1.17135    0.0630920      4.53371     0.344091      12.7978     0.943997      25.0723      2.63587      22.4267      2.74422      9.36321      1.27911      2.45189     0.272688      2.23892     0.317182     0.609945    0.0973071     0.340311    0.0179318     0.767598     0.107176
          29          24     0.156754    0.0212769     0.689321    0.0563328      2.42326     0.215534      6.56241     0.547361      10.7976      1.35186      9.03071      1.20937      3.78904     0.630186     0.730222     0.139904     0.894840     0.171525     0.260531    0.0657908     0.127568    0.0127392     0.426361    0.0678321
          30          14     0.235423    0.0219197     0.889915    0.0588089      3.35277     0.269746      8.40084     0.659089      13.6539      1.58931      16.0376      1.99799      5.43033     0.807998     0.865894     0.147440      1.09537     0.190172     0.146980    0.0595518     0.177342    0.0136591     0.252216    0.0510304
          30          15     0.369247    0.0235224      1.41277    0.0673949      5.28162     0.392899      13.9728      1.02238      26.0230      2.72646      28.7369      3.48996      9.99700      1.35775      2.17588     0.248164      1.84357     0.270789     0.375784    0.0746179     0.359312    0.0185153     0.590554    0.0861568
          30          16     0.465798    0.0250173      1.99671    0.0795857      7.72404     0.556794      21.2085      1.51414      47.5252      4.82163      48.1459      5.80240      19.0726      2.51041      5.41040     0.554044      3.76998     0.506047     0.862225     0.125480     0.727992    0.0313721      1.22361     0.163805
          30          17     0.559097    0.0266819      2.28946    0.0863899      9.05781     0.647840      26.3316      1.86709      63.8317      6.43479      59.1332      7.11627      25.5381      3.34314      7.40643     0.750195      4.99876     0.661950      1.20399     0.166371     0.930699    0.0390150      1.54523     0.204651
          30          18     0.475924    0.0251882      1.93322    0.0781623      7.67043     0.553151      22.5137      1.60381      54.7048      5.53062      50.2813      6.05760      22.0926      2.89882      6.13127     0.624633      4.35473     0.579978      1.02920     0.145199     0.771130    0.0329799      1.29899     0.173337
          30          19     0.351540    0.0232769      1.57435    0.0705441      6.32063     0.461994      18.1669      1.30605      40.8379      4.16401      37.5392      4.53658      15.8406      2.09646      3.67683     0.386564      3.07979     0.419745     0.784025     0.116489     0.568438    0.0255587      1.05535     0.142659
          30          20     0.398920    0.0239545      1.67437    0.0725872      6.47644     0.472450      17.9962      1.29442      38.3302      3.91838      34.9421      4.22728      13.8027      1.83690      3.18978     0.340570      2.69959     0.372897     0.650069     0.101603     0.554402    0.0250605      1.07390     0.144980
          30          21     0.294685    0.0225554      1.35135    0.0662515      5.48314     0.406201      14.8067      1.07836      28.0079      2.91651      26.9679      3.28037      10.5224      1.42326      2.13147     0.244279      2.25519     0.319124     0.440440    0.0803723     0.409713    0.0201205     0.805080     0.111727
          30          22     0.198151    0.0215854     0.979737    0.0600802      3.80824     0.297900      10.1284     0.768925      16.7160      1.85900      15.9710      1.99029      7.05988     0.998415      1.51559     0.192902      1.61335     0.244698     0.325578    0.0705177     0.232798    0.0149319     0.471392    0.0726938
          30          23    0.0962628    0.0209507     0.524544    0.0547117      2.03130     0.194678      5.30266     0.475777      7.51566      1.10746      6.47212     0.944143      3.63183     0.614343     0.604220     0.133760     0.815117     0.164672     0.155506    0.0599166    0.0921523    0.0122408     0.274043    0.0528982
          31          13     0.216551    0.0217439     0.966251    0.0598833      3.58382     0.283929      9.31644     0.716858      15.4557      1.74654      16.0137      1.99523      6.89940     0.979271      2.12870     0.244038      1.62830     0.246367     0.288270    0.0677178     0.240266    0.0151200     0.233465    0.0494994
          31          14     0.422778    0.0243199      1.64527    0.0719859      5.87370     0.432126      15.2146      1.10583      26.4216      2.76453      29.7839      3.61416      11.0517      1.48952      3.19879     0.341414      2.56625     0.356631     0.394145    0.0762020     0.399296    0.0197826     0.539628    0.0803138
          31          15     0.381405    0.0236963      1.52183    0.0694989      5.78375     0.426140      15.3888      1.11758      26.8928      2.80960      30.8758      3.74378      10.1279      1.37404      2.34273     0.262916      1.93842     0.281762     0.348553    0.0723498     0.383268    0.0192687     0.562050    0.0828719
          31          16     0.312393    0.0227689      1.41650    0.0674653      5.47121     0.405411      14.7543      1.07483      27.2630      2.84506      30.3191      3.67768      10.3633      1.40340      2.28083     0.257415      2.01062     0.290187     0.424285    0.0788899     0.389895    0.0194802     0.639275    0.0918456
          31          17     0.297086    0.0225838      1.31411    0.0655738      5.11783     0.382130      13.8285      1.01272      26.2995      2.75287      27.6365      3.35956      10.0192      1.36052      1.97814     0.231022      1.84670     0.271150     0.525887    0.0886292     0.368125    0.0187903     0.674269    0.0959815
          31          18     0.282042    0.0224095      1.17079    0.0630825      4.49553     0.341628      12.1588     0.901658      22.0502      2.35026      22.3899      2.73989      8.39868      1.16043      1.35932     0.180882      1.53905     0.236471     0.519772    0.0880174     0.302580    0.0168148     0.601252    0.0873982
          31          19     0.249350    0.0220579      1.06682    0.0614005      4.12598     0.317958      10.7850     0.811504      18.5715      2.02747      18.0695      2.23381      7.09058      1.00208     0.999315     0.155651      1.28073     0.208828     0.327217    0.0706457     0.267122    0.0158246     0.516637    0.0777167
          31          20     0.260029    0.0221686      1.14769    0.0626993      4.16522     0.320456      10.6542     0.802988      17.9034      1.96645      16.8156      2.08807      6.97605     0.988407      1.38763     0.183019      1.34766     0.215828     0.254374    0.0653824     0.283058    0.0162618     0.476042    0.0732042
          31          21     0.188843    0.0215102     0.822561    0.0579196      3.18412     0.259539      8.04567     0.637005      11.8472      1.43707      11.0649      1.43221      5.08995     0.769637     0.690838     0.137889      1.07580     0.188275     0.178145    0.0609726     0.185977    0.0138416     0.342856    0.0592929
          32          13     0.283993    0.0224317      1.05524    0.0612202      3.75504     0.294573      9.71549     0.742361      15.2484      1.72823      16.8740      2.09484      6.97650     0.988459      1.64722     0.203406      1.52827     0.235288     0.394259    0.0762120     0.238364    0.0150718     0.281743    0.0535775
          32          14     0.455383    0.0248441      1.80884    0.0754349      6.53374     0.476299      17.1129      1.23433      27.7766      2.89431      29.1826      3.54282      11.1125      1.49714      3.01181     0.323962      2.50695     0.349430     0.552016    0.0912750     0.418851    0.0204193     0.597437    0.0869551
          32          15     0.395633    0.0239054      1.55714    0.0701994      5.81312     0.428093      15.2318      1.10699      23.4398      2.48111      26.0441      3.17107      8.47176      1.16937      1.72197     0.209506      1.47768     0.229761     0.337759    0.0714793     0.336048    0.0178027     0.507880    0.0767350
          32          16     0.306405    0.0226956      1.29742    0.0652741      4.86116     0.365339      13.0172     0.958579      20.8735      2.24023      24.0635      2.93710      7.47795      1.04859      1.37657     0.182182      1.34251     0.215285     0.313549    0.0695903     0.313350    0.0171275     0.522629    0.0783909
          32          17     0.284589    0.0224385      1.09434    0.0618350      4.19182     0.322151      11.1315     0.834113      17.5723      1.93636      19.6378      2.41692      6.68438     0.953735      1.21594     0.170370      1.37279     0.218488     0.346244    0.0721622     0.272595    0.0159732     0.477830    0.0734008
          32          18     0.239547    0.0219599      1.01996    0.0606797      3.67932     0.289853      9.52057     0.729881      13.9988      1.61904      15.1479      1.89537      4.73355     0.730188     0.667502     0.136735     0.908470     0.172731     0.353363    0.0727430     0.204459    0.0142526     0.429262    0.0681405
          32          19     0.207478    0.0216641     0.916637    0.0591772      3.19611     0.260260      8.04489     0.636957      11.4930      1.40802      11.7820      1.51234      4.09266     0.661495     0.523049     0.130294     0.834524     0.166307     0.194914    0.0618334     0.173887    0.0135878     0.347759    0.0597734
          32          20     0.134127    0.0211373     0.633112    0.0557358      2.29051     0.208300      5.62028     0.493319      6.99703      1.07294      6.10633     0.908377      2.99502     0.553262     0.359814     0.124642     0.655991     0.152187    0.0602908    0.0569452     0.106639    0.0124276     0.228773    0.0491278
          33          13     0.166798    0.0213455     0.671232    0.0561358      2.39252     0.213845      5.85830     0.506706      6.37805      1.03364      6.76157     0.972916      2.78844     0.534704   -0.0408727     0.119405     0.537618     0.144128     0.232285    0.0639780    0.0916108    0.0122343     0.200128    0.0469671
          33          14     0.339892    0.0231207      1.30194    0.0653550      4.66979     0.352895      11.9312     0.886631      14.9877      1.70527      16.5675      2.05931      5.51462     0.817588     0.655393     0.136148     0.947191     0.176211     0.379709    0.0749529     0.235423    0.0149976     0.512437    0.0772453
          33          15     0.320912    0.0228753      1.27220    0.0648257      4.62389     0.349922      12.1487     0.900990      16.0678      1.80094      16.7759      2.08346      5.44982     0.810212     0.734702     0.140138     0.848785     0.167522     0.406845    0.0773218     0.238874    0.0150847     0.538360    0.0801698
          33          16     0.241576    0.0219799      1.03402    0.0608934      3.73002     0.293011      9.85346     0.751218      13.1056      1.54246      15.4346      1.92838      4.93608     0.752510     0.747502     0.140814     0.864795     0.168900     0.424001    0.0788641     0.214228    0.0144803     0.383097    0.0633194
          33          17     0.217392    0.0217515     0.908863    0.0590692      3.31226     0.267282      8.46657     0.663197      11.0541      1.37243      13.4212      1.69766      4.62496     0.718331      1.03715     0.158107     0.921268     0.173873     0.369387    0.0740761     0.214138    0.0144782     0.268689    0.0524320
          33          18     0.159936    0.0212982     0.684425    0.0562790      2.58395     0.224494      6.42195     0.539136      7.39812      1.09952      8.24562      1.12573      3.00407     0.554091     0.359081     0.124620     0.538654     0.144194     0.218895    0.0631750     0.119797    0.0126180     0.165762    0.0446475
          34          15     0.182285    0.0214592     0.654775    0.0559606      2.34449     0.211222      5.71079     0.498386      5.23035     0.967052      4.99834     0.804968      2.15675     0.482821    -0.359163     0.124623     0.342477     0.133681     0.201326    0.0621797    0.0866750    0.0121766     0.407142    0.0658062
          34          16     0.128814    0.0211075     0.583181    0.0552433      2.12309     0.199420      5.19314     0.469821      4.81446     0.945206      4.28662     0.743515      1.99397     0.470847     0.112781     0.119867     0.302457     0.132039     0.209674    0.0626442    0.0847597    0.0121550     0.266397    0.0522340
          36           9    0.0814251    0.0208940     0.337235    0.0533675     0.990492     0.149962      2.18333     0.334578   0.00953890     0.813404     0.447576     0.539534     0.182091     0.393782     0.176382     0.120631     0.229959     0.129545    0.0396332    0.0566381    0.0292195    0.0117310    0.0660316    0.0400341
          38           6    0.0975396    0.0209560     0.356711    0.0534813     0.926502     0.147945      1.69491     0.320408  2.86088e-12     0.813403      2.52686     0.616569    -0.730111     0.404367     0.570117     0.132254    -0.146928     0.127488    0.0372717    0.0566109    0.0664609    0.0119715   -0.0193789    0.0391840
