1 -5.514356987158433 0.3805693502645902
2 -3.0984636676230903 2.86691120716521
3 -2.010486432904152 -9.62481449113767e-18
4 3.0984636676230912 2.86691120716521
5 -5.5143569871584335 -0.3805693502645904
6 1.8812403317716455 0.7831989196861968
7 0.37180609038634443 2.8479172263666643
8 -0.3916640202640707 2.8390992714318677
9 -4.653734341184893 -7.162652108281364e-18
10 0.3916640202640709 2.8390992714318677
11 0.3718060903863443 -2.8479172263666643
12 -1.8812403317716455 0.7831989196861967
13 -1.0710915466689015 0.5367308419936687
14 -0.1766223909640935 0.04432584329729022
15 0.08551073441620863 -0.31762843019203374
16 1.0210911802820701 3.216457943618955
17 4.102905658798318 4.449414434088901e-18
18 -1.0210911802820701 3.216457943618954
19 0.0855107344162087 0.31762843019203374
20 0.1766223909640934 0.04432584329729022
21 -1.0710915466689015 -0.5367308419936689
22 -0.6204885996540571 7.085390057648968
23 0.5261863935422268 -6.394011756430365
24 -1.6866637086074314 -4.69552013329715
25 -0.888754626515135 3.0117078398929245
26 -0.3305983023163323 -1.3193093039738681
27 1.134788319087811 3.490615926538173e-18
28 0.33059830231633214 -1.3193093039738681
29 -0.888754626515135 -3.0117078398929245
30 1.6866637086074314 -4.69552013329715
31 0.5261863935422268 6.394011756430365
32 0.6204885996540571 7.085390057648968
33 -4.3598453627778735 1.2219231352987803
34 -4.373883984236919 -1.8256842078886029
35 7.606654934609554 0.7944859250300061
36 -0.3318489235987058 -1.7852013872220658
37 4.692545781203114 1.308971182030503
38 4.680378797860002 2.5847453243895733
39 -1.4773692144518034 -2.255225297269235e-19
40 -4.680378797860002 2.5847453243895733
41 4.692545781203113 -1.308971182030503
42 0.3318489235987058 -1.7852013872220658
43 7.606654934609554 -0.7944859250300061
44 4.373883984236919 -1.8256842078886029
45 -4.3598453627778735 -1.22192313529878
46 -2.481176713916372 -0.8155786669714137
47 1.5116922317543917 -3.249207010088558
48 2.8607941754729875 -1.011423902184847
49 -0.4378687463237455 -1.2353027211648564
50 1.0530050684604697 -4.366776304435911
51 0.7055244986565096 1.9242702159604554
52 2.253361658975201 -0.6596189949116625
53 0.8774026942005839 -3.2825985057707603e-18
54 -2.2533616589752015 -0.6596189949116623
55 0.7055244986565093 -1.924270215960455
56 -1.0530050684604697 -4.366776304435911
57 -0.4378687463237453 1.2353027211648564
58 -2.8607941754729875 -1.0114239021848468
59 1.5116922317543917 3.249207010088558
60 2.481176713916372 -0.8155786669714137
61 -0.4223283442297147 -0.4684357081497886
62 0.7096568696603432 -1.4017291587568086
63 1.6079822746478039 0.44577397628231835
64 1.5656755596630463 1.395950693361862
65 -0.05190412259880516 -0.0979929355511741
66 0.4968405656030382 -1.792663365935314
67 -0.9804174756380343 -0.11982865352754117
68 -0.9736945758111937 1.7575470541719211
69 -1.4723240960826693 4.739588853856383e-19
70 0.9736945758111939 1.7575470541719211
71 -0.9804174756380346 0.1198286535275409
72 -0.4968405656030383 -1.792663365935314
73 -0.05190412259880522 0.09799293555117443
74 -1.5656755596630463 1.395950693361862
75 1.6079822746478039 -0.44577397628231835
76 -0.709656869660343 -1.4017291587568086
77 -0.4223283442297149 0.4684357081497887
78 2.319191250173279 -0.28931338060359185
79 1.3861612942324864 2.1330938269755824
80 0.8166864005003098 -0.36432870861655775
81 0.9767053097137759 0.5695176798986853
82 0.27121149664954247 0.482511543954617
83 2.392876315004179 1.505802137561943
84 -0.029499556551013665 -0.9731887327336505
85 0.12879083175249761 1.0745090466884073
86 -2.528730484935566 0.7414874981021223
87 -0.8720310735767085 -3.021472952578311e-18
88 2.528730484935566 0.7414874981021223
89 0.1287908317524977 -1.0745090466884073
90 0.02949955655101355 -0.9731887327336505
91 2.392876315004179 -1.5058021375619428
92 -0.27121149664954247 0.48251154395461715
93 0.9767053097137759 -0.5695176798986854
94 -0.8166864005003097 -0.36432870861655775
95 1.3861612942324864 -2.1330938269755824
96 -2.319191250173279 -0.28931338060359196
97 -0.06673456580779459 -1.6522517937639245
98 0.8150736572508499 1.132308377803685
99 1.403279955147803 -1.8835584373404213
100 -0.8280420590478296 0.7782812529152651
101 0.35118992562668194 -1.2841116383126914
102 -0.472399788483792 1.3185503364844315
103 3.448170798563963 -0.3343783702314311
104 1.331759648832018 -0.8942509908012989
105 -0.7314009593922588 0.7300545708905765
106 0.4350248695572439 -0.5416888196728175
107 -4.581668323886188 2.8407887352080713e-19
108 -0.4350248695572439 -0.5416888196728177
109 -0.7314009593922587 -0.7300545708905765
110 -1.3317596488320187 -0.8942509908012989
111 3.448170798563963 0.3343783702314311
112 0.47239978848379216 1.3185503364844315
113 0.3511899256266819 1.2841116383126914
114 0.8280420590478296 0.7782812529152647
115 1.403279955147803 1.8835584373404213
116 -0.8150736572508496 1.1323083778036853
117 -0.06673456580779459 1.6522517937639245
