1 1.953544423494767 2.2654236838053827
2 -4.797547771848741 1.490298275495092
3 -9.314534932340852 5.3017215521535153e-17
4 4.797547771848742 1.4902982754950913
5 1.9535444234947648 -2.2654236838053823
6 -1.4970233532019015 -0.747365112993463
7 -0.29320978481521087 0.16601986573412533
8 -1.4634063594965467 -4.160475155979771
9 5.5760048320066575 2.0203046059947517e-17
10 1.4634063594965467 -4.160475155979771
11 -0.2932097848152105 -0.16601986573412533
12 1.4970233532019015 -0.7473651129934626
13 3.9483535619857753 0.70724758317215
14 -5.6391027104034475 -0.10771927539317043
15 5.927901523434246 9.378855561695442
16 8.41493410503906 -1.0301681973249228
17 -5.4599424930087705 -2.1620013470558727e-17
18 -8.41493410503906 -1.0301681973249226
19 5.927901523434246 -9.378855561695442
20 5.6391027104034475 -0.10771927539317049
21 3.9483535619857753 -0.70724758317215
22 0.7313096448638425 -4.673818242690951
23 -2.3818499079116027 -7.636506747967309
24 2.538223899636338 4.807101207230838
25 -4.79930937733193 -2.795763320159571
26 -7.045404462108113 2.0997012483645827
27 8.31223646172919 1.4926609317752835e-18
28 7.045404462108113 2.099701248364583
29 -4.79930937733193 2.7957633201595704
30 -2.5382238996363378 4.807101207230838
31 -2.3818499079116022 7.636506747967309
32 -0.7313096448638426 -4.673818242690951
33 -2.427852387437165 -7.568825988863713
34 -2.476572798805143 -0.957276085909576
35 1.4015024168833958 -3.1592843812580456
36 0.39750836872105666 -1.9620338223514293
37 4.340148767707025 0.0592854058137282
38 -5.885924577666732 0.1933064153880049
39 -2.195718486581508 1.6358102501036195e-17
40 5.885924577666732 0.1933064153880049
41 4.340148767707025 -0.05928540581372799
42 -0.3975083687210564 -1.9620338223514293
43 1.401502416883396 3.1592843812580456
44 2.476572798805143 -0.957276085909576
45 -2.427852387437165 7.568825988863713
46 -3.4021324801530515 -2.2966650085661096
47 -0.10199747356086232 0.22093964466384738
48 -1.5960993938094086 0.5172559981678345
49 0.4776788345196275 0.6606060358167528
50 1.168366560518336 0.6050035143725973
51 2.3674739441821133 2.8843760956381663
52 -1.2508403205971101 0.615168102316721
53 -2.1043099666998293 -3.9429523209400845e-18
54 1.2508403205971101 0.6151681023167208
55 2.3674739441821133 -2.8843760956381663
56 -1.1683665605183364 0.6050035143725976
57 0.47767883451962756 -0.6606060358167528
58 1.5960993938094086 0.5172559981678345
59 -0.10199747356086242 -0.22093964466384738
60 3.402132480153051 -2.29666500856611
61 -0.4435825921294035 -2.627913595575389
62 -3.4945759971616197 2.7908407562896413
63 0.5372620874283104 -5.077046921867447
64 1.2042610431231071 -1.5151191424338948
65 -0.6418129911752068 0.5330244102897834
66 -1.7626570629046365 2.1836700122424926
67 2.0524504140311204 0.056586703641430675
68 -0.7707012778571132 -1.5518354619872154
69 -1.9240255795099255 -4.548393086376044e-18
70 0.7707012778571128 -1.5518354619872154
71 2.0524504140311204 -0.05658670364143018
72 1.7626570629046365 2.1836700122424926
73 -0.6418129911752068 -0.5330244102897832
74 -1.2042610431231071 -1.5151191424338943
75 0.5372620874283103 5.077046921867447
76 3.4945759971616197 2.7908407562896413
77 -0.4435825921294035 2.627913595575389
78 -1.6722126088791367 -1.053125619501327
79 -0.5944862947564646 1.0078370028138
80 -0.2773453906497961 0.01416889581643264
81 -2.6759839596166906 2.895168280244132
82 -3.3016767392986535 1.9673122377692187
83 1.5454599629208505 -1.429270908403375
84 0.18292255644133623 1.1145762979016471
85 -0.38649826284451955 -2.646159511913979
86 0.24531741921347483 -2.4989129025774486
87 5.544912892829934 -2.269457743049661e-17
88 -0.24531741921347472 -2.4989129025774486
89 -0.3864982628445199 2.6461595119139787
90 -0.18292255644133623 1.1145762979016471
91 1.5454599629208505 1.429270908403375
92 3.3016767392986535 1.9673122377692187
93 -2.6759839596166906 -2.895168280244132
94 0.2773453906497961 0.01416889581643257
95 -0.5944862947564646 -1.0078370028138002
96 1.6722126088791367 -1.053125619501327
97 -1.061501561880638 1.1133683804420453
98 -1.0412859509525132 -2.1187920834472984
99 -1.7334370357546156 -0.1529996779003261
100 0.0935323261117356 1.5562664098879062
101 0.5766537291142142 -1.1579694615499163
102 2.902055749148401 1.3301513991504899
103 -4.5857044184485245 -0.15745460044677814
104 0.43154162917582195 0.617248650393749
105 0.8867956494461187 -0.3940897649087386
106 -1.3647804467384723 -0.7330480685565987
107 3.4314694915782877 -1.7474933283477322e-18
108 1.3647804467384728 -0.7330480685565989
109 0.8867956494461188 0.39408976490873887
110 -0.4315416291758217 0.6172486503937489
111 -4.5857044184485245 0.1574546004467782
112 -2.902055749148401 1.33015139915049
113 0.5766537291142142 1.1579694615499165
114 -0.09353232611173559 1.5562664098879062
115 -1.7334370357546158 0.15299967790032606
116 1.041285950952513 -2.1187920834472997
117 -1.061501561880638 -1.1133683804420451
