1 -4.375334715104648 0.9566754101477075
2 -2.159971693200813 -2.4616530949730375
3 2.9463381286809147 1.5359512137661016e-17
4 2.159971693200814 -2.4616530949730384
5 -4.375334715104648 -0.9566754101477073
6 -1.3342024015494833 -5.591233416833499
7 -0.35550429773204895 -1.5481560782985198
8 1.268457538402832 -3.8590360939984407
9 -3.035486407358934 5.033052377601691e-18
10 -1.268457538402832 -3.8590360939984416
11 -0.35550429773204895 1.548156078298519
12 1.3342024015494833 -5.591233416833497
13 -3.784914535631944 -3.6230739255954765
14 -2.282612426990831 -3.8866439922882843
15 5.834679691690611 -0.7008743427634164
16 9.050392359185333 0.8703984614115025
17 9.27237054265246 -1.0583464404155223e-17
18 -9.050392359185333 0.8703984614115033
19 5.834679691690611 0.7008743427634173
20 2.282612426990831 -3.8866439922882843
21 -3.784914535631944 3.6230739255954774
22 4.236965973367722 1.4216087750335702
23 0.729051524619131 1.0796394997777092
24 -1.7230092638829109 2.5963512772148176
25 1.8141015535502039 0.39686946265806766
26 -2.1023674606430287 2.9288516352557523
27 2.950731660648155 1.2515963481268706e-17
28 2.1023674606430287 2.9288516352557523
29 1.8141015535502039 -0.3968694626580678
30 1.7230092638829098 2.596351277214818
31 0.729051524619131 -1.079639499777709
32 -4.236965973367721 1.4216087750335702
33 1.8974884763452808 1.2229483327955246
34 -3.3016687991365083 -2.476296850657314
35 2.952048629033873 -1.768871274993394
36 -1.7150089649962774 -3.8047051446705953
37 -1.4258284686925347 2.033892854597346
38 -5.040630123721601 1.3178639905372822
39 3.849062822016173 1.1765065479216377e-18
40 5.040630123721601 1.317863990537282
41 -1.4258284686925344 -2.033892854597346
42 1.7150089649962774 -3.8047051446705953
43 2.952048629033873 1.768871274993394
44 3.3016687991365097 -2.476296850657314
45 1.8974884763452808 -1.2229483327955237
46 -0.8609495039395285 -0.6773714043599236
47 -1.0390966349807236 0.6729856908035265
48 1.9674152867473311 3.2550754978274923
49 -0.2757281280447695 -2.0790420083539227
50 0.06570932877853045 1.1515562164498552
51 -0.034781295658213564 1.0105176401961273
52 -3.0227070072116327 -1.728311942360589
53 0.09422037869146373 8.974670282028768e-19
54 3.022707007211632 -1.7283119423605895
55 -0.03478129565821395 -1.0105176401961273
56 -0.06570932877853089 1.1515562164498556
57 -0.2757281280447696 2.0790420083539227
58 -1.9674152867473311 3.2550754978274923
59 -1.0390966349807236 -0.6729856908035262
60 0.8609495039395282 -0.6773714043599242
61 -2.080285443452729 -0.008163854424821098
62 -1.0860577927523252 -0.8103063170837542
63 -0.989350096644912 -1.2694979011639647
64 -2.686207219679268 0.05421375543249536
65 -0.2615978419521055 0.2800497178079627
66 -0.35915690850331355 -0.501891620557026
67 -2.774115944357171 -2.8874079886628983
68 -2.676557544699016 1.1360797314292836
69 1.6091902963007416 -1.0300548862321528e-17
70 2.676557544699016 1.1360797314292836
71 -2.774115944357171 2.8874079886628983
72 0.3591569085033135 -0.501891620557026
73 -0.2615978419521056 -0.28004971780796273
74 2.686207219679268 0.05421375543249491
75 -0.9893500966449118 1.2694979011639647
76 1.0860577927523258 -0.8103063170837541
77 -2.080285443452729 0.008163854424821378
78 1.523118927341292 1.065028626891337
79 -0.5149694666271691 -1.4938656436980258
80 -0.1276974491321146 -2.7596077225653075
81 -0.5543366588639558 1.7421804997738553
82 0.07998178246629642 2.0656764231402844
83 -0.08769084992536925 -0.6572256316941512
84 3.3801352893420904 -2.6553348195565243
85 -0.23746976832736966 6.215294643566784
86 -2.3906789127912775 1.4536232134596163
87 1.5608048430657953 -2.6869519640623047e-18
88 2.3906789127912775 1.4536232134596163
89 -0.23746976832736977 -6.215294643566784
90 -3.380135289342091 -2.6553348195565234
91 -0.08769084992536924 0.6572256316941512
92 -0.07998178246629688 2.0656764231402844
93 -0.5543366588639559 -1.7421804997738553
94 0.12769744913211464 -2.7596077225653075
95 -0.5149694666271689 1.4938656436980253
96 -1.5231189273412924 1.0650286268913367
97 3.9986802411946583 0.848797129590491
98 0.7767828402722092 4.867049486676398
99 -1.2496858710920058 -0.7697046191145729
100 1.3955340668924268 -0.5100530608623367
101 -0.45240865268588193 -0.22081640948004838
102 -0.8945701395967447 0.8843858081442428
103 2.34610914703294 -0.24597465625606182
104 0.22015639993448485 1.475789818263234
105 0.8920906134742775 -1.3986061585005471
106 1.0305617220639385 1.4187276398682445
107 1.7530035800301722 -1.0298435715960414e-17
108 -1.0305617220639376 1.418727639868244
109 0.8920906134742776 1.3986061585005471
110 -0.2201563999344849 1.475789818263234
111 2.34610914703294 0.24597465625606182
112 0.8945701395967448 0.884385808144243
113 -0.45240865268588193 0.2208164094800486
114 -1.395534066892427 -0.5100530608623366
115 -1.2496858710920058 0.7697046191145729
116 -0.7767828402722096 4.867049486676398
117 3.9986802411946583 -0.8487971295904911
