1 2.396909430636441 -8.527734467372962
2 -1.8721524735567263 2.892229749339527
3 6.65104361862248 1.1047410183272533e-17
4 1.8721524735567252 2.8922297493395255
5 2.396909430636441 8.52773446737296
6 3.197682178508144 -5.165563155304381
7 -3.4526932521268323 0.5501364365546706
8 1.5038305482349714 4.812932773824768
9 -2.537306836349668 -1.321189230130719e-18
10 -1.5038305482349716 4.812932773824769
11 -3.4526932521268328 -0.5501364365546711
12 -3.197682178508144 -5.165563155304381
13 -6.515980414748405 -8.648747169842398
14 2.44443218718924 5.204082520066481
15 1.6397781119549282 7.774142721592676
16 2.59951788933098 -1.6033849088562229
17 -1.8921734054799222 -2.706463771637333e-17
18 -2.5995178893309814 -1.6033849088562224
19 1.6397781119549277 -7.774142721592676
20 -2.44443218718924 5.204082520066481
21 -6.515980414748405 8.648747169842398
22 2.6294783495798386 0.2775984099514892
23 -3.229597758003696 3.483076085615053
24 3.0346911484738484 -0.5277742040212009
25 -0.15054613087922952 -3.259694340340075
26 0.6279270717515161 3.811253022896653
27 2.6468522006787323 1.076843290069678e-17
28 -0.6279270717515159 3.811253022896653
29 -0.15054613087922925 3.259694340340075
30 -3.034691148473849 -0.5277742040212009
31 -3.229597758003696 -3.483076085615053
32 -2.6294783495798386 0.2775984099514889
33 -2.573936179874951 0.017755528195492
34 -0.08944165844081643 -3.079486882770209
35 -2.707333494581179 0.8564854061014503
36 1.8499475552063245 1.385672633584645
37 2.4163284184877387 -4.66718158473292
38 -0.36834998341502634 -1.669995552503682
39 3.3965966990637106 3.561825506336307e-18
40 0.36834998341502634 -1.669995552503682
41 2.41632841848774 4.66718158473292
42 -1.8499475552063254 1.385672633584645
43 -2.707333494581178 -0.8564854061014503
44 0.08944165844081657 -3.079486882770209
45 -2.573936179874951 -0.017755528195491442
46 -1.6508147362543935 1.0779193853305613
47 1.828498284987536 1.254121812019396
48 -0.04162291934961086 2.526643803491124
49 -3.7587160858577318 -2.3792729714847574
50 0.4168526681061305 0.18932866748733662
51 -3.0284571276657575 -2.020851437687391
52 1.3036442689973535 0.5403849500980472
53 -3.3464974367704197 3.168731507095203e-17
54 -1.3036442689973533 0.540384950098047
55 -3.0284571276657566 2.0208514376873907
56 -0.4168526681061302 0.18932866748733648
57 -3.7587160858577318 2.3792729714847574
58 0.041622919349610446 2.526643803491124
59 1.8284982849875362 -1.2541218120193962
60 1.650814736254393 1.0779193853305613
61 2.403607269523091 1.3838840708085338
62 -0.3863827612519158 -1.382516609445473
63 2.9547804254453864 -0.1289468295373251
64 -2.183036812980284 1.5585279191080832
65 2.847155698041874 -0.8798186515561073
66 -3.2721157729301584 -2.676245949129141
67 -0.46442157978923204 -0.4533789286951588
68 0.3820259885010977 1.1446929992005814
69 2.260246019194124 3.140083072906466e-17
70 -0.3820259885010975 1.1446929992005812
71 -0.4644215797892327 0.4533789286951584
72 3.2721157729301584 -2.676245949129141
73 2.847155698041874 0.8798186515561071
74 2.183036812980284 1.558527919108084
75 2.9547804254453864 0.1289468295373251
76 0.3863827612519164 -1.3825166094454733
77 2.403607269523091 -1.3838840708085334
78 -0.7634261073491073 -1.5529667629721264
79 -1.4297800778396372 -0.007674142684804779
80 -0.6326433129680076 1.9433113071365669
81 1.3578566963022394 -0.10715183068874098
82 -0.29673921744340565 0.3846408480117079
83 -1.497148051417164 0.40615935075080994
84 1.241177476361876 0.6992167613394396
85 1.1002202043734244 0.17716582232218892
86 0.3078814743846973 -0.06955624255011993
87 -2.727159539094977 -9.274837857503117e-18
88 -0.3078814743846973 -0.06955624255012027
89 1.100220204373425 -0.17716582232218878
90 -1.2411774763618761 0.6992167613394394
91 -1.4971480514171633 -0.40615935075081006
92 0.29673921744340603 0.3846408480117079
93 1.3578566963022396 0.10715183068874098
94 0.6326433129680077 1.9433113071365669
95 -1.4297800778396375 0.007674142684804919
96 0.7634261073491074 -1.5529667629721264
97 -0.19115693894825972 0.503779273631313
98 -2.6121563745741407 -0.6690163654745849
99 0.8964917905334214 -1.0180124909155936
100 0.16375137423911051 -0.24615586438831957
101 -2.2248248601352834 0.2888221824274843
102 -1.2324096316892572 1.0430986977394918
103 1.9287999732726704 0.9608864312404087
104 0.1642893374663683 -0.8052334851436291
105 0.23627000113674684 -0.9134080568056835
106 -0.44784466195704764 -0.21931530644049968
107 0.029431584414932228 3.496202830212678e-18
108 0.44784466195704764 -0.2193153064404997
109 0.2362700011367468 0.9134080568056835
110 -0.16428933746636915 -0.8052334851436291
111 1.9287999732726704 -0.9608864312404087
112 1.2324096316892577 1.0430986977394916
113 -2.2248248601352834 -0.288822182427484
114 -0.16375137423911026 -0.24615586438831935
115 0.8964917905334214 1.0180124909155936
116 2.6121563745741407 -0.6690163654745848
117 -0.19115693894825975 -0.5037792736313133
