0 0.0 0.0 0.0
1 0.0 0.0 0.0
2 -0.00179728177878 0.0 0.0
3 -0.00179728177878 0.0 0.0
4 -0.00179728177878 0.0 0.0
5 -0.00179728177878 0.0 0.0
6 -0.00179728177878 0.0 0.0
7 -0.00179728177878 0.0 0.0
8 -0.00179728177878 0.0 0.0
9 -0.00179728177878 0.0 0.0
10 -0.00179728177878 0.0 0.0
11 -0.00179728177878 0.0 0.0
12 -0.00179728177878 0.0 0.0
13 -0.00179728177878 0.0 0.0
14 -0.00179728177878 0.0 0.0
15 -0.00179728177878 0.0 0.0
16 -0.00179728177878 0.0 0.0
17 -0.00179728177878 0.0 0.0
18 -0.00179728177878 0.0 0.0
19 -0.00179728177878 0.0 0.0
20 -0.00179728177878 0.0 0.0
21 -0.00179728177878 0.0 0.0
22 -0.00179728177878 0.0 0.0
23 -0.00179728177878 0.0 0.0
24 -0.00179728177878 0.0 0.0
25 -0.00179728177878 0.0 0.0
26 -0.00179728177878 0.0 0.0
27 -0.00179728177878 0.0 0.0
28 -0.00179728177878 0.0 0.0
29 -0.00179728177878 0.0 0.0
30 -0.00179728177878 0.0 0.0
31 -0.00179728177878 0.0 0.0
32 -0.00179728177878 0.0 0.0
33 -0.00179728177878 0.0 0.0
34 -0.00179728177878 0.0 0.0
35 -0.00179728177878 0.0 0.0
36 -0.00179728177878 0.0 0.0
37 -0.00179728177878 0.0 0.0
38 -0.00179728177878 0.0 0.0
39 -0.00179728177878 0.0 0.0
40 -0.00179728177878 0.0 0.0
41 -0.00179728177878 0.0 0.0
42 -0.00179728177878 0.0 0.0
43 -0.00179728177878 0.0 0.0
44 -0.00179728177878 0.0 0.0
45 -0.00179728177878 0.0 0.0
46 -0.00179728177878 0.0 0.0
47 -0.00179728177878 0.0 0.0
48 -0.00179728177878 0.0 0.0
49 -0.00179728177878 0.0 0.0
50 -0.00179728177878 0.0 0.0
51 -0.000873461823111 0.0 0.0
52 -0.000873461823111 0.0 0.0
53 -0.000873461823111 0.0 0.0
54 -0.000873461823111 0.0 0.0
55 -0.000873461823111 0.0 0.0
56 -0.000873461823111 0.0 0.0
57 -0.000873461823111 0.0 0.0
58 -0.000873461823111 0.0 0.0
59 -0.000873461823111 0.0 0.0
60 -0.000873461823111 0.0 0.0
61 -0.000873461823111 0.0 0.0
62 -0.000873461823111 0.0 0.0
63 -0.000873461823111 0.0 0.0
64 -0.000873461823111 0.0 0.0
65 -0.000873461823111 0.0 0.0
66 -0.000873461823111 0.0 0.0
67 -0.000873461823111 0.0 0.0
68 -0.000873461823111 0.0 0.0
69 -0.000873461823111 0.0 0.0
70 -0.000873461823111 0.0 0.0
71 -0.000873461823111 0.0 0.0
72 -0.000873461823111 0.0 0.0
73 -0.000873461823111 0.0 0.0
74 -0.000873461823111 0.0 0.0
75 -0.000873461823111 0.0 0.0
76 -0.000873461823111 0.0 0.0
77 -0.000873461823111 0.0 0.0
78 -0.000873461823111 0.0 0.0
79 -0.000873461823111 0.0 0.0
80 -0.000873461823111 0.0 0.0
81 -0.000873461823111 0.0 0.0
82 -0.000873461823111 0.0 0.0
83 -0.000873461823111 0.0 0.0
84 -0.000873461823111 0.0 0.0
85 -0.000873461823111 0.0 0.0
86 -0.000873461823111 0.0 0.0
87 -0.000873461823111 0.0 0.0
88 -0.000873461823111 0.0 0.0
89 -0.000873461823111 0.0 0.0
90 -0.000873461823111 0.0 0.0
91 -0.000873461823111 0.0 0.0
92 -0.000873461823111 0.0 0.0
93 -0.000873461823111 0.0 0.0
94 -0.000873461823111 0.0 0.0
95 -0.000873461823111 0.0 0.0
96 -0.000873461823111 0.0 0.0
97 -0.000873461823111 0.0 0.0
98 -0.000873461823111 0.0 0.0
99 -0.000873461823111 0.0 0.0
100 -0.000873461823111 0.0 0.0
101 0.000236492783754 0.00206962729111 -0.0422856357318
102 0.000236492783754 0.00206962729111 -0.0422856357318
103 0.000236492783754 0.00206962729111 -0.0422856357318
104 0.000236492783754 0.00206962729111 -0.0422856357318
105 0.000236492783754 0.00206962729111 -0.0422856357318
106 0.000236492783754 0.00206962729111 -0.0422856357318
107 0.000236492783754 0.00206962729111 -0.0422856357318
108 0.000236492783754 0.00206962729111 -0.0422856357318
109 0.000236492783754 0.00206962729111 -0.0422856357318
110 0.000236492783754 0.00206962729111 -0.0422856357318
111 0.000236492783754 0.00206962729111 -0.0422856357318
112 0.000236492783754 0.00206962729111 -0.0422856357318
113 0.000236492783754 0.00206962729111 -0.0422856357318
114 0.000236492783754 0.00206962729111 -0.0422856357318
115 0.000236492783754 0.00206962729111 -0.0422856357318
116 0.000236492783754 0.00206962729111 -0.0422856357318
117 0.000236492783754 0.00206962729111 -0.0422856357318
118 0.000236492783754 0.00206962729111 -0.0422856357318
119 0.000236492783754 0.00206962729111 -0.0422856357318
120 0.000236492783754 0.00206962729111 -0.0422856357318
121 0.000236492783754 0.00206962729111 -0.0422856357318
122 0.000236492783754 0.00206962729111 -0.0422856357318
123 0.000236492783754 0.00206962729111 -0.0422856357318
124 0.000236492783754 0.00206962729111 -0.0422856357318
125 0.000236492783754 0.00206962729111 -0.0422856357318
126 0.000236492783754 0.00206962729111 -0.0422856357318
127 0.000236492783754 0.00206962729111 -0.0422856357318
128 0.000236492783754 0.00206962729111 -0.0422856357318
129 0.000236492783754 0.00206962729111 -0.0422856357318
130 0.000236492783754 0.00206962729111 -0.0422856357318
131 0.000236492783754 0.00206962729111 -0.0422856357318
132 0.000236492783754 0.00206962729111 -0.0422856357318
133 0.000236492783754 0.00206962729111 -0.0422856357318
134 0.000236492783754 0.00206962729111 -0.0422856357318
135 0.000236492783754 0.00206962729111 -0.0422856357318
136 0.000236492783754 0.00206962729111 -0.0422856357318
137 0.000236492783754 0.00206962729111 -0.0422856357318
138 0.000236492783754 0.00206962729111 -0.0422856357318
139 0.000236492783754 0.00206962729111 -0.0422856357318
140 0.000236492783754 0.00206962729111 -0.0422856357318
141 0.000236492783754 0.00206962729111 -0.0422856357318
142 0.000236492783754 0.00206962729111 -0.0422856357318
143 0.000236492783754 0.00206962729111 -0.0422856357318
144 0.000236492783754 0.00206962729111 -0.0422856357318
145 0.000236492783754 0.00206962729111 -0.0422856357318
146 0.000236492783754 0.00206962729111 -0.0422856357318
147 0.000236492783754 0.00206962729111 -0.0422856357318
148 0.000236492783754 0.00206962729111 -0.0422856357318
149 0.000236492783754 0.00206962729111 -0.0422856357318
150 0.000236492783754 0.00206962729111 -0.0422856357318
151 -1.03185689738e-05 0.00206962729111 -0.0422856357318
152 -1.03185689738e-05 0.00206962729111 -0.0422856357318
153 -1.03185689738e-05 0.00206962729111 -0.0422856357318
154 -1.03185689738e-05 0.00206962729111 -0.0422856357318
155 -1.03185689738e-05 0.00206962729111 -0.0422856357318
156 -1.03185689738e-05 0.00206962729111 -0.0422856357318
157 -1.03185689738e-05 0.00206962729111 -0.0422856357318
158 -1.03185689738e-05 0.00206962729111 -0.0422856357318
159 -1.03185689738e-05 0.00206962729111 -0.0422856357318
160 -1.03185689738e-05 0.00206962729111 -0.0422856357318
161 -1.03185689738e-05 0.00206962729111 -0.0422856357318
162 -1.03185689738e-05 0.00206962729111 -0.0422856357318
163 -1.03185689738e-05 0.00206962729111 -0.0422856357318
164 -1.03185689738e-05 0.00206962729111 -0.0422856357318
165 -1.03185689738e-05 0.00206962729111 -0.0422856357318
166 -1.03185689738e-05 0.00206962729111 -0.0422856357318
167 -1.03185689738e-05 0.00206962729111 -0.0422856357318
168 -1.03185689738e-05 0.00206962729111 -0.0422856357318
169 -1.03185689738e-05 0.00206962729111 -0.0422856357318
170 -1.03185689738e-05 0.00206962729111 -0.0422856357318
171 -1.03185689738e-05 0.00206962729111 -0.0422856357318
172 -1.03185689738e-05 0.00206962729111 -0.0422856357318
173 -1.03185689738e-05 0.00206962729111 -0.0422856357318
174 -1.03185689738e-05 0.00206962729111 -0.0422856357318
175 -1.03185689738e-05 0.00206962729111 -0.0422856357318
176 -1.03185689738e-05 0.00206962729111 -0.0422856357318
177 -1.03185689738e-05 0.00206962729111 -0.0422856357318
178 -1.03185689738e-05 0.00206962729111 -0.0422856357318
179 -1.03185689738e-05 0.00206962729111 -0.0422856357318
180 -1.03185689738e-05 0.00206962729111 -0.0422856357318
181 -1.03185689738e-05 0.00206962729111 -0.0422856357318
182 -1.03185689738e-05 0.00206962729111 -0.0422856357318
183 -1.03185689738e-05 0.00206962729111 -0.0422856357318
184 -1.03185689738e-05 0.00206962729111 -0.0422856357318
185 -1.03185689738e-05 0.00206962729111 -0.0422856357318
186 -1.03185689738e-05 0.00206962729111 -0.0422856357318
187 -1.03185689738e-05 0.00206962729111 -0.0422856357318
188 -1.03185689738e-05 0.00206962729111 -0.0422856357318
189 -1.03185689738e-05 0.00206962729111 -0.0422856357318
190 -1.03185689738e-05 0.00206962729111 -0.0422856357318
191 -1.03185689738e-05 0.00206962729111 -0.0422856357318
192 -1.03185689738e-05 0.00206962729111 -0.0422856357318
193 -1.03185689738e-05 0.00206962729111 -0.0422856357318
194 -1.03185689738e-05 0.00206962729111 -0.0422856357318
195 -1.03185689738e-05 0.00206962729111 -0.0422856357318
196 -1.03185689738e-05 0.00206962729111 -0.0422856357318
197 -1.03185689738e-05 0.00206962729111 -0.0422856357318
198 -1.03185689738e-05 0.00206962729111 -0.0422856357318
199 -1.03185689738e-05 0.00206962729111 -0.0422856357318
200 -1.03185689738e-05 0.00206962729111 -0.0422856357318
201 -0.00049143875712 0.00721732922577 -0.00779163497745
202 -0.00049143875712 0.00721732922577 -0.00779163497745
203 -0.00049143875712 0.00721732922577 -0.00779163497745
204 -0.00049143875712 0.00721732922577 -0.00779163497745
205 -0.00049143875712 0.00721732922577 -0.00779163497745
206 -0.00049143875712 0.00721732922577 -0.00779163497745
207 -0.00049143875712 0.00721732922577 -0.00779163497745
208 -0.00049143875712 0.00721732922577 -0.00779163497745
209 -0.00049143875712 0.00721732922577 -0.00779163497745
210 -0.00049143875712 0.00721732922577 -0.00779163497745
211 -0.00049143875712 0.00721732922577 -0.00779163497745
212 -0.00049143875712 0.00721732922577 -0.00779163497745
213 -0.00049143875712 0.00721732922577 -0.00779163497745
214 -0.00049143875712 0.00721732922577 -0.00779163497745
215 -0.00049143875712 0.00721732922577 -0.00779163497745
216 -0.00049143875712 0.00721732922577 -0.00779163497745
217 -0.00049143875712 0.00721732922577 -0.00779163497745
218 -0.00049143875712 0.00721732922577 -0.00779163497745
219 -0.00049143875712 0.00721732922577 -0.00779163497745
220 -0.00049143875712 0.00721732922577 -0.00779163497745
221 -0.00049143875712 0.00721732922577 -0.00779163497745
222 -0.00049143875712 0.00721732922577 -0.00779163497745
223 -0.00049143875712 0.00721732922577 -0.00779163497745
224 -0.00049143875712 0.00721732922577 -0.00779163497745
225 -0.00049143875712 0.00721732922577 -0.00779163497745
226 -0.00049143875712 0.00721732922577 -0.00779163497745
227 -0.00049143875712 0.00721732922577 -0.00779163497745
228 -0.00049143875712 0.00721732922577 -0.00779163497745
229 -0.00049143875712 0.00721732922577 -0.00779163497745
230 -0.00049143875712 0.00721732922577 -0.00779163497745
231 -0.00049143875712 0.00721732922577 -0.00779163497745
232 -0.00049143875712 0.00721732922577 -0.00779163497745
233 -0.00049143875712 0.00721732922577 -0.00779163497745
234 -0.00049143875712 0.00721732922577 -0.00779163497745
235 -0.00049143875712 0.00721732922577 -0.00779163497745
236 -0.00049143875712 0.00721732922577 -0.00779163497745
237 -0.00049143875712 0.00721732922577 -0.00779163497745
238 -0.00049143875712 0.00721732922577 -0.00779163497745
239 -0.00049143875712 0.00721732922577 -0.00779163497745
240 -0.00049143875712 0.00721732922577 -0.00779163497745
241 -0.00049143875712 0.00721732922577 -0.00779163497745
242 -0.00049143875712 0.00721732922577 -0.00779163497745
243 -0.00049143875712 0.00721732922577 -0.00779163497745
244 -0.00049143875712 0.00721732922577 -0.00779163497745
245 -0.00049143875712 0.00721732922577 -0.00779163497745
246 -0.00049143875712 0.00721732922577 -0.00779163497745
247 -0.00049143875712 0.00721732922577 -0.00779163497745
248 -0.00049143875712 0.00721732922577 -0.00779163497745
249 -0.00049143875712 0.00721732922577 -0.00779163497745
250 -0.00049143875712 0.00721732922577 -0.00779163497745
251 -0.000972016030466 0.00721732922577 -0.00779163497745
252 -0.000972016030466 0.00721732922577 -0.00779163497745
253 -0.000972016030466 0.00721732922577 -0.00779163497745
254 -0.000972016030466 0.00721732922577 -0.00779163497745
255 -0.000972016030466 0.00721732922577 -0.00779163497745
256 -0.000972016030466 0.00721732922577 -0.00779163497745
257 -0.000972016030466 0.00721732922577 -0.00779163497745
258 -0.000972016030466 0.00721732922577 -0.00779163497745
259 -0.000972016030466 0.00721732922577 -0.00779163497745
260 -0.000972016030466 0.00721732922577 -0.00779163497745
261 -0.000972016030466 0.00721732922577 -0.00779163497745
262 -0.000972016030466 0.00721732922577 -0.00779163497745
263 -0.000972016030466 0.00721732922577 -0.00779163497745
264 -0.000972016030466 0.00721732922577 -0.00779163497745
265 -0.000972016030466 0.00721732922577 -0.00779163497745
266 -0.000972016030466 0.00721732922577 -0.00779163497745
267 -0.000972016030466 0.00721732922577 -0.00779163497745
268 -0.000972016030466 0.00721732922577 -0.00779163497745
269 -0.000972016030466 0.00721732922577 -0.00779163497745
270 -0.000972016030466 0.00721732922577 -0.00779163497745
271 -0.000972016030466 0.00721732922577 -0.00779163497745
272 -0.000972016030466 0.00721732922577 -0.00779163497745
273 -0.000972016030466 0.00721732922577 -0.00779163497745
274 -0.000972016030466 0.00721732922577 -0.00779163497745
275 -0.000972016030466 0.00721732922577 -0.00779163497745
276 -0.000972016030466 0.00721732922577 -0.00779163497745
277 -0.000972016030466 0.00721732922577 -0.00779163497745
278 -0.000972016030466 0.00721732922577 -0.00779163497745
279 -0.000972016030466 0.00721732922577 -0.00779163497745
280 -0.000972016030466 0.00721732922577 -0.00779163497745
281 -0.000972016030466 0.00721732922577 -0.00779163497745
282 -0.000972016030466 0.00721732922577 -0.00779163497745
283 -0.000972016030466 0.00721732922577 -0.00779163497745
284 -0.000972016030466 0.00721732922577 -0.00779163497745
285 -0.000972016030466 0.00721732922577 -0.00779163497745
286 -0.000972016030466 0.00721732922577 -0.00779163497745
287 -0.000972016030466 0.00721732922577 -0.00779163497745
288 -0.000972016030466 0.00721732922577 -0.00779163497745
289 -0.000972016030466 0.00721732922577 -0.00779163497745
290 -0.000972016030466 0.00721732922577 -0.00779163497745
291 -0.000972016030466 0.00721732922577 -0.00779163497745
292 -0.000972016030466 0.00721732922577 -0.00779163497745
293 -0.000972016030466 0.00721732922577 -0.00779163497745
294 -0.000972016030466 0.00721732922577 -0.00779163497745
295 -0.000972016030466 0.00721732922577 -0.00779163497745
296 -0.000972016030466 0.00721732922577 -0.00779163497745
297 -0.000972016030466 0.00721732922577 -0.00779163497745
298 -0.000972016030466 0.00721732922577 -0.00779163497745
299 -0.000972016030466 0.00721732922577 -0.00779163497745
300 -0.000972016030466 0.00721732922577 -0.00779163497745
301 -0.000623198631388 0.00374500893301 0.00835610436148
302 -0.000623198631388 0.00374500893301 0.00835610436148
303 -0.000623198631388 0.00374500893301 0.00835610436148
304 -0.000623198631388 0.00374500893301 0.00835610436148
305 -0.000623198631388 0.00374500893301 0.00835610436148
306 -0.000623198631388 0.00374500893301 0.00835610436148
307 -0.000623198631388 0.00374500893301 0.00835610436148
308 -0.000623198631388 0.00374500893301 0.00835610436148
309 -0.000623198631388 0.00374500893301 0.00835610436148
310 -0.000623198631388 0.00374500893301 0.00835610436148
311 -0.000623198631388 0.00374500893301 0.00835610436148
312 -0.000623198631388 0.00374500893301 0.00835610436148
313 -0.000623198631388 0.00374500893301 0.00835610436148
314 -0.000623198631388 0.00374500893301 0.00835610436148
315 -0.000623198631388 0.00374500893301 0.00835610436148
316 -0.000623198631388 0.00374500893301 0.00835610436148
317 -0.000623198631388 0.00374500893301 0.00835610436148
318 -0.000623198631388 0.00374500893301 0.00835610436148
319 -0.000623198631388 0.00374500893301 0.00835610436148
320 -0.000623198631388 0.00374500893301 0.00835610436148
321 -0.000623198631388 0.00374500893301 0.00835610436148
322 -0.000623198631388 0.00374500893301 0.00835610436148
323 -0.000623198631388 0.00374500893301 0.00835610436148
324 -0.000623198631388 0.00374500893301 0.00835610436148
325 -0.000623198631388 0.00374500893301 0.00835610436148
326 -0.000623198631388 0.00374500893301 0.00835610436148
327 -0.000623198631388 0.00374500893301 0.00835610436148
328 -0.000623198631388 0.00374500893301 0.00835610436148
329 -0.000623198631388 0.00374500893301 0.00835610436148
330 -0.000623198631388 0.00374500893301 0.00835610436148
331 -0.000623198631388 0.00374500893301 0.00835610436148
332 -0.000623198631388 0.00374500893301 0.00835610436148
333 -0.000623198631388 0.00374500893301 0.00835610436148
334 -0.000623198631388 0.00374500893301 0.00835610436148
335 -0.000623198631388 0.00374500893301 0.00835610436148
336 -0.000623198631388 0.00374500893301 0.00835610436148
337 -0.000623198631388 0.00374500893301 0.00835610436148
338 -0.000623198631388 0.00374500893301 0.00835610436148
339 -0.000623198631388 0.00374500893301 0.00835610436148
340 -0.000623198631388 0.00374500893301 0.00835610436148
341 -0.000623198631388 0.00374500893301 0.00835610436148
342 -0.000623198631388 0.00374500893301 0.00835610436148
343 -0.000623198631388 0.00374500893301 0.00835610436148
344 -0.000623198631388 0.00374500893301 0.00835610436148
345 -0.000623198631388 0.00374500893301 0.00835610436148
346 -0.000623198631388 0.00374500893301 0.00835610436148
347 -0.000623198631388 0.00374500893301 0.00835610436148
348 -0.000623198631388 0.00374500893301 0.00835610436148
349 -0.000623198631388 0.00374500893301 0.00835610436148
350 -0.000623198631388 0.00374500893301 0.00835610436148
351 -0.000793491608004 0.00374500893301 0.00835610436148
352 -0.000793491608004 0.00374500893301 0.00835610436148
353 -0.000793491608004 0.00374500893301 0.00835610436148
354 -0.000793491608004 0.00374500893301 0.00835610436148
355 -0.000793491608004 0.00374500893301 0.00835610436148
356 -0.000793491608004 0.00374500893301 0.00835610436148
357 -0.000793491608004 0.00374500893301 0.00835610436148
358 -0.000793491608004 0.00374500893301 0.00835610436148
359 -0.000793491608004 0.00374500893301 0.00835610436148
360 -0.000793491608004 0.00374500893301 0.00835610436148
361 -0.000793491608004 0.00374500893301 0.00835610436148
362 -0.000793491608004 0.00374500893301 0.00835610436148
363 -0.000793491608004 0.00374500893301 0.00835610436148
364 -0.000793491608004 0.00374500893301 0.00835610436148
365 -0.000793491608004 0.00374500893301 0.00835610436148
366 -0.000793491608004 0.00374500893301 0.00835610436148
367 -0.000793491608004 0.00374500893301 0.00835610436148
368 -0.000793491608004 0.00374500893301 0.00835610436148
369 -0.000793491608004 0.00374500893301 0.00835610436148
370 -0.000793491608004 0.00374500893301 0.00835610436148
371 -0.000793491608004 0.00374500893301 0.00835610436148
372 -0.000793491608004 0.00374500893301 0.00835610436148
373 -0.000793491608004 0.00374500893301 0.00835610436148
374 -0.000793491608004 0.00374500893301 0.00835610436148
375 -0.000793491608004 0.00374500893301 0.00835610436148
376 -0.000793491608004 0.00374500893301 0.00835610436148
377 -0.000793491608004 0.00374500893301 0.00835610436148
378 -0.000793491608004 0.00374500893301 0.00835610436148
379 -0.000793491608004 0.00374500893301 0.00835610436148
380 -0.000793491608004 0.00374500893301 0.00835610436148
381 -0.000793491608004 0.00374500893301 0.00835610436148
382 -0.000793491608004 0.00374500893301 0.00835610436148
383 -0.000793491608004 0.00374500893301 0.00835610436148
384 -0.000793491608004 0.00374500893301 0.00835610436148
385 -0.000793491608004 0.00374500893301 0.00835610436148
386 -0.000793491608004 0.00374500893301 0.00835610436148
387 -0.000793491608004 0.00374500893301 0.00835610436148
388 -0.000793491608004 0.00374500893301 0.00835610436148
389 -0.000793491608004 0.00374500893301 0.00835610436148
390 -0.000793491608004 0.00374500893301 0.00835610436148
391 -0.000793491608004 0.00374500893301 0.00835610436148
392 -0.000793491608004 0.00374500893301 0.00835610436148
393 -0.000793491608004 0.00374500893301 0.00835610436148
394 -0.000793491608004 0.00374500893301 0.00835610436148
395 -0.000793491608004 0.00374500893301 0.00835610436148
396 -0.000793491608004 0.00374500893301 0.00835610436148
397 -0.000793491608004 0.00374500893301 0.00835610436148
398 -0.000793491608004 0.00374500893301 0.00835610436148
399 -0.000793491608004 0.00374500893301 0.00835610436148
400 -0.000793491608004 0.00374500893301 0.00835610436148
401 -0.000910583968774 0.00089077475075 -0.017617403956
402 -0.000910583968774 0.00089077475075 -0.017617403956
403 -0.000910583968774 0.00089077475075 -0.017617403956
404 -0.000910583968774 0.00089077475075 -0.017617403956
405 -0.000910583968774 0.00089077475075 -0.017617403956
406 -0.000910583968774 0.00089077475075 -0.017617403956
407 -0.000910583968774 0.00089077475075 -0.017617403956
408 -0.000910583968774 0.00089077475075 -0.017617403956
409 -0.000910583968774 0.00089077475075 -0.017617403956
410 -0.000910583968774 0.00089077475075 -0.017617403956
411 -0.000910583968774 0.00089077475075 -0.017617403956
412 -0.000910583968774 0.00089077475075 -0.017617403956
413 -0.000910583968774 0.00089077475075 -0.017617403956
414 -0.000910583968774 0.00089077475075 -0.017617403956
415 -0.000910583968774 0.00089077475075 -0.017617403956
416 -0.000910583968774 0.00089077475075 -0.017617403956
417 -0.000910583968774 0.00089077475075 -0.017617403956
418 -0.000910583968774 0.00089077475075 -0.017617403956
419 -0.000910583968774 0.00089077475075 -0.017617403956
420 -0.000910583968774 0.00089077475075 -0.017617403956
421 -0.000910583968774 0.00089077475075 -0.017617403956
422 -0.000910583968774 0.00089077475075 -0.017617403956
423 -0.000910583968774 0.00089077475075 -0.017617403956
424 -0.000910583968774 0.00089077475075 -0.017617403956
425 -0.000910583968774 0.00089077475075 -0.017617403956
426 -0.000910583968774 0.00089077475075 -0.017617403956
427 -0.000910583968774 0.00089077475075 -0.017617403956
428 -0.000910583968774 0.00089077475075 -0.017617403956
429 -0.000910583968774 0.00089077475075 -0.017617403956
430 -0.000910583968774 0.00089077475075 -0.017617403956
431 -0.000910583968774 0.00089077475075 -0.017617403956
432 -0.000910583968774 0.00089077475075 -0.017617403956
433 -0.000910583968774 0.00089077475075 -0.017617403956
434 -0.000910583968774 0.00089077475075 -0.017617403956
435 -0.000910583968774 0.00089077475075 -0.017617403956
436 -0.000910583968774 0.00089077475075 -0.017617403956
437 -0.000910583968774 0.00089077475075 -0.017617403956
438 -0.000910583968774 0.00089077475075 -0.017617403956
439 -0.000910583968774 0.00089077475075 -0.017617403956
440 -0.000910583968774 0.00089077475075 -0.017617403956
441 -0.000910583968774 0.00089077475075 -0.017617403956
442 -0.000910583968774 0.00089077475075 -0.017617403956
443 -0.000910583968774 0.00089077475075 -0.017617403956
444 -0.000910583968774 0.00089077475075 -0.017617403956
445 -0.000910583968774 0.00089077475075 -0.017617403956
446 -0.000910583968774 0.00089077475075 -0.017617403956
447 -0.000910583968774 0.00089077475075 -0.017617403956
448 -0.000910583968774 0.00089077475075 -0.017617403956
449 -0.000910583968774 0.00089077475075 -0.017617403956
450 -0.000910583968774 0.00089077475075 -0.017617403956
451 -0.00110917828015 0.00089077475075 -0.017617403956
452 -0.00110917828015 0.00089077475075 -0.017617403956
453 -0.00110917828015 0.00089077475075 -0.017617403956
454 -0.00110917828015 0.00089077475075 -0.017617403956
455 -0.00110917828015 0.00089077475075 -0.017617403956
456 -0.00110917828015 0.00089077475075 -0.017617403956
457 -0.00110917828015 0.00089077475075 -0.017617403956
458 -0.00110917828015 0.00089077475075 -0.017617403956
459 -0.00110917828015 0.00089077475075 -0.017617403956
460 -0.00110917828015 0.00089077475075 -0.017617403956
461 -0.00110917828015 0.00089077475075 -0.017617403956
462 -0.00110917828015 0.00089077475075 -0.017617403956
463 -0.00110917828015 0.00089077475075 -0.017617403956
464 -0.00110917828015 0.00089077475075 -0.017617403956
465 -0.00110917828015 0.00089077475075 -0.017617403956
466 -0.00110917828015 0.00089077475075 -0.017617403956
467 -0.00110917828015 0.00089077475075 -0.017617403956
468 -0.00110917828015 0.00089077475075 -0.017617403956
469 -0.00110917828015 0.00089077475075 -0.017617403956
470 -0.00110917828015 0.00089077475075 -0.017617403956
471 -0.00110917828015 0.00089077475075 -0.017617403956
472 -0.00110917828015 0.00089077475075 -0.017617403956
473 -0.00110917828015 0.00089077475075 -0.017617403956
474 -0.00110917828015 0.00089077475075 -0.017617403956
475 -0.00110917828015 0.00089077475075 -0.017617403956
476 -0.00110917828015 0.00089077475075 -0.017617403956
477 -0.00110917828015 0.00089077475075 -0.017617403956
478 -0.00110917828015 0.00089077475075 -0.017617403956
479 -0.00110917828015 0.00089077475075 -0.017617403956
480 -0.00110917828015 0.00089077475075 -0.017617403956
481 -0.00110917828015 0.00089077475075 -0.017617403956
482 -0.00110917828015 0.00089077475075 -0.017617403956
483 -0.00110917828015 0.00089077475075 -0.017617403956
484 -0.00110917828015 0.00089077475075 -0.017617403956
485 -0.00110917828015 0.00089077475075 -0.017617403956
486 -0.00110917828015 0.00089077475075 -0.017617403956
487 -0.00110917828015 0.00089077475075 -0.017617403956
488 -0.00110917828015 0.00089077475075 -0.017617403956
489 -0.00110917828015 0.00089077475075 -0.017617403956
490 -0.00110917828015 0.00089077475075 -0.017617403956
491 -0.00110917828015 0.00089077475075 -0.017617403956
492 -0.00110917828015 0.00089077475075 -0.017617403956
493 -0.00110917828015 0.00089077475075 -0.017617403956
494 -0.00110917828015 0.00089077475075 -0.017617403956
495 -0.00110917828015 0.00089077475075 -0.017617403956
496 -0.00110917828015 0.00089077475075 -0.017617403956
497 -0.00110917828015 0.00089077475075 -0.017617403956
498 -0.00110917828015 0.00089077475075 -0.017617403956
499 -0.00110917828015 0.00089077475075 -0.017617403956
500 -0.00110917828015 0.00089077475075 -0.017617403956
501 -0.00275911711702 0.0254932654764 -0.0148088967144
502 -0.00275911711702 0.0254932654764 -0.0148088967144
503 -0.00275911711702 0.0254932654764 -0.0148088967144
504 -0.00275911711702 0.0254932654764 -0.0148088967144
505 -0.00275911711702 0.0254932654764 -0.0148088967144
506 -0.00275911711702 0.0254932654764 -0.0148088967144
507 -0.00275911711702 0.0254932654764 -0.0148088967144
508 -0.00275911711702 0.0254932654764 -0.0148088967144
509 -0.00275911711702 0.0254932654764 -0.0148088967144
510 -0.00275911711702 0.0254932654764 -0.0148088967144
511 -0.00275911711702 0.0254932654764 -0.0148088967144
512 -0.00275911711702 0.0254932654764 -0.0148088967144
513 -0.00275911711702 0.0254932654764 -0.0148088967144
514 -0.00275911711702 0.0254932654764 -0.0148088967144
515 -0.00275911711702 0.0254932654764 -0.0148088967144
516 -0.00275911711702 0.0254932654764 -0.0148088967144
517 -0.00275911711702 0.0254932654764 -0.0148088967144
518 -0.00275911711702 0.0254932654764 -0.0148088967144
519 -0.00275911711702 0.0254932654764 -0.0148088967144
520 -0.00275911711702 0.0254932654764 -0.0148088967144
521 -0.00275911711702 0.0254932654764 -0.0148088967144
522 -0.00275911711702 0.0254932654764 -0.0148088967144
523 -0.00275911711702 0.0254932654764 -0.0148088967144
524 -0.00275911711702 0.0254932654764 -0.0148088967144
525 -0.00275911711702 0.0254932654764 -0.0148088967144
526 -0.00275911711702 0.0254932654764 -0.0148088967144
527 -0.00275911711702 0.0254932654764 -0.0148088967144
528 -0.00275911711702 0.0254932654764 -0.0148088967144
529 -0.00275911711702 0.0254932654764 -0.0148088967144
530 -0.00275911711702 0.0254932654764 -0.0148088967144
531 -0.00275911711702 0.0254932654764 -0.0148088967144
532 -0.00275911711702 0.0254932654764 -0.0148088967144
533 -0.00275911711702 0.0254932654764 -0.0148088967144
534 -0.00275911711702 0.0254932654764 -0.0148088967144
535 -0.00275911711702 0.0254932654764 -0.0148088967144
536 -0.00275911711702 0.0254932654764 -0.0148088967144
537 -0.00275911711702 0.0254932654764 -0.0148088967144
538 -0.00275911711702 0.0254932654764 -0.0148088967144
539 -0.00275911711702 0.0254932654764 -0.0148088967144
540 -0.00275911711702 0.0254932654764 -0.0148088967144
541 -0.00275911711702 0.0254932654764 -0.0148088967144
542 -0.00275911711702 0.0254932654764 -0.0148088967144
543 -0.00275911711702 0.0254932654764 -0.0148088967144
544 -0.00275911711702 0.0254932654764 -0.0148088967144
545 -0.00275911711702 0.0254932654764 -0.0148088967144
546 -0.00275911711702 0.0254932654764 -0.0148088967144
547 -0.00275911711702 0.0254932654764 -0.0148088967144
548 -0.00275911711702 0.0254932654764 -0.0148088967144
549 -0.00275911711702 0.0254932654764 -0.0148088967144
550 -0.00275911711702 0.0254932654764 -0.0148088967144
551 -0.00302183269554 0.0254932654764 -0.0148088967144
552 -0.00302183269554 0.0254932654764 -0.0148088967144
553 -0.00302183269554 0.0254932654764 -0.0148088967144
554 -0.00302183269554 0.0254932654764 -0.0148088967144
555 -0.00302183269554 0.0254932654764 -0.0148088967144
556 -0.00302183269554 0.0254932654764 -0.0148088967144
557 -0.00302183269554 0.0254932654764 -0.0148088967144
558 -0.00302183269554 0.0254932654764 -0.0148088967144
559 -0.00302183269554 0.0254932654764 -0.0148088967144
560 -0.00302183269554 0.0254932654764 -0.0148088967144
561 -0.00302183269554 0.0254932654764 -0.0148088967144
562 -0.00302183269554 0.0254932654764 -0.0148088967144
563 -0.00302183269554 0.0254932654764 -0.0148088967144
564 -0.00302183269554 0.0254932654764 -0.0148088967144
565 -0.00302183269554 0.0254932654764 -0.0148088967144
566 -0.00302183269554 0.0254932654764 -0.0148088967144
567 -0.00302183269554 0.0254932654764 -0.0148088967144
568 -0.00302183269554 0.0254932654764 -0.0148088967144
569 -0.00302183269554 0.0254932654764 -0.0148088967144
570 -0.00302183269554 0.0254932654764 -0.0148088967144
571 -0.00302183269554 0.0254932654764 -0.0148088967144
572 -0.00302183269554 0.0254932654764 -0.0148088967144
573 -0.00302183269554 0.0254932654764 -0.0148088967144
574 -0.00302183269554 0.0254932654764 -0.0148088967144
575 -0.00302183269554 0.0254932654764 -0.0148088967144
576 -0.00302183269554 0.0254932654764 -0.0148088967144
577 -0.00302183269554 0.0254932654764 -0.0148088967144
578 -0.00302183269554 0.0254932654764 -0.0148088967144
579 -0.00302183269554 0.0254932654764 -0.0148088967144
580 -0.00302183269554 0.0254932654764 -0.0148088967144
581 -0.00302183269554 0.0254932654764 -0.0148088967144
582 -0.00302183269554 0.0254932654764 -0.0148088967144
583 -0.00302183269554 0.0254932654764 -0.0148088967144
584 -0.00302183269554 0.0254932654764 -0.0148088967144
585 -0.00302183269554 0.0254932654764 -0.0148088967144
586 -0.00302183269554 0.0254932654764 -0.0148088967144
587 -0.00302183269554 0.0254932654764 -0.0148088967144
588 -0.00302183269554 0.0254932654764 -0.0148088967144
589 -0.00302183269554 0.0254932654764 -0.0148088967144
590 -0.00302183269554 0.0254932654764 -0.0148088967144
591 -0.00302183269554 0.0254932654764 -0.0148088967144
592 -0.00302183269554 0.0254932654764 -0.0148088967144
593 -0.00302183269554 0.0254932654764 -0.0148088967144
594 -0.00302183269554 0.0254932654764 -0.0148088967144
595 -0.00302183269554 0.0254932654764 -0.0148088967144
596 -0.00302183269554 0.0254932654764 -0.0148088967144
597 -0.00302183269554 0.0254932654764 -0.0148088967144
598 -0.00302183269554 0.0254932654764 -0.0148088967144
599 -0.00302183269554 0.0254932654764 -0.0148088967144
600 -0.00302183269554 0.0254932654764 -0.0148088967144
601 -0.00378244903344 0.000927877762425 0.0242884493228
602 -0.00378244903344 0.000927877762425 0.0242884493228
603 -0.00378244903344 0.000927877762425 0.0242884493228
604 -0.00378244903344 0.000927877762425 0.0242884493228
605 -0.00378244903344 0.000927877762425 0.0242884493228
606 -0.00378244903344 0.000927877762425 0.0242884493228
607 -0.00378244903344 0.000927877762425 0.0242884493228
608 -0.00378244903344 0.000927877762425 0.0242884493228
609 -0.00378244903344 0.000927877762425 0.0242884493228
610 -0.00378244903344 0.000927877762425 0.0242884493228
611 -0.00378244903344 0.000927877762425 0.0242884493228
612 -0.00378244903344 0.000927877762425 0.0242884493228
613 -0.00378244903344 0.000927877762425 0.0242884493228
614 -0.00378244903344 0.000927877762425 0.0242884493228
615 -0.00378244903344 0.000927877762425 0.0242884493228
616 -0.00378244903344 0.000927877762425 0.0242884493228
617 -0.00378244903344 0.000927877762425 0.0242884493228
618 -0.00378244903344 0.000927877762425 0.0242884493228
619 -0.00378244903344 0.000927877762425 0.0242884493228
620 -0.00378244903344 0.000927877762425 0.0242884493228
621 -0.00378244903344 0.000927877762425 0.0242884493228
622 -0.00378244903344 0.000927877762425 0.0242884493228
623 -0.00378244903344 0.000927877762425 0.0242884493228
624 -0.00378244903344 0.000927877762425 0.0242884493228
625 -0.00378244903344 0.000927877762425 0.0242884493228
626 -0.00378244903344 0.000927877762425 0.0242884493228
627 -0.00378244903344 0.000927877762425 0.0242884493228
628 -0.00378244903344 0.000927877762425 0.0242884493228
629 -0.00378244903344 0.000927877762425 0.0242884493228
630 -0.00378244903344 0.000927877762425 0.0242884493228
631 -0.00378244903344 0.000927877762425 0.0242884493228
632 -0.00378244903344 0.000927877762425 0.0242884493228
633 -0.00378244903344 0.000927877762425 0.0242884493228
634 -0.00378244903344 0.000927877762425 0.0242884493228
635 -0.00378244903344 0.000927877762425 0.0242884493228
636 -0.00378244903344 0.000927877762425 0.0242884493228
637 -0.00378244903344 0.000927877762425 0.0242884493228
638 -0.00378244903344 0.000927877762425 0.0242884493228
639 -0.00378244903344 0.000927877762425 0.0242884493228
640 -0.00378244903344 0.000927877762425 0.0242884493228
641 -0.00378244903344 0.000927877762425 0.0242884493228
642 -0.00378244903344 0.000927877762425 0.0242884493228
643 -0.00378244903344 0.000927877762425 0.0242884493228
644 -0.00378244903344 0.000927877762425 0.0242884493228
645 -0.00378244903344 0.000927877762425 0.0242884493228
646 -0.00378244903344 0.000927877762425 0.0242884493228
647 -0.00378244903344 0.000927877762425 0.0242884493228
648 -0.00378244903344 0.000927877762425 0.0242884493228
649 -0.00378244903344 0.000927877762425 0.0242884493228
650 -0.00378244903344 0.000927877762425 0.0242884493228
651 -0.00360060397782 0.000927877762425 0.0242884493228
652 -0.00360060397782 0.000927877762425 0.0242884493228
653 -0.00360060397782 0.000927877762425 0.0242884493228
654 -0.00360060397782 0.000927877762425 0.0242884493228
655 -0.00360060397782 0.000927877762425 0.0242884493228
656 -0.00360060397782 0.000927877762425 0.0242884493228
657 -0.00360060397782 0.000927877762425 0.0242884493228
658 -0.00360060397782 0.000927877762425 0.0242884493228
659 -0.00360060397782 0.000927877762425 0.0242884493228
660 -0.00360060397782 0.000927877762425 0.0242884493228
661 -0.00360060397782 0.000927877762425 0.0242884493228
662 -0.00360060397782 0.000927877762425 0.0242884493228
663 -0.00360060397782 0.000927877762425 0.0242884493228
664 -0.00360060397782 0.000927877762425 0.0242884493228
665 -0.00360060397782 0.000927877762425 0.0242884493228
666 -0.00360060397782 0.000927877762425 0.0242884493228
667 -0.00360060397782 0.000927877762425 0.0242884493228
668 -0.00360060397782 0.000927877762425 0.0242884493228
669 -0.00360060397782 0.000927877762425 0.0242884493228
670 -0.00360060397782 0.000927877762425 0.0242884493228
671 -0.00360060397782 0.000927877762425 0.0242884493228
672 -0.00360060397782 0.000927877762425 0.0242884493228
673 -0.00360060397782 0.000927877762425 0.0242884493228
674 -0.00360060397782 0.000927877762425 0.0242884493228
675 -0.00360060397782 0.000927877762425 0.0242884493228
676 -0.00360060397782 0.000927877762425 0.0242884493228
677 -0.00360060397782 0.000927877762425 0.0242884493228
678 -0.00360060397782 0.000927877762425 0.0242884493228
679 -0.00360060397782 0.000927877762425 0.0242884493228
680 -0.00360060397782 0.000927877762425 0.0242884493228
681 -0.00360060397782 0.000927877762425 0.0242884493228
682 -0.00360060397782 0.000927877762425 0.0242884493228
683 -0.00360060397782 0.000927877762425 0.0242884493228
684 -0.00360060397782 0.000927877762425 0.0242884493228
685 -0.00360060397782 0.000927877762425 0.0242884493228
686 -0.00360060397782 0.000927877762425 0.0242884493228
687 -0.00360060397782 0.000927877762425 0.0242884493228
688 -0.00360060397782 0.000927877762425 0.0242884493228
689 -0.00360060397782 0.000927877762425 0.0242884493228
690 -0.00360060397782 0.000927877762425 0.0242884493228
691 -0.00360060397782 0.000927877762425 0.0242884493228
692 -0.00360060397782 0.000927877762425 0.0242884493228
693 -0.00360060397782 0.000927877762425 0.0242884493228
694 -0.00360060397782 0.000927877762425 0.0242884493228
695 -0.00360060397782 0.000927877762425 0.0242884493228
696 -0.00360060397782 0.000927877762425 0.0242884493228
697 -0.00360060397782 0.000927877762425 0.0242884493228
698 -0.00360060397782 0.000927877762425 0.0242884493228
699 -0.00360060397782 0.000927877762425 0.0242884493228
700 -0.00360060397782 0.000927877762425 0.0242884493228
701 0.00732474256997 0.0013374323278 -0.000896048351454
702 0.00732474256997 0.0013374323278 -0.000896048351454
703 0.00732474256997 0.0013374323278 -0.000896048351454
704 0.00732474256997 0.0013374323278 -0.000896048351454
705 0.00732474256997 0.0013374323278 -0.000896048351454
706 0.00732474256997 0.0013374323278 -0.000896048351454
707 0.00732474256997 0.0013374323278 -0.000896048351454
708 0.00732474256997 0.0013374323278 -0.000896048351454
709 0.00732474256997 0.0013374323278 -0.000896048351454
710 0.00732474256997 0.0013374323278 -0.000896048351454
711 0.00732474256997 0.0013374323278 -0.000896048351454
712 0.00732474256997 0.0013374323278 -0.000896048351454
713 0.00732474256997 0.0013374323278 -0.000896048351454
714 0.00732474256997 0.0013374323278 -0.000896048351454
715 0.00732474256997 0.0013374323278 -0.000896048351454
716 0.00732474256997 0.0013374323278 -0.000896048351454
717 0.00732474256997 0.0013374323278 -0.000896048351454
718 0.00732474256997 0.0013374323278 -0.000896048351454
719 0.00732474256997 0.0013374323278 -0.000896048351454
720 0.00732474256997 0.0013374323278 -0.000896048351454
721 0.00732474256997 0.0013374323278 -0.000896048351454
722 0.00732474256997 0.0013374323278 -0.000896048351454
723 0.00732474256997 0.0013374323278 -0.000896048351454
724 0.00732474256997 0.0013374323278 -0.000896048351454
725 0.00732474256997 0.0013374323278 -0.000896048351454
726 0.00732474256997 0.0013374323278 -0.000896048351454
727 0.00732474256997 0.0013374323278 -0.000896048351454
728 0.00732474256997 0.0013374323278 -0.000896048351454
729 0.00732474256997 0.0013374323278 -0.000896048351454
730 0.00732474256997 0.0013374323278 -0.000896048351454
731 0.00732474256997 0.0013374323278 -0.000896048351454
732 0.00732474256997 0.0013374323278 -0.000896048351454
733 0.00732474256997 0.0013374323278 -0.000896048351454
734 0.00732474256997 0.0013374323278 -0.000896048351454
735 0.00732474256997 0.0013374323278 -0.000896048351454
736 0.00732474256997 0.0013374323278 -0.000896048351454
737 0.00732474256997 0.0013374323278 -0.000896048351454
738 0.00732474256997 0.0013374323278 -0.000896048351454
739 0.00732474256997 0.0013374323278 -0.000896048351454
740 0.00732474256997 0.0013374323278 -0.000896048351454
741 0.00732474256997 0.0013374323278 -0.000896048351454
742 0.00732474256997 0.0013374323278 -0.000896048351454
743 0.00732474256997 0.0013374323278 -0.000896048351454
744 0.00732474256997 0.0013374323278 -0.000896048351454
745 0.00732474256997 0.0013374323278 -0.000896048351454
746 0.00732474256997 0.0013374323278 -0.000896048351454
747 0.00732474256997 0.0013374323278 -0.000896048351454
748 0.00732474256997 0.0013374323278 -0.000896048351454
749 0.00732474256997 0.0013374323278 -0.000896048351454
750 0.00732474256997 0.0013374323278 -0.000896048351454
751 0.0204081632653 0.0013374323278 -0.000896048351454
752 0.0204081632653 0.0013374323278 -0.000896048351454
753 0.0204081632653 0.0013374323278 -0.000896048351454
754 0.0204081632653 0.0013374323278 -0.000896048351454
755 0.0204081632653 0.0013374323278 -0.000896048351454
756 0.0204081632653 0.0013374323278 -0.000896048351454
757 0.0204081632653 0.0013374323278 -0.000896048351454
758 0.0204081632653 0.0013374323278 -0.000896048351454
759 0.0204081632653 0.0013374323278 -0.000896048351454
760 0.0204081632653 0.0013374323278 -0.000896048351454
761 0.0204081632653 0.0013374323278 -0.000896048351454
762 0.0204081632653 0.0013374323278 -0.000896048351454
763 0.0204081632653 0.0013374323278 -0.000896048351454
764 0.0204081632653 0.0013374323278 -0.000896048351454
765 0.0204081632653 0.0013374323278 -0.000896048351454
766 0.0204081632653 0.0013374323278 -0.000896048351454
767 0.0204081632653 0.0013374323278 -0.000896048351454
768 0.0204081632653 0.0013374323278 -0.000896048351454
769 0.0204081632653 0.0013374323278 -0.000896048351454
770 0.0204081632653 0.0013374323278 -0.000896048351454
771 0.0204081632653 0.0013374323278 -0.000896048351454
772 0.0204081632653 0.0013374323278 -0.000896048351454
773 0.0204081632653 0.0013374323278 -0.000896048351454
774 0.0204081632653 0.0013374323278 -0.000896048351454
775 0.0204081632653 0.0013374323278 -0.000896048351454
776 0.0204081632653 0.0013374323278 -0.000896048351454
777 0.0204081632653 0.0013374323278 -0.000896048351454
778 0.0204081632653 0.0013374323278 -0.000896048351454
779 0.0204081632653 0.0013374323278 -0.000896048351454
780 0.0204081632653 0.0013374323278 -0.000896048351454
781 0.0204081632653 0.0013374323278 -0.000896048351454
782 0.0204081632653 0.0013374323278 -0.000896048351454
783 0.0204081632653 0.0013374323278 -0.000896048351454
784 0.0204081632653 0.0013374323278 -0.000896048351454
785 0.0204081632653 0.0013374323278 -0.000896048351454
786 0.0204081632653 0.0013374323278 -0.000896048351454
787 0.0204081632653 0.0013374323278 -0.000896048351454
788 0.0204081632653 0.0013374323278 -0.000896048351454
789 0.0204081632653 0.0013374323278 -0.000896048351454
790 0.0204081632653 0.0013374323278 -0.000896048351454
791 0.0204081632653 0.0013374323278 -0.000896048351454
792 0.0204081632653 0.0013374323278 -0.000896048351454
793 0.0204081632653 0.0013374323278 -0.000896048351454
794 0.0204081632653 0.0013374323278 -0.000896048351454
795 0.0204081632653 0.0013374323278 -0.000896048351454
796 0.0204081632653 0.0013374323278 -0.000896048351454
797 0.0204081632653 0.0013374323278 -0.000896048351454
798 0.0204081632653 0.0013374323278 -0.000896048351454
799 0.0204081632653 0.0013374323278 -0.000896048351454
800 0.0204081632653 0.0013374323278 -0.000896048351454
801 0.00584258089451 0.00789766243943 0.00465157369043
802 0.00584258089451 0.00789766243943 0.00465157369043
803 0.00584258089451 0.00789766243943 0.00465157369043
804 0.00584258089451 0.00789766243943 0.00465157369043
805 0.00584258089451 0.00789766243943 0.00465157369043
806 0.00584258089451 0.00789766243943 0.00465157369043
807 0.00584258089451 0.00789766243943 0.00465157369043
808 0.00584258089451 0.00789766243943 0.00465157369043
809 0.00584258089451 0.00789766243943 0.00465157369043
810 0.00584258089451 0.00789766243943 0.00465157369043
811 0.00584258089451 0.00789766243943 0.00465157369043
812 0.00584258089451 0.00789766243943 0.00465157369043
813 0.00584258089451 0.00789766243943 0.00465157369043
814 0.00584258089451 0.00789766243943 0.00465157369043
815 0.00584258089451 0.00789766243943 0.00465157369043
816 0.00584258089451 0.00789766243943 0.00465157369043
817 0.00584258089451 0.00789766243943 0.00465157369043
818 0.00584258089451 0.00789766243943 0.00465157369043
819 0.00584258089451 0.00789766243943 0.00465157369043
820 0.00584258089451 0.00789766243943 0.00465157369043
821 0.00584258089451 0.00789766243943 0.00465157369043
822 0.00584258089451 0.00789766243943 0.00465157369043
823 0.00584258089451 0.00789766243943 0.00465157369043
824 0.00584258089451 0.00789766243943 0.00465157369043
825 0.00584258089451 0.00789766243943 0.00465157369043
826 0.00584258089451 0.00789766243943 0.00465157369043
827 0.00584258089451 0.00789766243943 0.00465157369043
828 0.00584258089451 0.00789766243943 0.00465157369043
829 0.00584258089451 0.00789766243943 0.00465157369043
830 0.00584258089451 0.00789766243943 0.00465157369043
831 0.00584258089451 0.00789766243943 0.00465157369043
832 0.00584258089451 0.00789766243943 0.00465157369043
833 0.00584258089451 0.00789766243943 0.00465157369043
834 0.00584258089451 0.00789766243943 0.00465157369043
835 0.00584258089451 0.00789766243943 0.00465157369043
836 0.00584258089451 0.00789766243943 0.00465157369043
837 0.00584258089451 0.00789766243943 0.00465157369043
838 0.00584258089451 0.00789766243943 0.00465157369043
839 0.00584258089451 0.00789766243943 0.00465157369043
840 0.00584258089451 0.00789766243943 0.00465157369043
841 0.00584258089451 0.00789766243943 0.00465157369043
842 0.00584258089451 0.00789766243943 0.00465157369043
843 0.00584258089451 0.00789766243943 0.00465157369043
844 0.00584258089451 0.00789766243943 0.00465157369043
845 0.00584258089451 0.00789766243943 0.00465157369043
846 0.00584258089451 0.00789766243943 0.00465157369043
847 0.00584258089451 0.00789766243943 0.00465157369043
848 0.00584258089451 0.00789766243943 0.00465157369043
849 0.00584258089451 0.00789766243943 0.00465157369043
850 0.00584258089451 0.00789766243943 0.00465157369043
851 -0.0023720485336 0.00789766243943 0.00465157369043
852 -0.0023720485336 0.00789766243943 0.00465157369043
853 -0.0023720485336 0.00789766243943 0.00465157369043
854 -0.0023720485336 0.00789766243943 0.00465157369043
855 -0.0023720485336 0.00789766243943 0.00465157369043
856 -0.0023720485336 0.00789766243943 0.00465157369043
857 -0.0023720485336 0.00789766243943 0.00465157369043
858 -0.0023720485336 0.00789766243943 0.00465157369043
859 -0.0023720485336 0.00789766243943 0.00465157369043
860 -0.0023720485336 0.00789766243943 0.00465157369043
861 -0.0023720485336 0.00789766243943 0.00465157369043
862 -0.0023720485336 0.00789766243943 0.00465157369043
863 -0.0023720485336 0.00789766243943 0.00465157369043
864 -0.0023720485336 0.00789766243943 0.00465157369043
865 -0.0023720485336 0.00789766243943 0.00465157369043
866 -0.0023720485336 0.00789766243943 0.00465157369043
867 -0.0023720485336 0.00789766243943 0.00465157369043
868 -0.0023720485336 0.00789766243943 0.00465157369043
869 -0.0023720485336 0.00789766243943 0.00465157369043
870 -0.0023720485336 0.00789766243943 0.00465157369043
871 -0.0023720485336 0.00789766243943 0.00465157369043
872 -0.0023720485336 0.00789766243943 0.00465157369043
873 -0.0023720485336 0.00789766243943 0.00465157369043
874 -0.0023720485336 0.00789766243943 0.00465157369043
875 -0.0023720485336 0.00789766243943 0.00465157369043
876 -0.0023720485336 0.00789766243943 0.00465157369043
877 -0.0023720485336 0.00789766243943 0.00465157369043
878 -0.0023720485336 0.00789766243943 0.00465157369043
879 -0.0023720485336 0.00789766243943 0.00465157369043
880 -0.0023720485336 0.00789766243943 0.00465157369043
881 -0.0023720485336 0.00789766243943 0.00465157369043
882 -0.0023720485336 0.00789766243943 0.00465157369043
883 -0.0023720485336 0.00789766243943 0.00465157369043
884 -0.0023720485336 0.00789766243943 0.00465157369043
885 -0.0023720485336 0.00789766243943 0.00465157369043
886 -0.0023720485336 0.00789766243943 0.00465157369043
887 -0.0023720485336 0.00789766243943 0.00465157369043
888 -0.0023720485336 0.00789766243943 0.00465157369043
889 -0.0023720485336 0.00789766243943 0.00465157369043
890 -0.0023720485336 0.00789766243943 0.00465157369043
891 -0.0023720485336 0.00789766243943 0.00465157369043
892 -0.0023720485336 0.00789766243943 0.00465157369043
893 -0.0023720485336 0.00789766243943 0.00465157369043
894 -0.0023720485336 0.00789766243943 0.00465157369043
895 -0.0023720485336 0.00789766243943 0.00465157369043
896 -0.0023720485336 0.00789766243943 0.00465157369043
897 -0.0023720485336 0.00789766243943 0.00465157369043
898 -0.0023720485336 0.00789766243943 0.00465157369043
899 -0.0023720485336 0.00789766243943 0.00465157369043
900 -0.0023720485336 0.00789766243943 0.00465157369043
901 -0.000569161564984 -0.00213671020542 -0.00563605768324
902 -0.000569161564984 -0.00213671020542 -0.00563605768324
903 -0.000569161564984 -0.00213671020542 -0.00563605768324
904 -0.000569161564984 -0.00213671020542 -0.00563605768324
905 -0.000569161564984 -0.00213671020542 -0.00563605768324
906 -0.000569161564984 -0.00213671020542 -0.00563605768324
907 -0.000569161564984 -0.00213671020542 -0.00563605768324
908 -0.000569161564984 -0.00213671020542 -0.00563605768324
909 -0.000569161564984 -0.00213671020542 -0.00563605768324
910 -0.000569161564984 -0.00213671020542 -0.00563605768324
911 -0.000569161564984 -0.00213671020542 -0.00563605768324
912 -0.000569161564984 -0.00213671020542 -0.00563605768324
913 -0.000569161564984 -0.00213671020542 -0.00563605768324
914 -0.000569161564984 -0.00213671020542 -0.00563605768324
915 -0.000569161564984 -0.00213671020542 -0.00563605768324
916 -0.000569161564984 -0.00213671020542 -0.00563605768324
917 -0.000569161564984 -0.00213671020542 -0.00563605768324
918 -0.000569161564984 -0.00213671020542 -0.00563605768324
919 -0.000569161564984 -0.00213671020542 -0.00563605768324
920 -0.000569161564984 -0.00213671020542 -0.00563605768324
921 -0.000569161564984 -0.00213671020542 -0.00563605768324
922 -0.000569161564984 -0.00213671020542 -0.00563605768324
923 -0.000569161564984 -0.00213671020542 -0.00563605768324
924 -0.000569161564984 -0.00213671020542 -0.00563605768324
925 -0.000569161564984 -0.00213671020542 -0.00563605768324
926 -0.000569161564984 -0.00213671020542 -0.00563605768324
927 -0.000569161564984 -0.00213671020542 -0.00563605768324
928 -0.000569161564984 -0.00213671020542 -0.00563605768324
929 -0.000569161564984 -0.00213671020542 -0.00563605768324
930 -0.000569161564984 -0.00213671020542 -0.00563605768324
931 -0.000569161564984 -0.00213671020542 -0.00563605768324
932 -0.000569161564984 -0.00213671020542 -0.00563605768324
933 -0.000569161564984 -0.00213671020542 -0.00563605768324
934 -0.000569161564984 -0.00213671020542 -0.00563605768324
935 -0.000569161564984 -0.00213671020542 -0.00563605768324
936 -0.000569161564984 -0.00213671020542 -0.00563605768324
937 -0.000569161564984 -0.00213671020542 -0.00563605768324
938 -0.000569161564984 -0.00213671020542 -0.00563605768324
939 -0.000569161564984 -0.00213671020542 -0.00563605768324
940 -0.000569161564984 -0.00213671020542 -0.00563605768324
941 -0.000569161564984 -0.00213671020542 -0.00563605768324
942 -0.000569161564984 -0.00213671020542 -0.00563605768324
943 -0.000569161564984 -0.00213671020542 -0.00563605768324
944 -0.000569161564984 -0.00213671020542 -0.00563605768324
945 -0.000569161564984 -0.00213671020542 -0.00563605768324
946 -0.000569161564984 -0.00213671020542 -0.00563605768324
947 -0.000569161564984 -0.00213671020542 -0.00563605768324
948 -0.000569161564984 -0.00213671020542 -0.00563605768324
949 -0.000569161564984 -0.00213671020542 -0.00563605768324
950 -0.000569161564984 -0.00213671020542 -0.00563605768324
951 -0.000569161564984 -0.00213671020542 -0.00563605768324
952 -0.000569161564984 -0.00213671020542 -0.00563605768324
953 -0.000569161564984 -0.00213671020542 -0.00563605768324
954 -0.000569161564984 -0.00213671020542 -0.00563605768324
955 -0.000569161564984 -0.00213671020542 -0.00563605768324
956 -0.000569161564984 -0.00213671020542 -0.00563605768324
957 -0.000569161564984 -0.00213671020542 -0.00563605768324
958 -0.000569161564984 -0.00213671020542 -0.00563605768324
959 -0.000569161564984 -0.00213671020542 -0.00563605768324
960 -0.000569161564984 -0.00213671020542 -0.00563605768324
961 -0.000569161564984 -0.00213671020542 -0.00563605768324
962 -0.000569161564984 -0.00213671020542 -0.00563605768324
963 -0.000569161564984 -0.00213671020542 -0.00563605768324
964 -0.000569161564984 -0.00213671020542 -0.00563605768324
965 -0.000569161564984 -0.00213671020542 -0.00563605768324
966 -0.000569161564984 -0.00213671020542 -0.00563605768324
967 -0.000569161564984 -0.00213671020542 -0.00563605768324
968 -0.000569161564984 -0.00213671020542 -0.00563605768324
969 -0.000569161564984 -0.00213671020542 -0.00563605768324
970 -0.000569161564984 -0.00213671020542 -0.00563605768324
971 -0.00393910633424 -0.00213671020542 -0.00563605768324
972 -0.00393910633424 -0.00213671020542 -0.00563605768324
973 -0.00393910633424 -0.00213671020542 -0.00563605768324
974 -0.00393910633424 -0.00213671020542 -0.00563605768324
975 -0.00393910633424 -0.00213671020542 -0.00563605768324
976 -0.00393910633424 -0.00213671020542 -0.00563605768324
977 -0.00393910633424 -0.00213671020542 -0.00563605768324
978 -0.00393910633424 -0.00213671020542 -0.00563605768324
979 -0.00393910633424 -0.00213671020542 -0.00563605768324
980 -0.00393910633424 -0.00213671020542 -0.00563605768324
981 -0.00393910633424 -0.00213671020542 -0.00563605768324
982 -0.00393910633424 -0.00213671020542 -0.00563605768324
983 -0.00393910633424 -0.00213671020542 -0.00563605768324
984 -0.00393910633424 -0.00213671020542 -0.00563605768324
985 -0.00393910633424 -0.00213671020542 -0.00563605768324
986 -0.00393910633424 -0.00213671020542 -0.00563605768324
987 -0.00393910633424 -0.00213671020542 -0.00563605768324
988 -0.00393910633424 -0.00213671020542 -0.00563605768324
989 -0.00393910633424 -0.00213671020542 -0.00563605768324
990 -0.00393910633424 -0.00213671020542 -0.00563605768324
991 -0.00393910633424 -0.00213671020542 -0.00563605768324
992 -0.00393910633424 -0.00213671020542 -0.00563605768324
993 -0.00393910633424 -0.00213671020542 -0.00563605768324
994 -0.00393910633424 -0.00213671020542 -0.00563605768324
995 -0.00393910633424 -0.00213671020542 -0.00563605768324
996 -0.00393910633424 -0.00213671020542 -0.00563605768324
997 -0.00393910633424 -0.00213671020542 -0.00563605768324
998 -0.00393910633424 -0.00213671020542 -0.00563605768324
999 -0.00393910633424 -0.00213671020542 -0.00563605768324
1000 -0.00393910633424 -0.00213671020542 -0.00563605768324
1001 -0.00393910633424 0.0 0.0
1002 -0.00393910633424 0.0 0.0
1003 -0.00393910633424 0.0 0.0
1004 -0.00393910633424 0.0 0.0
1005 -0.00393910633424 0.0 0.0
1006 -0.00393910633424 0.0 0.0
1007 -0.00393910633424 0.0 0.0
1008 -0.00393910633424 0.0 0.0
1009 -0.00393910633424 0.0 0.0
1010 -0.00393910633424 0.0 0.0
1011 -0.00393910633424 0.0 0.0
1012 -0.00393910633424 0.0 0.0
1013 -0.00393910633424 0.0 0.0
1014 -0.00393910633424 0.0 0.0
1015 -0.00393910633424 0.0 0.0
1016 -0.00393910633424 0.0 0.0
1017 -0.00393910633424 0.0 0.0
1018 -0.00393910633424 0.0 0.0
1019 -0.00393910633424 0.0 0.0
1020 -0.00393910633424 0.0 0.0
1021 -0.00393910633424 0.0 0.0
1022 -0.00393910633424 0.0 0.0
1023 -0.00393910633424 0.0 0.0
1024 -0.00393910633424 0.0 0.0
1025 -0.00393910633424 0.0 0.0
1026 -0.00393910633424 0.0 0.0
1027 -0.00393910633424 0.0 0.0
1028 -0.00393910633424 0.0 0.0
1029 -0.00393910633424 0.0 0.0
1030 -0.00393910633424 0.0 0.0
1031 -0.00441805382645 0.0 0.0
1032 -0.00441805382645 0.0 0.0
1033 -0.00441805382645 0.0 0.0
1034 -0.00441805382645 0.0 0.0
1035 -0.00441805382645 0.0 0.0
1036 -0.00441805382645 0.0 0.0
1037 -0.00441805382645 0.0 0.0
1038 -0.00441805382645 0.0 0.0
1039 -0.00441805382645 0.0 0.0
1040 -0.00441805382645 0.0 0.0
1041 -0.00441805382645 0.0 0.0
1042 -0.00441805382645 0.0 0.0
1043 -0.00441805382645 0.0 0.0
1044 -0.00441805382645 0.0 0.0
1045 -0.00441805382645 0.0 0.0
1046 -0.00441805382645 0.0 0.0
1047 -0.00441805382645 0.0 0.0
1048 -0.00441805382645 0.0 0.0
1049 -0.00441805382645 0.0 0.0
1050 -0.00441805382645 0.0 0.0
1051 -0.00441805382645 0.0 0.0
1052 -0.00441805382645 0.0 0.0
1053 -0.00441805382645 0.0 0.0
1054 -0.00441805382645 0.0 0.0
1055 -0.00441805382645 0.0 0.0
1056 -0.00441805382645 0.0 0.0
1057 -0.00441805382645 0.0 0.0
1058 -0.00441805382645 0.0 0.0
1059 -0.00441805382645 0.0 0.0
1060 -0.00441805382645 0.0 0.0
1061 -0.00441805382645 0.0 0.0
1062 -0.00441805382645 0.0 0.0
1063 -0.00441805382645 0.0 0.0
1064 -0.00441805382645 0.0 0.0
1065 -0.00441805382645 0.0 0.0
1066 -0.00441805382645 0.0 0.0
1067 -0.00441805382645 0.0 0.0
1068 -0.00441805382645 0.0 0.0
1069 -0.00441805382645 0.0 0.0
1070 -0.00441805382645 0.0 0.0
1071 -0.00441805382645 0.0 0.0
1072 -0.00441805382645 0.0 0.0
1073 -0.00441805382645 0.0 0.0
1074 -0.00441805382645 0.0 0.0
1075 -0.00441805382645 0.0 0.0
1076 -0.00441805382645 0.0 0.0
1077 -0.00441805382645 0.0 0.0
1078 -0.00441805382645 0.0 0.0
1079 -0.00441805382645 0.0 0.0
1080 -0.00441805382645 0.0 0.0
1081 -0.00441805382645 0.0 0.0
1082 -0.00441805382645 0.0 0.0
1083 -0.00441805382645 0.0 0.0
1084 -0.00441805382645 0.0 0.0
1085 -0.00441805382645 0.0 0.0
1086 -0.00441805382645 0.0 0.0
1087 -0.00441805382645 0.0 0.0
1088 -0.00441805382645 0.0 0.0
1089 -0.00441805382645 0.0 0.0
1090 -0.00441805382645 0.0 0.0
1091 -0.00386488474168 0.0 0.0
1092 -0.00386488474168 0.0 0.0
1093 -0.00386488474168 0.0 0.0
1094 -0.00386488474168 0.0 0.0
1095 -0.00386488474168 0.0 0.0
1096 -0.00386488474168 0.0 0.0
1097 -0.00386488474168 0.0 0.0
1098 -0.00386488474168 0.0 0.0
1099 -0.00386488474168 0.0 0.0
1100 -0.00386488474168 0.0 0.0
1101 -0.00386488474168 0.0 0.0
1102 -0.00386488474168 0.0 0.0
1103 -0.00386488474168 0.0 0.0
1104 -0.00386488474168 0.0 0.0
1105 -0.00386488474168 0.0 0.0
1106 -0.00386488474168 0.0 0.0
1107 -0.00386488474168 0.0 0.0
1108 -0.00386488474168 0.0 0.0
1109 -0.00386488474168 0.0 0.0
1110 -0.00386488474168 0.0 0.0
1111 -0.00386488474168 0.0 0.0
1112 -0.00386488474168 0.0 0.0
1113 -0.00386488474168 0.0 0.0
1114 -0.00386488474168 0.0 0.0
1115 -0.00386488474168 0.0 0.0
1116 -0.00386488474168 0.0 0.0
1117 -0.00386488474168 0.0 0.0
1118 -0.00386488474168 0.0 0.0
1119 -0.00386488474168 0.0 0.0
1120 -0.00386488474168 0.0 0.0
1121 -0.00386488474168 0.0 0.0
1122 -0.00386488474168 0.0 0.0
1123 -0.00386488474168 0.0 0.0
1124 -0.00386488474168 0.0 0.0
1125 -0.00386488474168 0.0 0.0
1126 -0.00386488474168 0.0 0.0
1127 -0.00386488474168 0.0 0.0
1128 -0.00386488474168 0.0 0.0
1129 -0.00386488474168 0.0 0.0
1130 -0.00386488474168 0.0 0.0
1131 -0.00386488474168 0.0 0.0
1132 -0.00386488474168 0.0 0.0
1133 -0.00386488474168 0.0 0.0
1134 -0.00386488474168 0.0 0.0
1135 -0.00386488474168 0.0 0.0
1136 -0.00386488474168 0.0 0.0
1137 -0.00386488474168 0.0 0.0
1138 -0.00386488474168 0.0 0.0
1139 -0.00386488474168 0.0 0.0
1140 -0.00386488474168 0.0 0.0
1141 -0.00386488474168 0.0 0.0
1142 -0.00386488474168 0.0 0.0
1143 -0.00386488474168 0.0 0.0
1144 -0.00386488474168 0.0 0.0
1145 -0.00386488474168 0.0 0.0
1146 -0.00386488474168 0.0 0.0
1147 -0.00386488474168 0.0 0.0
1148 -0.00386488474168 0.0 0.0
1149 -0.00386488474168 0.0 0.0
1150 -0.00386488474168 0.0 0.0
1151 -0.00196908526796 0.0 0.0
1152 -0.00196908526796 0.0 0.0
1153 -0.00196908526796 0.0 0.0
1154 -0.00196908526796 0.0 0.0
1155 -0.00196908526796 0.0 0.0
1156 -0.00196908526796 0.0 0.0
1157 -0.00196908526796 0.0 0.0
1158 -0.00196908526796 0.0 0.0
1159 -0.00196908526796 0.0 0.0
1160 -0.00196908526796 0.0 0.0
1161 -0.00196908526796 0.0 0.0
1162 -0.00196908526796 0.0 0.0
1163 -0.00196908526796 0.0 0.0
1164 -0.00196908526796 0.0 0.0
1165 -0.00196908526796 0.0 0.0
1166 -0.00196908526796 0.0 0.0
1167 -0.00196908526796 0.0 0.0
1168 -0.00196908526796 0.0 0.0
1169 -0.00196908526796 0.0 0.0
1170 -0.00196908526796 0.0 0.0
1171 -0.00196908526796 0.0 0.0
1172 -0.00196908526796 0.0 0.0
1173 -0.00196908526796 0.0 0.0
1174 -0.00196908526796 0.0 0.0
1175 -0.00196908526796 0.0 0.0
1176 -0.00196908526796 0.0 0.0
1177 -0.00196908526796 0.0 0.0
1178 -0.00196908526796 0.0 0.0
1179 -0.00196908526796 0.0 0.0
1180 -0.00196908526796 0.0 0.0
1181 -0.00196908526796 0.0 0.0
1182 -0.00196908526796 0.0 0.0
1183 -0.00196908526796 0.0 0.0
1184 -0.00196908526796 0.0 0.0
1185 -0.00196908526796 0.0 0.0
1186 -0.00196908526796 0.0 0.0
1187 -0.00196908526796 0.0 0.0
1188 -0.00196908526796 0.0 0.0
1189 -0.00196908526796 0.0 0.0
1190 -0.00196908526796 0.0 0.0
1191 -0.00196908526796 0.0 0.0
1192 -0.00196908526796 0.0 0.0
1193 -0.00196908526796 0.0 0.0
1194 -0.00196908526796 0.0 0.0
1195 -0.00196908526796 0.0 0.0
1196 -0.00196908526796 0.0 0.0
1197 -0.00196908526796 0.0 0.0
1198 -0.00196908526796 0.0 0.0
1199 -0.00196908526796 0.0 0.0
1200 -0.00196908526796 0.0 0.0
1201 -0.00196908526796 0.0 0.0
1202 -0.00196908526796 0.0 0.0
1203 -0.00196908526796 0.0 0.0
1204 -0.00196908526796 0.0 0.0
1205 -0.00196908526796 0.0 0.0
1206 -0.00196908526796 0.0 0.0
1207 -0.00196908526796 0.0 0.0
1208 -0.00196908526796 0.0 0.0
1209 -0.00196908526796 0.0 0.0
1210 -0.00196908526796 0.0 0.0
1211 0.00183436199852 0.0 0.0
1212 0.00183436199852 0.0 0.0
1213 0.00183436199852 0.0 0.0
1214 0.00183436199852 0.0 0.0
1215 0.00183436199852 0.0 0.0
1216 0.00183436199852 0.0 0.0
1217 0.00183436199852 0.0 0.0
1218 0.00183436199852 0.0 0.0
1219 0.00183436199852 0.0 0.0
1220 0.00183436199852 0.0 0.0
1221 0.00183436199852 0.0 0.0
1222 0.00183436199852 0.0 0.0
1223 0.00183436199852 0.0 0.0
1224 0.00183436199852 0.0 0.0
1225 0.00183436199852 0.0 0.0
1226 0.00183436199852 0.0 0.0
1227 0.00183436199852 0.0 0.0
1228 0.00183436199852 0.0 0.0
1229 0.00183436199852 0.0 0.0
1230 0.00183436199852 0.0 0.0
1231 0.00183436199852 0.0 0.0
1232 0.00183436199852 0.0 0.0
1233 0.00183436199852 0.0 0.0
1234 0.00183436199852 0.0 0.0
1235 0.00183436199852 0.0 0.0
1236 0.00183436199852 0.0 0.0
1237 0.00183436199852 0.0 0.0
1238 0.00183436199852 0.0 0.0
1239 0.00183436199852 0.0 0.0
1240 0.00183436199852 0.0 0.0
1241 0.00183436199852 0.0 0.0
1242 0.00183436199852 0.0 0.0
1243 0.00183436199852 0.0 0.0
1244 0.00183436199852 0.0 0.0
1245 0.00183436199852 0.0 0.0
1246 0.00183436199852 0.0 0.0
1247 0.00183436199852 0.0 0.0
1248 0.00183436199852 0.0 0.0
1249 0.00183436199852 0.0 0.0
1250 0.00183436199852 0.0 0.0
1251 0.00183436199852 0.0 0.0
1252 0.00183436199852 0.0 0.0
1253 0.00183436199852 0.0 0.0
1254 0.00183436199852 0.0 0.0
1255 0.00183436199852 0.0 0.0
1256 0.00183436199852 0.0 0.0
1257 0.00183436199852 0.0 0.0
1258 0.00183436199852 0.0 0.0
1259 0.00183436199852 0.0 0.0
1260 0.00183436199852 0.0 0.0
1261 0.00183436199852 0.0 0.0
1262 0.00183436199852 0.0 0.0
1263 0.00183436199852 0.0 0.0
1264 0.00183436199852 0.0 0.0
1265 0.00183436199852 0.0 0.0
1266 0.00183436199852 0.0 0.0
1267 0.00183436199852 0.0 0.0
1268 0.00183436199852 0.0 0.0
1269 0.00183436199852 0.0 0.0
1270 0.00183436199852 0.0 0.0
1271 -0.00380545368615 0.0 0.0
1272 -0.00380545368615 0.0 0.0
1273 -0.00380545368615 0.0 0.0
1274 -0.00380545368615 0.0 0.0
1275 -0.00380545368615 0.0 0.0
1276 -0.00380545368615 0.0 0.0
1277 -0.00380545368615 0.0 0.0
1278 -0.00380545368615 0.0 0.0
1279 -0.00380545368615 0.0 0.0
1280 -0.00380545368615 0.0 0.0
1281 -0.00380545368615 0.0 0.0
1282 -0.00380545368615 0.0 0.0
1283 -0.00380545368615 0.0 0.0
1284 -0.00380545368615 0.0 0.0
1285 -0.00380545368615 0.0 0.0
1286 -0.00380545368615 0.0 0.0
1287 -0.00380545368615 0.0 0.0
1288 -0.00380545368615 0.0 0.0
1289 -0.00380545368615 0.0 0.0
1290 -0.00380545368615 0.0 0.0
1291 -0.00380545368615 0.0 0.0
1292 -0.00380545368615 0.0 0.0
1293 -0.00380545368615 0.0 0.0
1294 -0.00380545368615 0.0 0.0
1295 -0.00380545368615 0.0 0.0
1296 -0.00380545368615 0.0 0.0
1297 -0.00380545368615 0.0 0.0
1298 -0.00380545368615 0.0 0.0
1299 -0.00380545368615 0.0 0.0
1300 -0.00380545368615 0.0 0.0
1301 -0.00380545368615 0.0 0.0
1302 -0.00380545368615 0.0 0.0
1303 -0.00380545368615 0.0 0.0
1304 -0.00380545368615 0.0 0.0
1305 -0.00380545368615 0.0 0.0
1306 -0.00380545368615 0.0 0.0
1307 -0.00380545368615 0.0 0.0
1308 -0.00380545368615 0.0 0.0
1309 -0.00380545368615 0.0 0.0
1310 -0.00380545368615 0.0 0.0
1311 -0.00380545368615 0.0 0.0
1312 -0.00380545368615 0.0 0.0
1313 -0.00380545368615 0.0 0.0
1314 -0.00380545368615 0.0 0.0
1315 -0.00380545368615 0.0 0.0
1316 -0.00380545368615 0.0 0.0
1317 -0.00380545368615 0.0 0.0
1318 -0.00380545368615 0.0 0.0
1319 -0.00380545368615 0.0 0.0
1320 -0.00380545368615 0.0 0.0
1321 -0.00380545368615 0.0 0.0
1322 -0.00380545368615 0.0 0.0
1323 -0.00380545368615 0.0 0.0
1324 -0.00380545368615 0.0 0.0
1325 -0.00380545368615 0.0 0.0
1326 -0.00380545368615 0.0 0.0
1327 -0.00380545368615 0.0 0.0
1328 -0.00380545368615 0.0 0.0
1329 -0.00380545368615 0.0 0.0
1330 -0.00380545368615 0.0 0.0
1331 -0.00165896816332 0.0 0.0
1332 -0.00165896816332 0.0 0.0
1333 -0.00165896816332 0.0 0.0
1334 -0.00165896816332 0.0 0.0
1335 -0.00165896816332 0.0 0.0
1336 -0.00165896816332 0.0 0.0
1337 -0.00165896816332 0.0 0.0
1338 -0.00165896816332 0.0 0.0
1339 -0.00165896816332 0.0 0.0
1340 -0.00165896816332 0.0 0.0
1341 -0.00165896816332 0.0 0.0
1342 -0.00165896816332 0.0 0.0
1343 -0.00165896816332 0.0 0.0
1344 -0.00165896816332 0.0 0.0
1345 -0.00165896816332 0.0 0.0
1346 -0.00165896816332 0.0 0.0
1347 -0.00165896816332 0.0 0.0
1348 -0.00165896816332 0.0 0.0
1349 -0.00165896816332 0.0 0.0
1350 -0.00165896816332 0.0 0.0
1351 -0.00165896816332 0.0 0.0
1352 -0.00165896816332 0.0 0.0
1353 -0.00165896816332 0.0 0.0
1354 -0.00165896816332 0.0 0.0
1355 -0.00165896816332 0.0 0.0
1356 -0.00165896816332 0.0 0.0
1357 -0.00165896816332 0.0 0.0
1358 -0.00165896816332 0.0 0.0
1359 -0.00165896816332 0.0 0.0
1360 -0.00165896816332 0.0 0.0
1361 -0.00165896816332 0.0 0.0
1362 -0.00165896816332 0.0 0.0
1363 -0.00165896816332 0.0 0.0
1364 -0.00165896816332 0.0 0.0
1365 -0.00165896816332 0.0 0.0
1366 -0.00165896816332 0.0 0.0
1367 -0.00165896816332 0.0 0.0
1368 -0.00165896816332 0.0 0.0
1369 -0.00165896816332 0.0 0.0
1370 -0.00165896816332 0.0 0.0
1371 -0.00165896816332 0.0 0.0
1372 -0.00165896816332 0.0 0.0
1373 -0.00165896816332 0.0 0.0
1374 -0.00165896816332 0.0 0.0
1375 -0.00165896816332 0.0 0.0
1376 -0.00165896816332 0.0 0.0
1377 -0.00165896816332 0.0 0.0
1378 -0.00165896816332 0.0 0.0
1379 -0.00165896816332 0.0 0.0
1380 -0.00165896816332 0.0 0.0
1381 -0.00165896816332 0.0 0.0
1382 -0.00165896816332 0.0 0.0
1383 -0.00165896816332 0.0 0.0
1384 -0.00165896816332 0.0 0.0
1385 -0.00165896816332 0.0 0.0
1386 -0.00165896816332 0.0 0.0
1387 -0.00165896816332 0.0 0.0
1388 -0.00165896816332 0.0 0.0
1389 -0.00165896816332 0.0 0.0
1390 -0.00165896816332 0.0 0.0
1391 0.00425382386595 0.0 0.0
1392 0.00425382386595 0.0 0.0
1393 0.00425382386595 0.0 0.0
1394 0.00425382386595 0.0 0.0
1395 0.00425382386595 0.0 0.0
1396 0.00425382386595 0.0 0.0
1397 0.00425382386595 0.0 0.0
1398 0.00425382386595 0.0 0.0
1399 0.00425382386595 0.0 0.0
1400 0.00425382386595 0.0 0.0
1401 0.00425382386595 0.0 0.0
1402 0.00425382386595 0.0 0.0
1403 0.00425382386595 0.0 0.0
1404 0.00425382386595 0.0 0.0
1405 0.00425382386595 0.0 0.0
1406 0.00425382386595 0.0 0.0
1407 0.00425382386595 0.0 0.0
1408 0.00425382386595 0.0 0.0
1409 0.00425382386595 0.0 0.0
1410 0.00425382386595 0.0 0.0
1411 0.00425382386595 0.0 0.0
1412 0.00425382386595 0.0 0.0
1413 0.00425382386595 0.0 0.0
1414 0.00425382386595 0.0 0.0
1415 0.00425382386595 0.0 0.0
1416 0.00425382386595 0.0 0.0
1417 0.00425382386595 0.0 0.0
1418 0.00425382386595 0.0 0.0
1419 0.00425382386595 0.0 0.0
1420 0.00425382386595 0.0 0.0
1421 0.00425382386595 0.0 0.0
1422 0.00425382386595 0.0 0.0
1423 0.00425382386595 0.0 0.0
1424 0.00425382386595 0.0 0.0
1425 0.00425382386595 0.0 0.0
1426 0.00425382386595 0.0 0.0
1427 0.00425382386595 0.0 0.0
1428 0.00425382386595 0.0 0.0
1429 0.00425382386595 0.0 0.0
1430 0.00425382386595 0.0 0.0
1431 0.00425382386595 0.0 0.0
1432 0.00425382386595 0.0 0.0
1433 0.00425382386595 0.0 0.0
1434 0.00425382386595 0.0 0.0
1435 0.00425382386595 0.0 0.0
1436 0.00425382386595 0.0 0.0
1437 0.00425382386595 0.0 0.0
1438 0.00425382386595 0.0 0.0
1439 0.00425382386595 0.0 0.0
1440 0.00425382386595 0.0 0.0
1441 0.00425382386595 0.0 0.0
1442 0.00425382386595 0.0 0.0
1443 0.00425382386595 0.0 0.0
1444 0.00425382386595 0.0 0.0
1445 0.00425382386595 0.0 0.0
1446 0.00425382386595 0.0 0.0
1447 0.00425382386595 0.0 0.0
1448 0.00425382386595 0.0 0.0
1449 0.00425382386595 0.0 0.0
1450 0.00425382386595 0.0 0.0
1451 -0.00144872842983 0.0 0.0
1452 -0.00144872842983 0.0 0.0
1453 -0.00144872842983 0.0 0.0
1454 -0.00144872842983 0.0 0.0
1455 -0.00144872842983 0.0 0.0
1456 -0.00144872842983 0.0 0.0
1457 -0.00144872842983 0.0 0.0
1458 -0.00144872842983 0.0 0.0
1459 -0.00144872842983 0.0 0.0
1460 -0.00144872842983 0.0 0.0
1461 -0.00144872842983 0.0 0.0
1462 -0.00144872842983 0.0 0.0
1463 -0.00144872842983 0.0 0.0
1464 -0.00144872842983 0.0 0.0
1465 -0.00144872842983 0.0 0.0
1466 -0.00144872842983 0.0 0.0
1467 -0.00144872842983 0.0 0.0
1468 -0.00144872842983 0.0 0.0
1469 -0.00144872842983 0.0 0.0
1470 -0.00144872842983 0.0 0.0
1471 -0.00144872842983 0.0 0.0
1472 -0.00144872842983 0.0 0.0
1473 -0.00144872842983 0.0 0.0
1474 -0.00144872842983 0.0 0.0
1475 -0.00144872842983 0.0 0.0
1476 -0.00144872842983 0.0 0.0
1477 -0.00144872842983 0.0 0.0
1478 -0.00144872842983 0.0 0.0
1479 -0.00144872842983 0.0 0.0
1480 -0.00144872842983 0.0 0.0
1481 -0.00144872842983 0.0 0.0
1482 -0.00144872842983 0.0 0.0
1483 -0.00144872842983 0.0 0.0
1484 -0.00144872842983 0.0 0.0
1485 -0.00144872842983 0.0 0.0
1486 -0.00144872842983 0.0 0.0
1487 -0.00144872842983 0.0 0.0
1488 -0.00144872842983 0.0 0.0
1489 -0.00144872842983 0.0 0.0
1490 -0.00144872842983 0.0 0.0
1491 -0.00144872842983 0.0 0.0
1492 -0.00144872842983 0.0 0.0
1493 -0.00144872842983 0.0 0.0
1494 -0.00144872842983 0.0 0.0
1495 -0.00144872842983 0.0 0.0
1496 -0.00144872842983 0.0 0.0
1497 -0.00144872842983 0.0 0.0
1498 -0.00144872842983 0.0 0.0
1499 -0.00144872842983 0.0 0.0
1500 -0.00144872842983 0.0 0.0
1501 -0.00144872842983 0.0 0.0
1502 -0.00144872842983 0.0 0.0
1503 -0.00144872842983 0.0 0.0
1504 -0.00144872842983 0.0 0.0
1505 -0.00144872842983 0.0 0.0
1506 -0.00144872842983 0.0 0.0
1507 -0.00144872842983 0.0 0.0
1508 -0.00144872842983 0.0 0.0
1509 -0.00144872842983 0.0 0.0
1510 -0.00144872842983 0.0 0.0
1511 0.00537293975197 0.0 0.0
1512 0.00537293975197 0.0 0.0
1513 0.00537293975197 0.0 0.0
1514 0.00537293975197 0.0 0.0
1515 0.00537293975197 0.0 0.0
1516 0.00537293975197 0.0 0.0
1517 0.00537293975197 0.0 0.0
1518 0.00537293975197 0.0 0.0
1519 0.00537293975197 0.0 0.0
1520 0.00537293975197 0.0 0.0
1521 0.00537293975197 0.0 0.0
1522 0.00537293975197 0.0 0.0
1523 0.00537293975197 0.0 0.0
1524 0.00537293975197 0.0 0.0
1525 0.00537293975197 0.0 0.0
1526 0.00537293975197 0.0 0.0
1527 0.00537293975197 0.0 0.0
1528 0.00537293975197 0.0 0.0
1529 0.00537293975197 0.0 0.0
1530 0.00537293975197 0.0 0.0
1531 0.00537293975197 0.0 0.0
1532 0.00537293975197 0.0 0.0
1533 0.00537293975197 0.0 0.0
1534 0.00537293975197 0.0 0.0
1535 0.00537293975197 0.0 0.0
1536 0.00537293975197 0.0 0.0
1537 0.00537293975197 0.0 0.0
1538 0.00537293975197 0.0 0.0
1539 0.00537293975197 0.0 0.0
1540 0.00537293975197 0.0 0.0
1541 0.00537293975197 0.0 0.0
1542 0.00537293975197 0.0 0.0
1543 0.00537293975197 0.0 0.0
1544 0.00537293975197 0.0 0.0
1545 0.00537293975197 0.0 0.0
1546 0.00537293975197 0.0 0.0
1547 0.00537293975197 0.0 0.0
1548 0.00537293975197 0.0 0.0
1549 0.00537293975197 0.0 0.0
1550 0.00537293975197 0.0 0.0
1551 0.00537293975197 0.0 0.0
1552 0.00537293975197 0.0 0.0
1553 0.00537293975197 0.0 0.0
1554 0.00537293975197 0.0 0.0
1555 0.00537293975197 0.0 0.0
1556 0.00537293975197 0.0 0.0
1557 0.00537293975197 0.0 0.0
1558 0.00537293975197 0.0 0.0
1559 0.00537293975197 0.0 0.0
1560 0.00537293975197 0.0 0.0
1561 0.00537293975197 0.0 0.0
1562 0.00537293975197 0.0 0.0
1563 0.00537293975197 0.0 0.0
1564 0.00537293975197 0.0 0.0
1565 0.00537293975197 0.0 0.0
1566 0.00537293975197 0.0 0.0
1567 0.00537293975197 0.0 0.0
1568 0.00537293975197 0.0 0.0
1569 0.00537293975197 0.0 0.0
1570 0.00537293975197 0.0 0.0
1571 -0.0015556020997 0.0 0.0
1572 -0.0015556020997 0.0 0.0
1573 -0.0015556020997 0.0 0.0
1574 -0.0015556020997 0.0 0.0
1575 -0.0015556020997 0.0 0.0
1576 -0.0015556020997 0.0 0.0
1577 -0.0015556020997 0.0 0.0
1578 -0.0015556020997 0.0 0.0
1579 -0.0015556020997 0.0 0.0
1580 -0.0015556020997 0.0 0.0
1581 -0.0015556020997 0.0 0.0
1582 -0.0015556020997 0.0 0.0
1583 -0.0015556020997 0.0 0.0
1584 -0.0015556020997 0.0 0.0
1585 -0.0015556020997 0.0 0.0
1586 -0.0015556020997 0.0 0.0
1587 -0.0015556020997 0.0 0.0
1588 -0.0015556020997 0.0 0.0
1589 -0.0015556020997 0.0 0.0
1590 -0.0015556020997 0.0 0.0
1591 -0.0015556020997 0.0 0.0
1592 -0.0015556020997 0.0 0.0
1593 -0.0015556020997 0.0 0.0
1594 -0.0015556020997 0.0 0.0
1595 -0.0015556020997 0.0 0.0
1596 -0.0015556020997 0.0 0.0
1597 -0.0015556020997 0.0 0.0
1598 -0.0015556020997 0.0 0.0
1599 -0.0015556020997 0.0 0.0
1600 -0.0015556020997 0.0 0.0
1601 -0.0015556020997 0.0 0.0
1602 -0.0015556020997 0.0 0.0
1603 -0.0015556020997 0.0 0.0
1604 -0.0015556020997 0.0 0.0
1605 -0.0015556020997 0.0 0.0
1606 -0.0015556020997 0.0 0.0
1607 -0.0015556020997 0.0 0.0
1608 -0.0015556020997 0.0 0.0
1609 -0.0015556020997 0.0 0.0
1610 -0.0015556020997 0.0 0.0
1611 -0.0015556020997 0.0 0.0
1612 -0.0015556020997 0.0 0.0
1613 -0.0015556020997 0.0 0.0
1614 -0.0015556020997 0.0 0.0
1615 -0.0015556020997 0.0 0.0
1616 -0.0015556020997 0.0 0.0
1617 -0.0015556020997 0.0 0.0
1618 -0.0015556020997 0.0 0.0
1619 -0.0015556020997 0.0 0.0
1620 -0.0015556020997 0.0 0.0
1621 -0.0015556020997 0.0 0.0
1622 -0.0015556020997 0.0 0.0
1623 -0.0015556020997 0.0 0.0
1624 -0.0015556020997 0.0 0.0
1625 -0.0015556020997 0.0 0.0
1626 -0.0015556020997 0.0 0.0
1627 -0.0015556020997 0.0 0.0
1628 -0.0015556020997 0.0 0.0
1629 -0.0015556020997 0.0 0.0
1630 -0.0015556020997 0.0 0.0
1631 -0.0015556020997 0.0 0.0
1632 -0.0015556020997 0.0 0.0
1633 -0.0015556020997 0.0 0.0
1634 -0.0015556020997 0.0 0.0
1635 -0.0015556020997 0.0 0.0
1636 -0.0015556020997 0.0 0.0
1637 -0.0015556020997 0.0 0.0
1638 -0.0015556020997 0.0 0.0
1639 -0.0015556020997 0.0 0.0
1640 -0.0015556020997 0.0 0.0
1641 -0.0015556020997 0.0 0.0
1642 -0.0015556020997 0.0 0.0
1643 -0.0015556020997 0.0 0.0
1644 -0.0015556020997 0.0 0.0
1645 -0.0015556020997 0.0 0.0
1646 -0.0015556020997 0.0 0.0
1647 -0.0015556020997 0.0 0.0
1648 -0.0015556020997 0.0 0.0
1649 -0.0015556020997 0.0 0.0
1650 -0.0015556020997 0.0 0.0
1651 -0.00164511347115 0.0 0.0
1652 -0.00164511347115 0.0 0.0
1653 -0.00164511347115 0.0 0.0
1654 -0.00164511347115 0.0 0.0
1655 -0.00164511347115 0.0 0.0
1656 -0.00164511347115 0.0 0.0
1657 -0.00164511347115 0.0 0.0
1658 -0.00164511347115 0.0 0.0
1659 -0.00164511347115 0.0 0.0
1660 -0.00164511347115 0.0 0.0
1661 -0.00164511347115 0.0 0.0
1662 -0.00164511347115 0.0 0.0
1663 -0.00164511347115 0.0 0.0
1664 -0.00164511347115 0.0 0.0
1665 -0.00164511347115 0.0 0.0
1666 -0.00164511347115 0.0 0.0
1667 -0.00164511347115 0.0 0.0
1668 -0.00164511347115 0.0 0.0
1669 -0.00164511347115 0.0 0.0
1670 -0.00164511347115 0.0 0.0
1671 -0.00164511347115 0.0 0.0
1672 -0.00164511347115 0.0 0.0
1673 -0.00164511347115 0.0 0.0
1674 -0.00164511347115 0.0 0.0
1675 -0.00164511347115 0.0 0.0
1676 -0.00164511347115 0.0 0.0
1677 -0.00164511347115 0.0 0.0
1678 -0.00164511347115 0.0 0.0
1679 -0.00164511347115 0.0 0.0
1680 -0.00164511347115 0.0 0.0
1681 -0.00164511347115 0.0 0.0
1682 -0.00164511347115 0.0 0.0
1683 -0.00164511347115 0.0 0.0
1684 -0.00164511347115 0.0 0.0
1685 -0.00164511347115 0.0 0.0
1686 -0.00164511347115 0.0 0.0
1687 -0.00164511347115 0.0 0.0
1688 -0.00164511347115 0.0 0.0
1689 -0.00164511347115 0.0 0.0
1690 -0.00164511347115 0.0 0.0
1691 -0.00164511347115 0.0 0.0
1692 -0.00164511347115 0.0 0.0
1693 -0.00164511347115 0.0 0.0
1694 -0.00164511347115 0.0 0.0
1695 -0.00164511347115 0.0 0.0
1696 -0.00164511347115 0.0 0.0
1697 -0.00164511347115 0.0 0.0
1698 -0.00164511347115 0.0 0.0
1699 -0.00164511347115 0.0 0.0
1700 -0.00164511347115 0.0 0.0
1701 -0.00164511347115 0.0 0.0
1702 -0.00164511347115 0.0 0.0
1703 -0.00164511347115 0.0 0.0
1704 -0.00164511347115 0.0 0.0
1705 -0.00164511347115 0.0 0.0
1706 -0.00164511347115 0.0 0.0
1707 -0.00164511347115 0.0 0.0
1708 -0.00164511347115 0.0 0.0
1709 -0.00164511347115 0.0 0.0
1710 -0.00164511347115 0.0 0.0
1711 -0.00164511347115 0.0 0.0
1712 -0.00164511347115 0.0 0.0
1713 -0.00164511347115 0.0 0.0
1714 -0.00164511347115 0.0 0.0
1715 -0.00164511347115 0.0 0.0
1716 -0.00164511347115 0.0 0.0
1717 -0.00164511347115 0.0 0.0
1718 -0.00164511347115 0.0 0.0
1719 -0.00164511347115 0.0 0.0
1720 -0.00164511347115 0.0 0.0
1721 -0.00164511347115 0.0 0.0
1722 -0.00164511347115 0.0 0.0
1723 -0.00164511347115 0.0 0.0
1724 -0.00164511347115 0.0 0.0
1725 -0.00164511347115 0.0 0.0
1726 -0.00164511347115 0.0 0.0
1727 -0.00164511347115 0.0 0.0
1728 -0.00164511347115 0.0 0.0
1729 -0.00164511347115 0.0 0.0
1730 -0.00164511347115 0.0 0.0
1731 -0.00164511347115 0.0 0.0
1732 -0.00164511347115 0.0 0.0
1733 -0.00164511347115 0.0 0.0
1734 -0.00164511347115 0.0 0.0
1735 -0.00164511347115 0.0 0.0
1736 -0.00164511347115 0.0 0.0
1737 -0.00164511347115 0.0 0.0
1738 -0.00164511347115 0.0 0.0
1739 -0.00164511347115 0.0 0.0
1740 -0.00164511347115 0.0 0.0
1741 -0.00164511347115 0.0 0.0
1742 -0.00164511347115 0.0 0.0
1743 -0.00164511347115 0.0 0.0
1744 -0.00164511347115 0.0 0.0
1745 -0.00164511347115 0.0 0.0
1746 -0.00164511347115 0.0 0.0
1747 -0.00164511347115 0.0 0.0
1748 -0.00164511347115 0.0 0.0
1749 -0.00164511347115 0.0 0.0
1750 -0.00164511347115 0.0 0.0
1751 -0.00216276557557 0.0 0.0
1752 -0.00216276557557 0.0 0.0
1753 -0.00216276557557 0.0 0.0
1754 -0.00216276557557 0.0 0.0
1755 -0.00216276557557 0.0 0.0
1756 -0.00216276557557 0.0 0.0
1757 -0.00216276557557 0.0 0.0
1758 -0.00216276557557 0.0 0.0
1759 -0.00216276557557 0.0 0.0
1760 -0.00216276557557 0.0 0.0
1761 -0.00216276557557 0.0 0.0
1762 -0.00216276557557 0.0 0.0
1763 -0.00216276557557 0.0 0.0
1764 -0.00216276557557 0.0 0.0
1765 -0.00216276557557 0.0 0.0
1766 -0.00216276557557 0.0 0.0
1767 -0.00216276557557 0.0 0.0
1768 -0.00216276557557 0.0 0.0
1769 -0.00216276557557 0.0 0.0
1770 -0.00216276557557 0.0 0.0
1771 -0.00216276557557 0.0 0.0
1772 -0.00216276557557 0.0 0.0
1773 -0.00216276557557 0.0 0.0
1774 -0.00216276557557 0.0 0.0
1775 -0.00216276557557 0.0 0.0
1776 -0.00216276557557 0.0 0.0
1777 -0.00216276557557 0.0 0.0
1778 -0.00216276557557 0.0 0.0
1779 -0.00216276557557 0.0 0.0
1780 -0.00216276557557 0.0 0.0
1781 -0.00216276557557 0.0 0.0
1782 -0.00216276557557 0.0 0.0
1783 -0.00216276557557 0.0 0.0
1784 -0.00216276557557 0.0 0.0
1785 -0.00216276557557 0.0 0.0
1786 -0.00216276557557 0.0 0.0
1787 -0.00216276557557 0.0 0.0
1788 -0.00216276557557 0.0 0.0
1789 -0.00216276557557 0.0 0.0
1790 -0.00216276557557 0.0 0.0
1791 -0.00216276557557 0.0 0.0
1792 -0.00216276557557 0.0 0.0
1793 -0.00216276557557 0.0 0.0
1794 -0.00216276557557 0.0 0.0
1795 -0.00216276557557 0.0 0.0
1796 -0.00216276557557 0.0 0.0
1797 -0.00216276557557 0.0 0.0
1798 -0.00216276557557 0.0 0.0
1799 -0.00216276557557 0.0 0.0
1800 -0.00216276557557 0.0 0.0
1801 -0.00216276557557 0.0 0.0
1802 -0.00216276557557 0.0 0.0
1803 -0.00216276557557 0.0 0.0
1804 -0.00216276557557 0.0 0.0
1805 -0.00216276557557 0.0 0.0
1806 -0.00216276557557 0.0 0.0
1807 -0.00216276557557 0.0 0.0
1808 -0.00216276557557 0.0 0.0
1809 -0.00216276557557 0.0 0.0
1810 -0.00216276557557 0.0 0.0
1811 -0.00216276557557 0.0 0.0
1812 -0.00216276557557 0.0 0.0
1813 -0.00216276557557 0.0 0.0
1814 -0.00216276557557 0.0 0.0
1815 -0.00216276557557 0.0 0.0
1816 -0.00216276557557 0.0 0.0
1817 -0.00216276557557 0.0 0.0
1818 -0.00216276557557 0.0 0.0
1819 -0.00216276557557 0.0 0.0
1820 -0.00216276557557 0.0 0.0
1821 -0.00216276557557 0.0 0.0
1822 -0.00216276557557 0.0 0.0
1823 -0.00216276557557 0.0 0.0
1824 -0.00216276557557 0.0 0.0
1825 -0.00216276557557 0.0 0.0
1826 -0.00216276557557 0.0 0.0
1827 -0.00216276557557 0.0 0.0
1828 -0.00216276557557 0.0 0.0
1829 -0.00216276557557 0.0 0.0
1830 -0.00216276557557 0.0 0.0
1831 -0.00216276557557 0.0 0.0
1832 -0.00216276557557 0.0 0.0
1833 -0.00216276557557 0.0 0.0
1834 -0.00216276557557 0.0 0.0
1835 -0.00216276557557 0.0 0.0
1836 -0.00216276557557 0.0 0.0
1837 -0.00216276557557 0.0 0.0
1838 -0.00216276557557 0.0 0.0
1839 -0.00216276557557 0.0 0.0
1840 -0.00216276557557 0.0 0.0
1841 -0.00216276557557 0.0 0.0
1842 -0.00216276557557 0.0 0.0
1843 -0.00216276557557 0.0 0.0
1844 -0.00216276557557 0.0 0.0
1845 -0.00216276557557 0.0 0.0
1846 -0.00216276557557 0.0 0.0
1847 -0.00216276557557 0.0 0.0
1848 -0.00216276557557 0.0 0.0
1849 -0.00216276557557 0.0 0.0
1850 -0.00216276557557 0.0 0.0
1851 0.000962718934275 0.0 0.0
1852 0.000962718934275 0.0 0.0
1853 0.000962718934275 0.0 0.0
1854 0.000962718934275 0.0 0.0
1855 0.000962718934275 0.0 0.0
1856 0.000962718934275 0.0 0.0
1857 0.000962718934275 0.0 0.0
1858 0.000962718934275 0.0 0.0
1859 0.000962718934275 0.0 0.0
1860 0.000962718934275 0.0 0.0
1861 0.000962718934275 0.0 0.0
1862 0.000962718934275 0.0 0.0
1863 0.000962718934275 0.0 0.0
1864 0.000962718934275 0.0 0.0
1865 0.000962718934275 0.0 0.0
1866 0.000962718934275 0.0 0.0
1867 0.000962718934275 0.0 0.0
1868 0.000962718934275 0.0 0.0
1869 0.000962718934275 0.0 0.0
1870 0.000962718934275 0.0 0.0
1871 0.000962718934275 0.0 0.0
1872 0.000962718934275 0.0 0.0
1873 0.000962718934275 0.0 0.0
1874 0.000962718934275 0.0 0.0
1875 0.000962718934275 0.0 0.0
1876 0.000962718934275 0.0 0.0
1877 0.000962718934275 0.0 0.0
1878 0.000962718934275 0.0 0.0
1879 0.000962718934275 0.0 0.0
1880 0.000962718934275 0.0 0.0
1881 0.000962718934275 0.0 0.0
1882 0.000962718934275 0.0 0.0
1883 0.000962718934275 0.0 0.0
1884 0.000962718934275 0.0 0.0
1885 0.000962718934275 0.0 0.0
1886 0.000962718934275 0.0 0.0
1887 0.000962718934275 0.0 0.0
1888 0.000962718934275 0.0 0.0
1889 0.000962718934275 0.0 0.0
1890 0.000962718934275 0.0 0.0
1891 0.000962718934275 0.0 0.0
1892 0.000962718934275 0.0 0.0
1893 0.000962718934275 0.0 0.0
1894 0.000962718934275 0.0 0.0
1895 0.000962718934275 0.0 0.0
1896 0.000962718934275 0.0 0.0
1897 0.000962718934275 0.0 0.0
1898 0.000962718934275 0.0 0.0
1899 0.000962718934275 0.0 0.0
1900 0.000962718934275 0.0 0.0
1901 0.000962718934275 0.0 0.0
1902 0.000962718934275 0.0 0.0
1903 0.000962718934275 0.0 0.0
1904 0.000962718934275 0.0 0.0
1905 0.000962718934275 0.0 0.0
1906 0.000962718934275 0.0 0.0
1907 0.000962718934275 0.0 0.0
1908 0.000962718934275 0.0 0.0
1909 0.000962718934275 0.0 0.0
1910 0.000962718934275 0.0 0.0
1911 0.000962718934275 0.0 0.0
1912 0.000962718934275 0.0 0.0
1913 0.000962718934275 0.0 0.0
1914 0.000962718934275 0.0 0.0
1915 0.000962718934275 0.0 0.0
1916 0.000962718934275 0.0 0.0
1917 0.000962718934275 0.0 0.0
1918 0.000962718934275 0.0 0.0
1919 0.000962718934275 0.0 0.0
1920 0.000962718934275 0.0 0.0
1921 0.000962718934275 0.0 0.0
1922 0.000962718934275 0.0 0.0
1923 0.000962718934275 0.0 0.0
1924 0.000962718934275 0.0 0.0
1925 0.000962718934275 0.0 0.0
1926 0.000962718934275 0.0 0.0
1927 0.000962718934275 0.0 0.0
1928 0.000962718934275 0.0 0.0
1929 0.000962718934275 0.0 0.0
1930 0.000962718934275 0.0 0.0
1931 0.000962718934275 0.0 0.0
1932 0.000962718934275 0.0 0.0
1933 0.000962718934275 0.0 0.0
1934 0.000962718934275 0.0 0.0
1935 0.000962718934275 0.0 0.0
1936 0.000962718934275 0.0 0.0
1937 0.000962718934275 0.0 0.0
1938 0.000962718934275 0.0 0.0
1939 0.000962718934275 0.0 0.0
1940 0.000962718934275 0.0 0.0
1941 0.000962718934275 0.0 0.0
1942 0.000962718934275 0.0 0.0
1943 0.000962718934275 0.0 0.0
1944 0.000962718934275 0.0 0.0
1945 0.000962718934275 0.0 0.0
1946 0.000962718934275 0.0 0.0
1947 0.000962718934275 0.0 0.0
1948 0.000962718934275 0.0 0.0
1949 0.000962718934275 0.0 0.0
1950 0.000962718934275 0.0 0.0
1951 0.00414204237572 0.0 0.0
1952 0.00414204237572 0.0 0.0
1953 0.00414204237572 0.0 0.0
1954 0.00414204237572 0.0 0.0
1955 0.00414204237572 0.0 0.0
1956 0.00414204237572 0.0 0.0
1957 0.00414204237572 0.0 0.0
1958 0.00414204237572 0.0 0.0
1959 0.00414204237572 0.0 0.0
1960 0.00414204237572 0.0 0.0
1961 0.00414204237572 0.0 0.0
1962 0.00414204237572 0.0 0.0
1963 0.00414204237572 0.0 0.0
1964 0.00414204237572 0.0 0.0
1965 0.00414204237572 0.0 0.0
1966 0.00414204237572 0.0 0.0
1967 0.00414204237572 0.0 0.0
1968 0.00414204237572 0.0 0.0
1969 0.00414204237572 0.0 0.0
1970 0.00414204237572 0.0 0.0
1971 0.00414204237572 0.0 0.0
1972 0.00414204237572 0.0 0.0
1973 0.00414204237572 0.0 0.0
1974 0.00414204237572 0.0 0.0
1975 0.00414204237572 0.0 0.0
1976 0.00414204237572 0.0 0.0
1977 0.00414204237572 0.0 0.0
1978 0.00414204237572 0.0 0.0
1979 0.00414204237572 0.0 0.0
1980 0.00414204237572 0.0 0.0
1981 0.00414204237572 0.0 0.0
1982 0.00414204237572 0.0 0.0
1983 0.00414204237572 0.0 0.0
1984 0.00414204237572 0.0 0.0
1985 0.00414204237572 0.0 0.0
1986 0.00414204237572 0.0 0.0
1987 0.00414204237572 0.0 0.0
1988 0.00414204237572 0.0 0.0
1989 0.00414204237572 0.0 0.0
1990 0.00414204237572 0.0 0.0
1991 0.00414204237572 0.0 0.0
1992 0.00414204237572 0.0 0.0
1993 0.00414204237572 0.0 0.0
1994 0.00414204237572 0.0 0.0
1995 0.00414204237572 0.0 0.0
1996 0.00414204237572 0.0 0.0
1997 0.00414204237572 0.0 0.0
1998 0.00414204237572 0.0 0.0
1999 0.00414204237572 0.0 0.0
2000 0.00414204237572 0.0 0.0
2001 0.00414204237572 0.0 0.0
2002 0.00414204237572 0.0 0.0
2003 0.00414204237572 0.0 0.0
2004 0.00414204237572 0.0 0.0
2005 0.00414204237572 0.0 0.0
2006 0.00414204237572 0.0 0.0
2007 0.00414204237572 0.0 0.0
2008 0.00414204237572 0.0 0.0
2009 0.00414204237572 0.0 0.0
2010 0.00414204237572 0.0 0.0
2011 0.00414204237572 0.0 0.0
2012 0.00414204237572 0.0 0.0
2013 0.00414204237572 0.0 0.0
2014 0.00414204237572 0.0 0.0
2015 0.00414204237572 0.0 0.0
2016 0.00414204237572 0.0 0.0
2017 0.00414204237572 0.0 0.0
2018 0.00414204237572 0.0 0.0
2019 0.00414204237572 0.0 0.0
2020 0.00414204237572 0.0 0.0
2021 0.00414204237572 0.0 0.0
2022 0.00414204237572 0.0 0.0
2023 0.00414204237572 0.0 0.0
2024 0.00414204237572 0.0 0.0
2025 0.00414204237572 0.0 0.0
2026 0.00414204237572 0.0 0.0
2027 0.00414204237572 0.0 0.0
2028 0.00414204237572 0.0 0.0
2029 0.00414204237572 0.0 0.0
2030 0.00414204237572 0.0 0.0
2031 0.00414204237572 0.0 0.0
2032 0.00414204237572 0.0 0.0
2033 0.00414204237572 0.0 0.0
2034 0.00414204237572 0.0 0.0
2035 0.00414204237572 0.0 0.0
2036 0.00414204237572 0.0 0.0
2037 0.00414204237572 0.0 0.0
2038 0.00414204237572 0.0 0.0
2039 0.00414204237572 0.0 0.0
2040 0.00414204237572 0.0 0.0
2041 0.00414204237572 0.0 0.0
2042 0.00414204237572 0.0 0.0
2043 0.00414204237572 0.0 0.0
2044 0.00414204237572 0.0 0.0
2045 0.00414204237572 0.0 0.0
2046 0.00414204237572 0.0 0.0
2047 0.00414204237572 0.0 0.0
2048 0.00414204237572 0.0 0.0
2049 0.00414204237572 0.0 0.0
2050 0.00414204237572 0.0 0.0
2051 0.00414204237572 0.0 0.0
2052 0.00414204237572 0.0 0.0
2053 0.00414204237572 0.0 0.0
2054 0.00414204237572 0.0 0.0
2055 0.00414204237572 0.0 0.0
2056 0.00414204237572 0.0 0.0
2057 0.00414204237572 0.0 0.0
2058 0.00414204237572 0.0 0.0
2059 0.00414204237572 0.0 0.0
2060 0.00414204237572 0.0 0.0
2061 0.00414204237572 0.0 0.0
2062 0.00414204237572 0.0 0.0
2063 0.00414204237572 0.0 0.0
2064 0.00414204237572 0.0 0.0
2065 0.00414204237572 0.0 0.0
2066 0.00414204237572 0.0 0.0
2067 0.00414204237572 0.0 0.0
2068 0.00414204237572 0.0 0.0
2069 0.00414204237572 0.0 0.0
2070 0.00414204237572 0.0 0.0
2071 0.00414204237572 0.0 0.0
2072 0.00414204237572 0.0 0.0
2073 0.00414204237572 0.0 0.0
2074 0.00414204237572 0.0 0.0
2075 0.00414204237572 0.0 0.0
2076 0.00414204237572 0.0 0.0
2077 0.00414204237572 0.0 0.0
2078 0.00414204237572 0.0 0.0
2079 0.00414204237572 0.0 0.0
2080 0.00414204237572 0.0 0.0
2081 0.00414204237572 0.0 0.0
2082 0.00414204237572 0.0 0.0
2083 0.00414204237572 0.0 0.0
2084 0.00414204237572 0.0 0.0
2085 0.00414204237572 0.0 0.0
2086 0.00414204237572 0.0 0.0
2087 0.00414204237572 0.0 0.0
2088 0.00414204237572 0.0 0.0
2089 0.00414204237572 0.0 0.0
2090 0.00414204237572 0.0 0.0
2091 0.00414204237572 0.0 0.0
2092 0.00414204237572 0.0 0.0
2093 0.00414204237572 0.0 0.0
2094 0.00414204237572 0.0 0.0
2095 0.00414204237572 0.0 0.0
2096 0.00414204237572 0.0 0.0
2097 0.00414204237572 0.0 0.0
2098 0.00414204237572 0.0 0.0
2099 0.00414204237572 0.0 0.0
2100 0.00414204237572 0.0 0.0
2101 -0.00263566273368 0.0 0.0
2102 -0.00263566273368 0.0 0.0
2103 -0.00263566273368 0.0 0.0
2104 -0.00263566273368 0.0 0.0
2105 -0.00263566273368 0.0 0.0
2106 -0.00263566273368 0.0 0.0
2107 -0.00263566273368 0.0 0.0
2108 -0.00263566273368 0.0 0.0
2109 -0.00263566273368 0.0 0.0
2110 -0.00263566273368 0.0 0.0
2111 -0.00263566273368 0.0 0.0
2112 -0.00263566273368 0.0 0.0
2113 -0.00263566273368 0.0 0.0
2114 -0.00263566273368 0.0 0.0
2115 -0.00263566273368 0.0 0.0
2116 -0.00263566273368 0.0 0.0
2117 -0.00263566273368 0.0 0.0
2118 -0.00263566273368 0.0 0.0
2119 -0.00263566273368 0.0 0.0
2120 -0.00263566273368 0.0 0.0
2121 -0.00263566273368 0.0 0.0
2122 -0.00263566273368 0.0 0.0
2123 -0.00263566273368 0.0 0.0
2124 -0.00263566273368 0.0 0.0
2125 -0.00263566273368 0.0 0.0
2126 -0.00263566273368 0.0 0.0
2127 -0.00263566273368 0.0 0.0
2128 -0.00263566273368 0.0 0.0
2129 -0.00263566273368 0.0 0.0
2130 -0.00263566273368 0.0 0.0
2131 -0.00263566273368 0.0 0.0
2132 -0.00263566273368 0.0 0.0
2133 -0.00263566273368 0.0 0.0
2134 -0.00263566273368 0.0 0.0
2135 -0.00263566273368 0.0 0.0
2136 -0.00263566273368 0.0 0.0
2137 -0.00263566273368 0.0 0.0
2138 -0.00263566273368 0.0 0.0
2139 -0.00263566273368 0.0 0.0
2140 -0.00263566273368 0.0 0.0
2141 -0.00263566273368 0.0 0.0
2142 -0.00263566273368 0.0 0.0
2143 -0.00263566273368 0.0 0.0
2144 -0.00263566273368 0.0 0.0
2145 -0.00263566273368 0.0 0.0
2146 -0.00263566273368 0.0 0.0
2147 -0.00263566273368 0.0 0.0
2148 -0.00263566273368 0.0 0.0
2149 -0.00263566273368 0.0 0.0
2150 -0.00263566273368 0.0 0.0
2151 -0.00263566273368 0.0 0.0
2152 -0.00263566273368 0.0 0.0
2153 -0.00263566273368 0.0 0.0
2154 -0.00263566273368 0.0 0.0
2155 -0.00263566273368 0.0 0.0
2156 -0.00263566273368 0.0 0.0
2157 -0.00263566273368 0.0 0.0
2158 -0.00263566273368 0.0 0.0
2159 -0.00263566273368 0.0 0.0
2160 -0.00263566273368 0.0 0.0
2161 -0.00263566273368 0.0 0.0
2162 -0.00263566273368 0.0 0.0
2163 -0.00263566273368 0.0 0.0
2164 -0.00263566273368 0.0 0.0
2165 -0.00263566273368 0.0 0.0
2166 -0.00263566273368 0.0 0.0
2167 -0.00263566273368 0.0 0.0
2168 -0.00263566273368 0.0 0.0
2169 -0.00263566273368 0.0 0.0
2170 -0.00263566273368 0.0 0.0
2171 -0.00263566273368 0.0 0.0
2172 -0.00263566273368 0.0 0.0
2173 -0.00263566273368 0.0 0.0
2174 -0.00263566273368 0.0 0.0
2175 -0.00263566273368 0.0 0.0
2176 -0.00263566273368 0.0 0.0
2177 -0.00263566273368 0.0 0.0
2178 -0.00263566273368 0.0 0.0
2179 -0.00263566273368 0.0 0.0
2180 -0.00263566273368 0.0 0.0
2181 -0.00263566273368 0.0 0.0
2182 -0.00263566273368 0.0 0.0
2183 -0.00263566273368 0.0 0.0
2184 -0.00263566273368 0.0 0.0
2185 -0.00263566273368 0.0 0.0
2186 -0.00263566273368 0.0 0.0
2187 -0.00263566273368 0.0 0.0
2188 -0.00263566273368 0.0 0.0
2189 -0.00263566273368 0.0 0.0
2190 -0.00263566273368 0.0 0.0
2191 -0.00263566273368 0.0 0.0
2192 -0.00263566273368 0.0 0.0
2193 -0.00263566273368 0.0 0.0
2194 -0.00263566273368 0.0 0.0
2195 -0.00263566273368 0.0 0.0
2196 -0.00263566273368 0.0 0.0
2197 -0.00263566273368 0.0 0.0
2198 -0.00263566273368 0.0 0.0
2199 -0.00263566273368 0.0 0.0
2200 -0.00263566273368 0.0 0.0
2201 -0.00263566273368 0.0 0.0
2202 -0.00263566273368 0.0 0.0
2203 -0.00263566273368 0.0 0.0
2204 -0.00263566273368 0.0 0.0
2205 -0.00263566273368 0.0 0.0
2206 -0.00263566273368 0.0 0.0
2207 -0.00263566273368 0.0 0.0
2208 -0.00263566273368 0.0 0.0
2209 -0.00263566273368 0.0 0.0
2210 -0.00263566273368 0.0 0.0
2211 -0.00263566273368 0.0 0.0
2212 -0.00263566273368 0.0 0.0
2213 -0.00263566273368 0.0 0.0
2214 -0.00263566273368 0.0 0.0
2215 -0.00263566273368 0.0 0.0
2216 -0.00263566273368 0.0 0.0
2217 -0.00263566273368 0.0 0.0
2218 -0.00263566273368 0.0 0.0
2219 -0.00263566273368 0.0 0.0
2220 -0.00263566273368 0.0 0.0
2221 -0.00263566273368 0.0 0.0
2222 -0.00263566273368 0.0 0.0
2223 -0.00263566273368 0.0 0.0
2224 -0.00263566273368 0.0 0.0
2225 -0.00263566273368 0.0 0.0
2226 -0.00263566273368 0.0 0.0
2227 -0.00263566273368 0.0 0.0
2228 -0.00263566273368 0.0 0.0
2229 -0.00263566273368 0.0 0.0
2230 -0.00263566273368 0.0 0.0
2231 -0.00263566273368 0.0 0.0
2232 -0.00263566273368 0.0 0.0
2233 -0.00263566273368 0.0 0.0
2234 -0.00263566273368 0.0 0.0
2235 -0.00263566273368 0.0 0.0
2236 -0.00263566273368 0.0 0.0
2237 -0.00263566273368 0.0 0.0
2238 -0.00263566273368 0.0 0.0
2239 -0.00263566273368 0.0 0.0
2240 -0.00263566273368 0.0 0.0
2241 -0.00263566273368 0.0 0.0
2242 -0.00263566273368 0.0 0.0
2243 -0.00263566273368 0.0 0.0
2244 -0.00263566273368 0.0 0.0
2245 -0.00263566273368 0.0 0.0
2246 -0.00263566273368 0.0 0.0
2247 -0.00263566273368 0.0 0.0
2248 -0.00263566273368 0.0 0.0
2249 -0.00263566273368 0.0 0.0
2250 -0.00263566273368 0.0 0.0
2251 -0.00263566273368 0.0 0.0
2252 -0.00263566273368 0.0 0.0
2253 -0.00263566273368 0.0 0.0
2254 -0.00263566273368 0.0 0.0
2255 -0.00263566273368 0.0 0.0
2256 -0.00263566273368 0.0 0.0
2257 -0.00263566273368 0.0 0.0
2258 -0.00263566273368 0.0 0.0
2259 -0.00263566273368 0.0 0.0
2260 -0.00263566273368 0.0 0.0
2261 -0.00263566273368 0.0 0.0
2262 -0.00263566273368 0.0 0.0
2263 -0.00263566273368 0.0 0.0
2264 -0.00263566273368 0.0 0.0
2265 -0.00263566273368 0.0 0.0
2266 -0.00263566273368 0.0 0.0
2267 -0.00263566273368 0.0 0.0
2268 -0.00263566273368 0.0 0.0
2269 -0.00263566273368 0.0 0.0
2270 -0.00263566273368 0.0 0.0
2271 -0.00263566273368 0.0 0.0
2272 -0.00263566273368 0.0 0.0
2273 -0.00263566273368 0.0 0.0
2274 -0.00263566273368 0.0 0.0
2275 -0.00263566273368 0.0 0.0
2276 -0.00263566273368 0.0 0.0
2277 -0.00263566273368 0.0 0.0
2278 -0.00263566273368 0.0 0.0
2279 -0.00263566273368 0.0 0.0
2280 -0.00263566273368 0.0 0.0
2281 -0.00263566273368 0.0 0.0
2282 -0.00263566273368 0.0 0.0
2283 -0.00263566273368 0.0 0.0
2284 -0.00263566273368 0.0 0.0
2285 -0.00263566273368 0.0 0.0
2286 -0.00263566273368 0.0 0.0
2287 -0.00263566273368 0.0 0.0
2288 -0.00263566273368 0.0 0.0
2289 -0.00263566273368 0.0 0.0
2290 -0.00263566273368 0.0 0.0
2291 -0.00263566273368 0.0 0.0
2292 -0.00263566273368 0.0 0.0
2293 -0.00263566273368 0.0 0.0
2294 -0.00263566273368 0.0 0.0
2295 -0.00263566273368 0.0 0.0
2296 -0.00263566273368 0.0 0.0
2297 -0.00263566273368 0.0 0.0
2298 -0.00263566273368 0.0 0.0
2299 -0.00263566273368 0.0 0.0
2300 -0.00263566273368 0.0 0.0
2301 -0.000542459518578 0.0 0.0
2302 -0.000542459518578 0.0 0.0
2303 -0.000542459518578 0.0 0.0
2304 -0.000542459518578 0.0 0.0
2305 -0.000542459518578 0.0 0.0
2306 -0.000542459518578 0.0 0.0
2307 -0.000542459518578 0.0 0.0
2308 -0.000542459518578 0.0 0.0
2309 -0.000542459518578 0.0 0.0
2310 -0.000542459518578 0.0 0.0
2311 -0.000542459518578 0.0 0.0
2312 -0.000542459518578 0.0 0.0
2313 -0.000542459518578 0.0 0.0
2314 -0.000542459518578 0.0 0.0
2315 -0.000542459518578 0.0 0.0
2316 -0.000542459518578 0.0 0.0
2317 -0.000542459518578 0.0 0.0
2318 -0.000542459518578 0.0 0.0
2319 -0.000542459518578 0.0 0.0
2320 -0.000542459518578 0.0 0.0
2321 -0.000542459518578 0.0 0.0
2322 -0.000542459518578 0.0 0.0
2323 -0.000542459518578 0.0 0.0
2324 -0.000542459518578 0.0 0.0
2325 -0.000542459518578 0.0 0.0
2326 -0.000542459518578 0.0 0.0
2327 -0.000542459518578 0.0 0.0
2328 -0.000542459518578 0.0 0.0
2329 -0.000542459518578 0.0 0.0
2330 -0.000542459518578 0.0 0.0
2331 -0.000542459518578 0.0 0.0
2332 -0.000542459518578 0.0 0.0
2333 -0.000542459518578 0.0 0.0
2334 -0.000542459518578 0.0 0.0
2335 -0.000542459518578 0.0 0.0
2336 -0.000542459518578 0.0 0.0
2337 -0.000542459518578 0.0 0.0
2338 -0.000542459518578 0.0 0.0
2339 -0.000542459518578 0.0 0.0
2340 -0.000542459518578 0.0 0.0
2341 -0.000542459518578 0.0 0.0
2342 -0.000542459518578 0.0 0.0
2343 -0.000542459518578 0.0 0.0
2344 -0.000542459518578 0.0 0.0
2345 -0.000542459518578 0.0 0.0
2346 -0.000542459518578 0.0 0.0
2347 -0.000542459518578 0.0 0.0
2348 -0.000542459518578 0.0 0.0
2349 -0.000542459518578 0.0 0.0
2350 -0.000542459518578 0.0 0.0
2351 -0.000542459518578 0.0 0.0
2352 -0.000542459518578 0.0 0.0
2353 -0.000542459518578 0.0 0.0
2354 -0.000542459518578 0.0 0.0
2355 -0.000542459518578 0.0 0.0
2356 -0.000542459518578 0.0 0.0
2357 -0.000542459518578 0.0 0.0
2358 -0.000542459518578 0.0 0.0
2359 -0.000542459518578 0.0 0.0
2360 -0.000542459518578 0.0 0.0
2361 -0.000542459518578 0.0 0.0
2362 -0.000542459518578 0.0 0.0
2363 -0.000542459518578 0.0 0.0
2364 -0.000542459518578 0.0 0.0
2365 -0.000542459518578 0.0 0.0
2366 -0.000542459518578 0.0 0.0
2367 -0.000542459518578 0.0 0.0
2368 -0.000542459518578 0.0 0.0
2369 -0.000542459518578 0.0 0.0
2370 -0.000542459518578 0.0 0.0
2371 -0.000542459518578 0.0 0.0
2372 -0.000542459518578 0.0 0.0
2373 -0.000542459518578 0.0 0.0
2374 -0.000542459518578 0.0 0.0
2375 -0.000542459518578 0.0 0.0
2376 -0.000542459518578 0.0 0.0
2377 -0.000542459518578 0.0 0.0
2378 -0.000542459518578 0.0 0.0
2379 -0.000542459518578 0.0 0.0
2380 -0.000542459518578 0.0 0.0
2381 -0.000542459518578 0.0 0.0
2382 -0.000542459518578 0.0 0.0
2383 -0.000542459518578 0.0 0.0
2384 -0.000542459518578 0.0 0.0
2385 -0.000542459518578 0.0 0.0
2386 -0.000542459518578 0.0 0.0
2387 -0.000542459518578 0.0 0.0
2388 -0.000542459518578 0.0 0.0
2389 -0.000542459518578 0.0 0.0
2390 -0.000542459518578 0.0 0.0
2391 -0.000542459518578 0.0 0.0
2392 -0.000542459518578 0.0 0.0
2393 -0.000542459518578 0.0 0.0
2394 -0.000542459518578 0.0 0.0
2395 -0.000542459518578 0.0 0.0
2396 -0.000542459518578 0.0 0.0
2397 -0.000542459518578 0.0 0.0
2398 -0.000542459518578 0.0 0.0
2399 -0.000542459518578 0.0 0.0
2400 -0.000542459518578 0.0 0.0
2401 -0.000542459518578 0.0 0.0
2402 -0.000542459518578 0.0 0.0
2403 -0.000542459518578 0.0 0.0
2404 -0.000542459518578 0.0 0.0
2405 -0.000542459518578 0.0 0.0
2406 -0.000542459518578 0.0 0.0
2407 -0.000542459518578 0.0 0.0
2408 -0.000542459518578 0.0 0.0
2409 -0.000542459518578 0.0 0.0
2410 -0.000542459518578 0.0 0.0
2411 -0.000542459518578 0.0 0.0
2412 -0.000542459518578 0.0 0.0
2413 -0.000542459518578 0.0 0.0
2414 -0.000542459518578 0.0 0.0
2415 -0.000542459518578 0.0 0.0
2416 -0.000542459518578 0.0 0.0
2417 -0.000542459518578 0.0 0.0
2418 -0.000542459518578 0.0 0.0
2419 -0.000542459518578 0.0 0.0
2420 -0.000542459518578 0.0 0.0
2421 -0.000542459518578 0.0 0.0
2422 -0.000542459518578 0.0 0.0
2423 -0.000542459518578 0.0 0.0
2424 -0.000542459518578 0.0 0.0
2425 -0.000542459518578 0.0 0.0
2426 -0.000542459518578 0.0 0.0
2427 -0.000542459518578 0.0 0.0
2428 -0.000542459518578 0.0 0.0
2429 -0.000542459518578 0.0 0.0
2430 -0.000542459518578 0.0 0.0
2431 -0.000542459518578 0.0 0.0
2432 -0.000542459518578 0.0 0.0
2433 -0.000542459518578 0.0 0.0
2434 -0.000542459518578 0.0 0.0
2435 -0.000542459518578 0.0 0.0
2436 -0.000542459518578 0.0 0.0
2437 -0.000542459518578 0.0 0.0
2438 -0.000542459518578 0.0 0.0
2439 -0.000542459518578 0.0 0.0
2440 -0.000542459518578 0.0 0.0
2441 -0.000542459518578 0.0 0.0
2442 -0.000542459518578 0.0 0.0
2443 -0.000542459518578 0.0 0.0
2444 -0.000542459518578 0.0 0.0
2445 -0.000542459518578 0.0 0.0
2446 -0.000542459518578 0.0 0.0
2447 -0.000542459518578 0.0 0.0
2448 -0.000542459518578 0.0 0.0
2449 -0.000542459518578 0.0 0.0
2450 -0.000542459518578 0.0 0.0
2451 -0.000542459518578 0.0 0.0
2452 -0.000542459518578 0.0 0.0
2453 -0.000542459518578 0.0 0.0
2454 -0.000542459518578 0.0 0.0
2455 -0.000542459518578 0.0 0.0
2456 -0.000542459518578 0.0 0.0
2457 -0.000542459518578 0.0 0.0
2458 -0.000542459518578 0.0 0.0
2459 -0.000542459518578 0.0 0.0
2460 -0.000542459518578 0.0 0.0
2461 -0.000542459518578 0.0 0.0
2462 -0.000542459518578 0.0 0.0
2463 -0.000542459518578 0.0 0.0
2464 -0.000542459518578 0.0 0.0
2465 -0.000542459518578 0.0 0.0
2466 -0.000542459518578 0.0 0.0
2467 -0.000542459518578 0.0 0.0
2468 -0.000542459518578 0.0 0.0
2469 -0.000542459518578 0.0 0.0
2470 -0.000542459518578 0.0 0.0
2471 -0.000542459518578 0.0 0.0
2472 -0.000542459518578 0.0 0.0
2473 -0.000542459518578 0.0 0.0
2474 -0.000542459518578 0.0 0.0
2475 -0.000542459518578 0.0 0.0
2476 -0.000542459518578 0.0 0.0
2477 -0.000542459518578 0.0 0.0
2478 -0.000542459518578 0.0 0.0
2479 -0.000542459518578 0.0 0.0
2480 -0.000542459518578 0.0 0.0
2481 -0.000542459518578 0.0 0.0
2482 -0.000542459518578 0.0 0.0
2483 -0.000542459518578 0.0 0.0
2484 -0.000542459518578 0.0 0.0
2485 -0.000542459518578 0.0 0.0
2486 -0.000542459518578 0.0 0.0
2487 -0.000542459518578 0.0 0.0
2488 -0.000542459518578 0.0 0.0
2489 -0.000542459518578 0.0 0.0
2490 -0.000542459518578 0.0 0.0
2491 -0.000542459518578 0.0 0.0
2492 -0.000542459518578 0.0 0.0
2493 -0.000542459518578 0.0 0.0
2494 -0.000542459518578 0.0 0.0
2495 -0.000542459518578 0.0 0.0
2496 -0.000542459518578 0.0 0.0
2497 -0.000542459518578 0.0 0.0
2498 -0.000542459518578 0.0 0.0
2499 -0.000542459518578 0.0 0.0
2500 -0.000542459518578 0.0 0.0
