0 0.0 0.0 0.0
1 0.0 0.0 0.0
2 0.00336183243503 0.0 0.0
3 0.00336183243503 0.0 0.0
4 0.00336183243503 0.0 0.0
5 0.00336183243503 0.0 0.0
6 0.00336183243503 0.0 0.0
7 0.00336183243503 0.0 0.0
8 0.00336183243503 0.0 0.0
9 0.00336183243503 0.0 0.0
10 0.00336183243503 0.0 0.0
11 0.00336183243503 0.0 0.0
12 0.00336183243503 0.0 0.0
13 0.00336183243503 0.0 0.0
14 0.00336183243503 0.0 0.0
15 0.00336183243503 0.0 0.0
16 0.00336183243503 0.0 0.0
17 0.00336183243503 0.0 0.0
18 0.00336183243503 0.0 0.0
19 0.00336183243503 0.0 0.0
20 0.00336183243503 0.0 0.0
21 0.00336183243503 0.0 0.0
22 0.00336183243503 0.0 0.0
23 0.00336183243503 0.0 0.0
24 0.00336183243503 0.0 0.0
25 0.00336183243503 0.0 0.0
26 0.00336183243503 0.0 0.0
27 0.00336183243503 0.0 0.0
28 0.00336183243503 0.0 0.0
29 0.00336183243503 0.0 0.0
30 0.00336183243503 0.0 0.0
31 0.00336183243503 0.0 0.0
32 0.00336183243503 0.0 0.0
33 0.00336183243503 0.0 0.0
34 0.00336183243503 0.0 0.0
35 0.00336183243503 0.0 0.0
36 0.00336183243503 0.0 0.0
37 0.00336183243503 0.0 0.0
38 0.00336183243503 0.0 0.0
39 0.00336183243503 0.0 0.0
40 0.00336183243503 0.0 0.0
41 0.00336183243503 0.0 0.0
42 0.00336183243503 0.0 0.0
43 0.00336183243503 0.0 0.0
44 0.00336183243503 0.0 0.0
45 0.00336183243503 0.0 0.0
46 0.00336183243503 0.0 0.0
47 0.00336183243503 0.0 0.0
48 0.00336183243503 0.0 0.0
49 0.00336183243503 0.0 0.0
50 0.00336183243503 0.0 0.0
51 0.0204081632653 0.0 0.0
52 0.0204081632653 0.0 0.0
53 0.0204081632653 0.0 0.0
54 0.0204081632653 0.0 0.0
55 0.0204081632653 0.0 0.0
56 0.0204081632653 0.0 0.0
57 0.0204081632653 0.0 0.0
58 0.0204081632653 0.0 0.0
59 0.0204081632653 0.0 0.0
60 0.0204081632653 0.0 0.0
61 0.0204081632653 0.0 0.0
62 0.0204081632653 0.0 0.0
63 0.0204081632653 0.0 0.0
64 0.0204081632653 0.0 0.0
65 0.0204081632653 0.0 0.0
66 0.0204081632653 0.0 0.0
67 0.0204081632653 0.0 0.0
68 0.0204081632653 0.0 0.0
69 0.0204081632653 0.0 0.0
70 0.0204081632653 0.0 0.0
71 0.0204081632653 0.0 0.0
72 0.0204081632653 0.0 0.0
73 0.0204081632653 0.0 0.0
74 0.0204081632653 0.0 0.0
75 0.0204081632653 0.0 0.0
76 0.0204081632653 0.0 0.0
77 0.0204081632653 0.0 0.0
78 0.0204081632653 0.0 0.0
79 0.0204081632653 0.0 0.0
80 0.0204081632653 0.0 0.0
81 0.0204081632653 0.0 0.0
82 0.0204081632653 0.0 0.0
83 0.0204081632653 0.0 0.0
84 0.0204081632653 0.0 0.0
85 0.0204081632653 0.0 0.0
86 0.0204081632653 0.0 0.0
87 0.0204081632653 0.0 0.0
88 0.0204081632653 0.0 0.0
89 0.0204081632653 0.0 0.0
90 0.0204081632653 0.0 0.0
91 0.0204081632653 0.0 0.0
92 0.0204081632653 0.0 0.0
93 0.0204081632653 0.0 0.0
94 0.0204081632653 0.0 0.0
95 0.0204081632653 0.0 0.0
96 0.0204081632653 0.0 0.0
97 0.0204081632653 0.0 0.0
98 0.0204081632653 0.0 0.0
99 0.0204081632653 0.0 0.0
100 0.0204081632653 0.0 0.0
101 0.00177852873226 0.00141522903851 -0.0201527754305
102 0.00177852873226 0.00141522903851 -0.0201527754305
103 0.00177852873226 0.00141522903851 -0.0201527754305
104 0.00177852873226 0.00141522903851 -0.0201527754305
105 0.00177852873226 0.00141522903851 -0.0201527754305
106 0.00177852873226 0.00141522903851 -0.0201527754305
107 0.00177852873226 0.00141522903851 -0.0201527754305
108 0.00177852873226 0.00141522903851 -0.0201527754305
109 0.00177852873226 0.00141522903851 -0.0201527754305
110 0.00177852873226 0.00141522903851 -0.0201527754305
111 0.00177852873226 0.00141522903851 -0.0201527754305
112 0.00177852873226 0.00141522903851 -0.0201527754305
113 0.00177852873226 0.00141522903851 -0.0201527754305
114 0.00177852873226 0.00141522903851 -0.0201527754305
115 0.00177852873226 0.00141522903851 -0.0201527754305
116 0.00177852873226 0.00141522903851 -0.0201527754305
117 0.00177852873226 0.00141522903851 -0.0201527754305
118 0.00177852873226 0.00141522903851 -0.0201527754305
119 0.00177852873226 0.00141522903851 -0.0201527754305
120 0.00177852873226 0.00141522903851 -0.0201527754305
121 0.00177852873226 0.00141522903851 -0.0201527754305
122 0.00177852873226 0.00141522903851 -0.0201527754305
123 0.00177852873226 0.00141522903851 -0.0201527754305
124 0.00177852873226 0.00141522903851 -0.0201527754305
125 0.00177852873226 0.00141522903851 -0.0201527754305
126 0.00177852873226 0.00141522903851 -0.0201527754305
127 0.00177852873226 0.00141522903851 -0.0201527754305
128 0.00177852873226 0.00141522903851 -0.0201527754305
129 0.00177852873226 0.00141522903851 -0.0201527754305
130 0.00177852873226 0.00141522903851 -0.0201527754305
131 0.00177852873226 0.00141522903851 -0.0201527754305
132 0.00177852873226 0.00141522903851 -0.0201527754305
133 0.00177852873226 0.00141522903851 -0.0201527754305
134 0.00177852873226 0.00141522903851 -0.0201527754305
135 0.00177852873226 0.00141522903851 -0.0201527754305
136 0.00177852873226 0.00141522903851 -0.0201527754305
137 0.00177852873226 0.00141522903851 -0.0201527754305
138 0.00177852873226 0.00141522903851 -0.0201527754305
139 0.00177852873226 0.00141522903851 -0.0201527754305
140 0.00177852873226 0.00141522903851 -0.0201527754305
141 0.00177852873226 0.00141522903851 -0.0201527754305
142 0.00177852873226 0.00141522903851 -0.0201527754305
143 0.00177852873226 0.00141522903851 -0.0201527754305
144 0.00177852873226 0.00141522903851 -0.0201527754305
145 0.00177852873226 0.00141522903851 -0.0201527754305
146 0.00177852873226 0.00141522903851 -0.0201527754305
147 0.00177852873226 0.00141522903851 -0.0201527754305
148 0.00177852873226 0.00141522903851 -0.0201527754305
149 0.00177852873226 0.00141522903851 -0.0201527754305
150 0.00177852873226 0.00141522903851 -0.0201527754305
151 -0.00276168372028 0.00141522903851 -0.0201527754305
152 -0.00276168372028 0.00141522903851 -0.0201527754305
153 -0.00276168372028 0.00141522903851 -0.0201527754305
154 -0.00276168372028 0.00141522903851 -0.0201527754305
155 -0.00276168372028 0.00141522903851 -0.0201527754305
156 -0.00276168372028 0.00141522903851 -0.0201527754305
157 -0.00276168372028 0.00141522903851 -0.0201527754305
158 -0.00276168372028 0.00141522903851 -0.0201527754305
159 -0.00276168372028 0.00141522903851 -0.0201527754305
160 -0.00276168372028 0.00141522903851 -0.0201527754305
161 -0.00276168372028 0.00141522903851 -0.0201527754305
162 -0.00276168372028 0.00141522903851 -0.0201527754305
163 -0.00276168372028 0.00141522903851 -0.0201527754305
164 -0.00276168372028 0.00141522903851 -0.0201527754305
165 -0.00276168372028 0.00141522903851 -0.0201527754305
166 -0.00276168372028 0.00141522903851 -0.0201527754305
167 -0.00276168372028 0.00141522903851 -0.0201527754305
168 -0.00276168372028 0.00141522903851 -0.0201527754305
169 -0.00276168372028 0.00141522903851 -0.0201527754305
170 -0.00276168372028 0.00141522903851 -0.0201527754305
171 -0.00276168372028 0.00141522903851 -0.0201527754305
172 -0.00276168372028 0.00141522903851 -0.0201527754305
173 -0.00276168372028 0.00141522903851 -0.0201527754305
174 -0.00276168372028 0.00141522903851 -0.0201527754305
175 -0.00276168372028 0.00141522903851 -0.0201527754305
176 -0.00276168372028 0.00141522903851 -0.0201527754305
177 -0.00276168372028 0.00141522903851 -0.0201527754305
178 -0.00276168372028 0.00141522903851 -0.0201527754305
179 -0.00276168372028 0.00141522903851 -0.0201527754305
180 -0.00276168372028 0.00141522903851 -0.0201527754305
181 -0.00276168372028 0.00141522903851 -0.0201527754305
182 -0.00276168372028 0.00141522903851 -0.0201527754305
183 -0.00276168372028 0.00141522903851 -0.0201527754305
184 -0.00276168372028 0.00141522903851 -0.0201527754305
185 -0.00276168372028 0.00141522903851 -0.0201527754305
186 -0.00276168372028 0.00141522903851 -0.0201527754305
187 -0.00276168372028 0.00141522903851 -0.0201527754305
188 -0.00276168372028 0.00141522903851 -0.0201527754305
189 -0.00276168372028 0.00141522903851 -0.0201527754305
190 -0.00276168372028 0.00141522903851 -0.0201527754305
191 -0.00276168372028 0.00141522903851 -0.0201527754305
192 -0.00276168372028 0.00141522903851 -0.0201527754305
193 -0.00276168372028 0.00141522903851 -0.0201527754305
194 -0.00276168372028 0.00141522903851 -0.0201527754305
195 -0.00276168372028 0.00141522903851 -0.0201527754305
196 -0.00276168372028 0.00141522903851 -0.0201527754305
197 -0.00276168372028 0.00141522903851 -0.0201527754305
198 -0.00276168372028 0.00141522903851 -0.0201527754305
199 -0.00276168372028 0.00141522903851 -0.0201527754305
200 -0.00276168372028 0.00141522903851 -0.0201527754305
201 0.000295323193929 -0.0170656332392 -0.0717547078304
202 0.000295323193929 -0.0170656332392 -0.0717547078304
203 0.000295323193929 -0.0170656332392 -0.0717547078304
204 0.000295323193929 -0.0170656332392 -0.0717547078304
205 0.000295323193929 -0.0170656332392 -0.0717547078304
206 0.000295323193929 -0.0170656332392 -0.0717547078304
207 0.000295323193929 -0.0170656332392 -0.0717547078304
208 0.000295323193929 -0.0170656332392 -0.0717547078304
209 0.000295323193929 -0.0170656332392 -0.0717547078304
210 0.000295323193929 -0.0170656332392 -0.0717547078304
211 0.000295323193929 -0.0170656332392 -0.0717547078304
212 0.000295323193929 -0.0170656332392 -0.0717547078304
213 0.000295323193929 -0.0170656332392 -0.0717547078304
214 0.000295323193929 -0.0170656332392 -0.0717547078304
215 0.000295323193929 -0.0170656332392 -0.0717547078304
216 0.000295323193929 -0.0170656332392 -0.0717547078304
217 0.000295323193929 -0.0170656332392 -0.0717547078304
218 0.000295323193929 -0.0170656332392 -0.0717547078304
219 0.000295323193929 -0.0170656332392 -0.0717547078304
220 0.000295323193929 -0.0170656332392 -0.0717547078304
221 0.000295323193929 -0.0170656332392 -0.0717547078304
222 0.000295323193929 -0.0170656332392 -0.0717547078304
223 0.000295323193929 -0.0170656332392 -0.0717547078304
224 0.000295323193929 -0.0170656332392 -0.0717547078304
225 0.000295323193929 -0.0170656332392 -0.0717547078304
226 0.000295323193929 -0.0170656332392 -0.0717547078304
227 0.000295323193929 -0.0170656332392 -0.0717547078304
228 0.000295323193929 -0.0170656332392 -0.0717547078304
229 0.000295323193929 -0.0170656332392 -0.0717547078304
230 0.000295323193929 -0.0170656332392 -0.0717547078304
231 0.000295323193929 -0.0170656332392 -0.0717547078304
232 0.000295323193929 -0.0170656332392 -0.0717547078304
233 0.000295323193929 -0.0170656332392 -0.0717547078304
234 0.000295323193929 -0.0170656332392 -0.0717547078304
235 0.000295323193929 -0.0170656332392 -0.0717547078304
236 0.000295323193929 -0.0170656332392 -0.0717547078304
237 0.000295323193929 -0.0170656332392 -0.0717547078304
238 0.000295323193929 -0.0170656332392 -0.0717547078304
239 0.000295323193929 -0.0170656332392 -0.0717547078304
240 0.000295323193929 -0.0170656332392 -0.0717547078304
241 0.000295323193929 -0.0170656332392 -0.0717547078304
242 0.000295323193929 -0.0170656332392 -0.0717547078304
243 0.000295323193929 -0.0170656332392 -0.0717547078304
244 0.000295323193929 -0.0170656332392 -0.0717547078304
245 0.000295323193929 -0.0170656332392 -0.0717547078304
246 0.000295323193929 -0.0170656332392 -0.0717547078304
247 0.000295323193929 -0.0170656332392 -0.0717547078304
248 0.000295323193929 -0.0170656332392 -0.0717547078304
249 0.000295323193929 -0.0170656332392 -0.0717547078304
250 0.000295323193929 -0.0170656332392 -0.0717547078304
251 -0.000139204576017 -0.0170656332392 -0.0717547078304
252 -0.000139204576017 -0.0170656332392 -0.0717547078304
253 -0.000139204576017 -0.0170656332392 -0.0717547078304
254 -0.000139204576017 -0.0170656332392 -0.0717547078304
255 -0.000139204576017 -0.0170656332392 -0.0717547078304
256 -0.000139204576017 -0.0170656332392 -0.0717547078304
257 -0.000139204576017 -0.0170656332392 -0.0717547078304
258 -0.000139204576017 -0.0170656332392 -0.0717547078304
259 -0.000139204576017 -0.0170656332392 -0.0717547078304
260 -0.000139204576017 -0.0170656332392 -0.0717547078304
261 -0.000139204576017 -0.0170656332392 -0.0717547078304
262 -0.000139204576017 -0.0170656332392 -0.0717547078304
263 -0.000139204576017 -0.0170656332392 -0.0717547078304
264 -0.000139204576017 -0.0170656332392 -0.0717547078304
265 -0.000139204576017 -0.0170656332392 -0.0717547078304
266 -0.000139204576017 -0.0170656332392 -0.0717547078304
267 -0.000139204576017 -0.0170656332392 -0.0717547078304
268 -0.000139204576017 -0.0170656332392 -0.0717547078304
269 -0.000139204576017 -0.0170656332392 -0.0717547078304
270 -0.000139204576017 -0.0170656332392 -0.0717547078304
271 -0.000139204576017 -0.0170656332392 -0.0717547078304
272 -0.000139204576017 -0.0170656332392 -0.0717547078304
273 -0.000139204576017 -0.0170656332392 -0.0717547078304
274 -0.000139204576017 -0.0170656332392 -0.0717547078304
275 -0.000139204576017 -0.0170656332392 -0.0717547078304
276 -0.000139204576017 -0.0170656332392 -0.0717547078304
277 -0.000139204576017 -0.0170656332392 -0.0717547078304
278 -0.000139204576017 -0.0170656332392 -0.0717547078304
279 -0.000139204576017 -0.0170656332392 -0.0717547078304
280 -0.000139204576017 -0.0170656332392 -0.0717547078304
281 -0.000139204576017 -0.0170656332392 -0.0717547078304
282 -0.000139204576017 -0.0170656332392 -0.0717547078304
283 -0.000139204576017 -0.0170656332392 -0.0717547078304
284 -0.000139204576017 -0.0170656332392 -0.0717547078304
285 -0.000139204576017 -0.0170656332392 -0.0717547078304
286 -0.000139204576017 -0.0170656332392 -0.0717547078304
287 -0.000139204576017 -0.0170656332392 -0.0717547078304
288 -0.000139204576017 -0.0170656332392 -0.0717547078304
289 -0.000139204576017 -0.0170656332392 -0.0717547078304
290 -0.000139204576017 -0.0170656332392 -0.0717547078304
291 -0.000139204576017 -0.0170656332392 -0.0717547078304
292 -0.000139204576017 -0.0170656332392 -0.0717547078304
293 -0.000139204576017 -0.0170656332392 -0.0717547078304
294 -0.000139204576017 -0.0170656332392 -0.0717547078304
295 -0.000139204576017 -0.0170656332392 -0.0717547078304
296 -0.000139204576017 -0.0170656332392 -0.0717547078304
297 -0.000139204576017 -0.0170656332392 -0.0717547078304
298 -0.000139204576017 -0.0170656332392 -0.0717547078304
299 -0.000139204576017 -0.0170656332392 -0.0717547078304
300 -0.000139204576017 -0.0170656332392 -0.0717547078304
301 -0.000974015626566 -0.00782634969264 -0.0385444929475
302 -0.000974015626566 -0.00782634969264 -0.0385444929475
303 -0.000974015626566 -0.00782634969264 -0.0385444929475
304 -0.000974015626566 -0.00782634969264 -0.0385444929475
305 -0.000974015626566 -0.00782634969264 -0.0385444929475
306 -0.000974015626566 -0.00782634969264 -0.0385444929475
307 -0.000974015626566 -0.00782634969264 -0.0385444929475
308 -0.000974015626566 -0.00782634969264 -0.0385444929475
309 -0.000974015626566 -0.00782634969264 -0.0385444929475
310 -0.000974015626566 -0.00782634969264 -0.0385444929475
311 -0.000974015626566 -0.00782634969264 -0.0385444929475
312 -0.000974015626566 -0.00782634969264 -0.0385444929475
313 -0.000974015626566 -0.00782634969264 -0.0385444929475
314 -0.000974015626566 -0.00782634969264 -0.0385444929475
315 -0.000974015626566 -0.00782634969264 -0.0385444929475
316 -0.000974015626566 -0.00782634969264 -0.0385444929475
317 -0.000974015626566 -0.00782634969264 -0.0385444929475
318 -0.000974015626566 -0.00782634969264 -0.0385444929475
319 -0.000974015626566 -0.00782634969264 -0.0385444929475
320 -0.000974015626566 -0.00782634969264 -0.0385444929475
321 -0.000974015626566 -0.00782634969264 -0.0385444929475
322 -0.000974015626566 -0.00782634969264 -0.0385444929475
323 -0.000974015626566 -0.00782634969264 -0.0385444929475
324 -0.000974015626566 -0.00782634969264 -0.0385444929475
325 -0.000974015626566 -0.00782634969264 -0.0385444929475
326 -0.000974015626566 -0.00782634969264 -0.0385444929475
327 -0.000974015626566 -0.00782634969264 -0.0385444929475
328 -0.000974015626566 -0.00782634969264 -0.0385444929475
329 -0.000974015626566 -0.00782634969264 -0.0385444929475
330 -0.000974015626566 -0.00782634969264 -0.0385444929475
331 -0.000974015626566 -0.00782634969264 -0.0385444929475
332 -0.000974015626566 -0.00782634969264 -0.0385444929475
333 -0.000974015626566 -0.00782634969264 -0.0385444929475
334 -0.000974015626566 -0.00782634969264 -0.0385444929475
335 -0.000974015626566 -0.00782634969264 -0.0385444929475
336 -0.000974015626566 -0.00782634969264 -0.0385444929475
337 -0.000974015626566 -0.00782634969264 -0.0385444929475
338 -0.000974015626566 -0.00782634969264 -0.0385444929475
339 -0.000974015626566 -0.00782634969264 -0.0385444929475
340 -0.000974015626566 -0.00782634969264 -0.0385444929475
341 -0.000974015626566 -0.00782634969264 -0.0385444929475
342 -0.000974015626566 -0.00782634969264 -0.0385444929475
343 -0.000974015626566 -0.00782634969264 -0.0385444929475
344 -0.000974015626566 -0.00782634969264 -0.0385444929475
345 -0.000974015626566 -0.00782634969264 -0.0385444929475
346 -0.000974015626566 -0.00782634969264 -0.0385444929475
347 -0.000974015626566 -0.00782634969264 -0.0385444929475
348 -0.000974015626566 -0.00782634969264 -0.0385444929475
349 -0.000974015626566 -0.00782634969264 -0.0385444929475
350 -0.000974015626566 -0.00782634969264 -0.0385444929475
351 0.00094388496087 -0.00782634969264 -0.0385444929475
352 0.00094388496087 -0.00782634969264 -0.0385444929475
353 0.00094388496087 -0.00782634969264 -0.0385444929475
354 0.00094388496087 -0.00782634969264 -0.0385444929475
355 0.00094388496087 -0.00782634969264 -0.0385444929475
356 0.00094388496087 -0.00782634969264 -0.0385444929475
357 0.00094388496087 -0.00782634969264 -0.0385444929475
358 0.00094388496087 -0.00782634969264 -0.0385444929475
359 0.00094388496087 -0.00782634969264 -0.0385444929475
360 0.00094388496087 -0.00782634969264 -0.0385444929475
361 0.00094388496087 -0.00782634969264 -0.0385444929475
362 0.00094388496087 -0.00782634969264 -0.0385444929475
363 0.00094388496087 -0.00782634969264 -0.0385444929475
364 0.00094388496087 -0.00782634969264 -0.0385444929475
365 0.00094388496087 -0.00782634969264 -0.0385444929475
366 0.00094388496087 -0.00782634969264 -0.0385444929475
367 0.00094388496087 -0.00782634969264 -0.0385444929475
368 0.00094388496087 -0.00782634969264 -0.0385444929475
369 0.00094388496087 -0.00782634969264 -0.0385444929475
370 0.00094388496087 -0.00782634969264 -0.0385444929475
371 0.00094388496087 -0.00782634969264 -0.0385444929475
372 0.00094388496087 -0.00782634969264 -0.0385444929475
373 0.00094388496087 -0.00782634969264 -0.0385444929475
374 0.00094388496087 -0.00782634969264 -0.0385444929475
375 0.00094388496087 -0.00782634969264 -0.0385444929475
376 0.00094388496087 -0.00782634969264 -0.0385444929475
377 0.00094388496087 -0.00782634969264 -0.0385444929475
378 0.00094388496087 -0.00782634969264 -0.0385444929475
379 0.00094388496087 -0.00782634969264 -0.0385444929475
380 0.00094388496087 -0.00782634969264 -0.0385444929475
381 0.00094388496087 -0.00782634969264 -0.0385444929475
382 0.00094388496087 -0.00782634969264 -0.0385444929475
383 0.00094388496087 -0.00782634969264 -0.0385444929475
384 0.00094388496087 -0.00782634969264 -0.0385444929475
385 0.00094388496087 -0.00782634969264 -0.0385444929475
386 0.00094388496087 -0.00782634969264 -0.0385444929475
387 0.00094388496087 -0.00782634969264 -0.0385444929475
388 0.00094388496087 -0.00782634969264 -0.0385444929475
389 0.00094388496087 -0.00782634969264 -0.0385444929475
390 0.00094388496087 -0.00782634969264 -0.0385444929475
391 0.00094388496087 -0.00782634969264 -0.0385444929475
392 0.00094388496087 -0.00782634969264 -0.0385444929475
393 0.00094388496087 -0.00782634969264 -0.0385444929475
394 0.00094388496087 -0.00782634969264 -0.0385444929475
395 0.00094388496087 -0.00782634969264 -0.0385444929475
396 0.00094388496087 -0.00782634969264 -0.0385444929475
397 0.00094388496087 -0.00782634969264 -0.0385444929475
398 0.00094388496087 -0.00782634969264 -0.0385444929475
399 0.00094388496087 -0.00782634969264 -0.0385444929475
400 0.00094388496087 -0.00782634969264 -0.0385444929475
401 0.00169134774226 0.0109001762536 0.122358618253
402 0.00169134774226 0.0109001762536 0.122358618253
403 0.00169134774226 0.0109001762536 0.122358618253
404 0.00169134774226 0.0109001762536 0.122358618253
405 0.00169134774226 0.0109001762536 0.122358618253
406 0.00169134774226 0.0109001762536 0.122358618253
407 0.00169134774226 0.0109001762536 0.122358618253
408 0.00169134774226 0.0109001762536 0.122358618253
409 0.00169134774226 0.0109001762536 0.122358618253
410 0.00169134774226 0.0109001762536 0.122358618253
411 0.00169134774226 0.0109001762536 0.122358618253
412 0.00169134774226 0.0109001762536 0.122358618253
413 0.00169134774226 0.0109001762536 0.122358618253
414 0.00169134774226 0.0109001762536 0.122358618253
415 0.00169134774226 0.0109001762536 0.122358618253
416 0.00169134774226 0.0109001762536 0.122358618253
417 0.00169134774226 0.0109001762536 0.122358618253
418 0.00169134774226 0.0109001762536 0.122358618253
419 0.00169134774226 0.0109001762536 0.122358618253
420 0.00169134774226 0.0109001762536 0.122358618253
421 0.00169134774226 0.0109001762536 0.122358618253
422 0.00169134774226 0.0109001762536 0.122358618253
423 0.00169134774226 0.0109001762536 0.122358618253
424 0.00169134774226 0.0109001762536 0.122358618253
425 0.00169134774226 0.0109001762536 0.122358618253
426 0.00169134774226 0.0109001762536 0.122358618253
427 0.00169134774226 0.0109001762536 0.122358618253
428 0.00169134774226 0.0109001762536 0.122358618253
429 0.00169134774226 0.0109001762536 0.122358618253
430 0.00169134774226 0.0109001762536 0.122358618253
431 0.00169134774226 0.0109001762536 0.122358618253
432 0.00169134774226 0.0109001762536 0.122358618253
433 0.00169134774226 0.0109001762536 0.122358618253
434 0.00169134774226 0.0109001762536 0.122358618253
435 0.00169134774226 0.0109001762536 0.122358618253
436 0.00169134774226 0.0109001762536 0.122358618253
437 0.00169134774226 0.0109001762536 0.122358618253
438 0.00169134774226 0.0109001762536 0.122358618253
439 0.00169134774226 0.0109001762536 0.122358618253
440 0.00169134774226 0.0109001762536 0.122358618253
441 0.00169134774226 0.0109001762536 0.122358618253
442 0.00169134774226 0.0109001762536 0.122358618253
443 0.00169134774226 0.0109001762536 0.122358618253
444 0.00169134774226 0.0109001762536 0.122358618253
445 0.00169134774226 0.0109001762536 0.122358618253
446 0.00169134774226 0.0109001762536 0.122358618253
447 0.00169134774226 0.0109001762536 0.122358618253
448 0.00169134774226 0.0109001762536 0.122358618253
449 0.00169134774226 0.0109001762536 0.122358618253
450 0.00169134774226 0.0109001762536 0.122358618253
451 -0.00525787823548 0.0109001762536 0.122358618253
452 -0.00525787823548 0.0109001762536 0.122358618253
453 -0.00525787823548 0.0109001762536 0.122358618253
454 -0.00525787823548 0.0109001762536 0.122358618253
455 -0.00525787823548 0.0109001762536 0.122358618253
456 -0.00525787823548 0.0109001762536 0.122358618253
457 -0.00525787823548 0.0109001762536 0.122358618253
458 -0.00525787823548 0.0109001762536 0.122358618253
459 -0.00525787823548 0.0109001762536 0.122358618253
460 -0.00525787823548 0.0109001762536 0.122358618253
461 -0.00525787823548 0.0109001762536 0.122358618253
462 -0.00525787823548 0.0109001762536 0.122358618253
463 -0.00525787823548 0.0109001762536 0.122358618253
464 -0.00525787823548 0.0109001762536 0.122358618253
465 -0.00525787823548 0.0109001762536 0.122358618253
466 -0.00525787823548 0.0109001762536 0.122358618253
467 -0.00525787823548 0.0109001762536 0.122358618253
468 -0.00525787823548 0.0109001762536 0.122358618253
469 -0.00525787823548 0.0109001762536 0.122358618253
470 -0.00525787823548 0.0109001762536 0.122358618253
471 -0.00525787823548 0.0109001762536 0.122358618253
472 -0.00525787823548 0.0109001762536 0.122358618253
473 -0.00525787823548 0.0109001762536 0.122358618253
474 -0.00525787823548 0.0109001762536 0.122358618253
475 -0.00525787823548 0.0109001762536 0.122358618253
476 -0.00525787823548 0.0109001762536 0.122358618253
477 -0.00525787823548 0.0109001762536 0.122358618253
478 -0.00525787823548 0.0109001762536 0.122358618253
479 -0.00525787823548 0.0109001762536 0.122358618253
480 -0.00525787823548 0.0109001762536 0.122358618253
481 -0.00525787823548 0.0109001762536 0.122358618253
482 -0.00525787823548 0.0109001762536 0.122358618253
483 -0.00525787823548 0.0109001762536 0.122358618253
484 -0.00525787823548 0.0109001762536 0.122358618253
485 -0.00525787823548 0.0109001762536 0.122358618253
486 -0.00525787823548 0.0109001762536 0.122358618253
487 -0.00525787823548 0.0109001762536 0.122358618253
488 -0.00525787823548 0.0109001762536 0.122358618253
489 -0.00525787823548 0.0109001762536 0.122358618253
490 -0.00525787823548 0.0109001762536 0.122358618253
491 -0.00525787823548 0.0109001762536 0.122358618253
492 -0.00525787823548 0.0109001762536 0.122358618253
493 -0.00525787823548 0.0109001762536 0.122358618253
494 -0.00525787823548 0.0109001762536 0.122358618253
495 -0.00525787823548 0.0109001762536 0.122358618253
496 -0.00525787823548 0.0109001762536 0.122358618253
497 -0.00525787823548 0.0109001762536 0.122358618253
498 -0.00525787823548 0.0109001762536 0.122358618253
499 -0.00525787823548 0.0109001762536 0.122358618253
500 -0.00525787823548 0.0109001762536 0.122358618253
501 -0.00236791002245 -0.110918519325 0.0583396575593
502 -0.00236791002245 -0.110918519325 0.0583396575593
503 -0.00236791002245 -0.110918519325 0.0583396575593
504 -0.00236791002245 -0.110918519325 0.0583396575593
505 -0.00236791002245 -0.110918519325 0.0583396575593
506 -0.00236791002245 -0.110918519325 0.0583396575593
507 -0.00236791002245 -0.110918519325 0.0583396575593
508 -0.00236791002245 -0.110918519325 0.0583396575593
509 -0.00236791002245 -0.110918519325 0.0583396575593
510 -0.00236791002245 -0.110918519325 0.0583396575593
511 -0.00236791002245 -0.110918519325 0.0583396575593
512 -0.00236791002245 -0.110918519325 0.0583396575593
513 -0.00236791002245 -0.110918519325 0.0583396575593
514 -0.00236791002245 -0.110918519325 0.0583396575593
515 -0.00236791002245 -0.110918519325 0.0583396575593
516 -0.00236791002245 -0.110918519325 0.0583396575593
517 -0.00236791002245 -0.110918519325 0.0583396575593
518 -0.00236791002245 -0.110918519325 0.0583396575593
519 -0.00236791002245 -0.110918519325 0.0583396575593
520 -0.00236791002245 -0.110918519325 0.0583396575593
521 -0.00236791002245 -0.110918519325 0.0583396575593
522 -0.00236791002245 -0.110918519325 0.0583396575593
523 -0.00236791002245 -0.110918519325 0.0583396575593
524 -0.00236791002245 -0.110918519325 0.0583396575593
525 -0.00236791002245 -0.110918519325 0.0583396575593
526 -0.00236791002245 -0.110918519325 0.0583396575593
527 -0.00236791002245 -0.110918519325 0.0583396575593
528 -0.00236791002245 -0.110918519325 0.0583396575593
529 -0.00236791002245 -0.110918519325 0.0583396575593
530 -0.00236791002245 -0.110918519325 0.0583396575593
531 -0.00236791002245 -0.110918519325 0.0583396575593
532 -0.00236791002245 -0.110918519325 0.0583396575593
533 -0.00236791002245 -0.110918519325 0.0583396575593
534 -0.00236791002245 -0.110918519325 0.0583396575593
535 -0.00236791002245 -0.110918519325 0.0583396575593
536 -0.00236791002245 -0.110918519325 0.0583396575593
537 -0.00236791002245 -0.110918519325 0.0583396575593
538 -0.00236791002245 -0.110918519325 0.0583396575593
539 -0.00236791002245 -0.110918519325 0.0583396575593
540 -0.00236791002245 -0.110918519325 0.0583396575593
541 -0.00236791002245 -0.110918519325 0.0583396575593
542 -0.00236791002245 -0.110918519325 0.0583396575593
543 -0.00236791002245 -0.110918519325 0.0583396575593
544 -0.00236791002245 -0.110918519325 0.0583396575593
545 -0.00236791002245 -0.110918519325 0.0583396575593
546 -0.00236791002245 -0.110918519325 0.0583396575593
547 -0.00236791002245 -0.110918519325 0.0583396575593
548 -0.00236791002245 -0.110918519325 0.0583396575593
549 -0.00236791002245 -0.110918519325 0.0583396575593
550 -0.00236791002245 -0.110918519325 0.0583396575593
551 -0.00483380620604 -0.110918519325 0.0583396575593
552 -0.00483380620604 -0.110918519325 0.0583396575593
553 -0.00483380620604 -0.110918519325 0.0583396575593
554 -0.00483380620604 -0.110918519325 0.0583396575593
555 -0.00483380620604 -0.110918519325 0.0583396575593
556 -0.00483380620604 -0.110918519325 0.0583396575593
557 -0.00483380620604 -0.110918519325 0.0583396575593
558 -0.00483380620604 -0.110918519325 0.0583396575593
559 -0.00483380620604 -0.110918519325 0.0583396575593
560 -0.00483380620604 -0.110918519325 0.0583396575593
561 -0.00483380620604 -0.110918519325 0.0583396575593
562 -0.00483380620604 -0.110918519325 0.0583396575593
563 -0.00483380620604 -0.110918519325 0.0583396575593
564 -0.00483380620604 -0.110918519325 0.0583396575593
565 -0.00483380620604 -0.110918519325 0.0583396575593
566 -0.00483380620604 -0.110918519325 0.0583396575593
567 -0.00483380620604 -0.110918519325 0.0583396575593
568 -0.00483380620604 -0.110918519325 0.0583396575593
569 -0.00483380620604 -0.110918519325 0.0583396575593
570 -0.00483380620604 -0.110918519325 0.0583396575593
571 -0.00483380620604 -0.110918519325 0.0583396575593
572 -0.00483380620604 -0.110918519325 0.0583396575593
573 -0.00483380620604 -0.110918519325 0.0583396575593
574 -0.00483380620604 -0.110918519325 0.0583396575593
575 -0.00483380620604 -0.110918519325 0.0583396575593
576 -0.00483380620604 -0.110918519325 0.0583396575593
577 -0.00483380620604 -0.110918519325 0.0583396575593
578 -0.00483380620604 -0.110918519325 0.0583396575593
579 -0.00483380620604 -0.110918519325 0.0583396575593
580 -0.00483380620604 -0.110918519325 0.0583396575593
581 -0.00483380620604 -0.110918519325 0.0583396575593
582 -0.00483380620604 -0.110918519325 0.0583396575593
583 -0.00483380620604 -0.110918519325 0.0583396575593
584 -0.00483380620604 -0.110918519325 0.0583396575593
585 -0.00483380620604 -0.110918519325 0.0583396575593
586 -0.00483380620604 -0.110918519325 0.0583396575593
587 -0.00483380620604 -0.110918519325 0.0583396575593
588 -0.00483380620604 -0.110918519325 0.0583396575593
589 -0.00483380620604 -0.110918519325 0.0583396575593
590 -0.00483380620604 -0.110918519325 0.0583396575593
591 -0.00483380620604 -0.110918519325 0.0583396575593
592 -0.00483380620604 -0.110918519325 0.0583396575593
593 -0.00483380620604 -0.110918519325 0.0583396575593
594 -0.00483380620604 -0.110918519325 0.0583396575593
595 -0.00483380620604 -0.110918519325 0.0583396575593
596 -0.00483380620604 -0.110918519325 0.0583396575593
597 -0.00483380620604 -0.110918519325 0.0583396575593
598 -0.00483380620604 -0.110918519325 0.0583396575593
599 -0.00483380620604 -0.110918519325 0.0583396575593
600 -0.00483380620604 -0.110918519325 0.0583396575593
601 0.00249807414023 0.00187603275438 -0.0453160779501
602 0.00249807414023 0.00187603275438 -0.0453160779501
603 0.00249807414023 0.00187603275438 -0.0453160779501
604 0.00249807414023 0.00187603275438 -0.0453160779501
605 0.00249807414023 0.00187603275438 -0.0453160779501
606 0.00249807414023 0.00187603275438 -0.0453160779501
607 0.00249807414023 0.00187603275438 -0.0453160779501
608 0.00249807414023 0.00187603275438 -0.0453160779501
609 0.00249807414023 0.00187603275438 -0.0453160779501
610 0.00249807414023 0.00187603275438 -0.0453160779501
611 0.00249807414023 0.00187603275438 -0.0453160779501
612 0.00249807414023 0.00187603275438 -0.0453160779501
613 0.00249807414023 0.00187603275438 -0.0453160779501
614 0.00249807414023 0.00187603275438 -0.0453160779501
615 0.00249807414023 0.00187603275438 -0.0453160779501
616 0.00249807414023 0.00187603275438 -0.0453160779501
617 0.00249807414023 0.00187603275438 -0.0453160779501
618 0.00249807414023 0.00187603275438 -0.0453160779501
619 0.00249807414023 0.00187603275438 -0.0453160779501
620 0.00249807414023 0.00187603275438 -0.0453160779501
621 0.00249807414023 0.00187603275438 -0.0453160779501
622 0.00249807414023 0.00187603275438 -0.0453160779501
623 0.00249807414023 0.00187603275438 -0.0453160779501
624 0.00249807414023 0.00187603275438 -0.0453160779501
625 0.00249807414023 0.00187603275438 -0.0453160779501
626 0.00249807414023 0.00187603275438 -0.0453160779501
627 0.00249807414023 0.00187603275438 -0.0453160779501
628 0.00249807414023 0.00187603275438 -0.0453160779501
629 0.00249807414023 0.00187603275438 -0.0453160779501
630 0.00249807414023 0.00187603275438 -0.0453160779501
631 0.00249807414023 0.00187603275438 -0.0453160779501
632 0.00249807414023 0.00187603275438 -0.0453160779501
633 0.00249807414023 0.00187603275438 -0.0453160779501
634 0.00249807414023 0.00187603275438 -0.0453160779501
635 0.00249807414023 0.00187603275438 -0.0453160779501
636 0.00249807414023 0.00187603275438 -0.0453160779501
637 0.00249807414023 0.00187603275438 -0.0453160779501
638 0.00249807414023 0.00187603275438 -0.0453160779501
639 0.00249807414023 0.00187603275438 -0.0453160779501
640 0.00249807414023 0.00187603275438 -0.0453160779501
641 0.00249807414023 0.00187603275438 -0.0453160779501
642 0.00249807414023 0.00187603275438 -0.0453160779501
643 0.00249807414023 0.00187603275438 -0.0453160779501
644 0.00249807414023 0.00187603275438 -0.0453160779501
645 0.00249807414023 0.00187603275438 -0.0453160779501
646 0.00249807414023 0.00187603275438 -0.0453160779501
647 0.00249807414023 0.00187603275438 -0.0453160779501
648 0.00249807414023 0.00187603275438 -0.0453160779501
649 0.00249807414023 0.00187603275438 -0.0453160779501
650 0.00249807414023 0.00187603275438 -0.0453160779501
651 -0.00424359300364 0.00187603275438 -0.0453160779501
652 -0.00424359300364 0.00187603275438 -0.0453160779501
653 -0.00424359300364 0.00187603275438 -0.0453160779501
654 -0.00424359300364 0.00187603275438 -0.0453160779501
655 -0.00424359300364 0.00187603275438 -0.0453160779501
656 -0.00424359300364 0.00187603275438 -0.0453160779501
657 -0.00424359300364 0.00187603275438 -0.0453160779501
658 -0.00424359300364 0.00187603275438 -0.0453160779501
659 -0.00424359300364 0.00187603275438 -0.0453160779501
660 -0.00424359300364 0.00187603275438 -0.0453160779501
661 -0.00424359300364 0.00187603275438 -0.0453160779501
662 -0.00424359300364 0.00187603275438 -0.0453160779501
663 -0.00424359300364 0.00187603275438 -0.0453160779501
664 -0.00424359300364 0.00187603275438 -0.0453160779501
665 -0.00424359300364 0.00187603275438 -0.0453160779501
666 -0.00424359300364 0.00187603275438 -0.0453160779501
667 -0.00424359300364 0.00187603275438 -0.0453160779501
668 -0.00424359300364 0.00187603275438 -0.0453160779501
669 -0.00424359300364 0.00187603275438 -0.0453160779501
670 -0.00424359300364 0.00187603275438 -0.0453160779501
671 -0.00424359300364 0.00187603275438 -0.0453160779501
672 -0.00424359300364 0.00187603275438 -0.0453160779501
673 -0.00424359300364 0.00187603275438 -0.0453160779501
674 -0.00424359300364 0.00187603275438 -0.0453160779501
675 -0.00424359300364 0.00187603275438 -0.0453160779501
676 -0.00424359300364 0.00187603275438 -0.0453160779501
677 -0.00424359300364 0.00187603275438 -0.0453160779501
678 -0.00424359300364 0.00187603275438 -0.0453160779501
679 -0.00424359300364 0.00187603275438 -0.0453160779501
680 -0.00424359300364 0.00187603275438 -0.0453160779501
681 -0.00424359300364 0.00187603275438 -0.0453160779501
682 -0.00424359300364 0.00187603275438 -0.0453160779501
683 -0.00424359300364 0.00187603275438 -0.0453160779501
684 -0.00424359300364 0.00187603275438 -0.0453160779501
685 -0.00424359300364 0.00187603275438 -0.0453160779501
686 -0.00424359300364 0.00187603275438 -0.0453160779501
687 -0.00424359300364 0.00187603275438 -0.0453160779501
688 -0.00424359300364 0.00187603275438 -0.0453160779501
689 -0.00424359300364 0.00187603275438 -0.0453160779501
690 -0.00424359300364 0.00187603275438 -0.0453160779501
691 -0.00424359300364 0.00187603275438 -0.0453160779501
692 -0.00424359300364 0.00187603275438 -0.0453160779501
693 -0.00424359300364 0.00187603275438 -0.0453160779501
694 -0.00424359300364 0.00187603275438 -0.0453160779501
695 -0.00424359300364 0.00187603275438 -0.0453160779501
696 -0.00424359300364 0.00187603275438 -0.0453160779501
697 -0.00424359300364 0.00187603275438 -0.0453160779501
698 -0.00424359300364 0.00187603275438 -0.0453160779501
699 -0.00424359300364 0.00187603275438 -0.0453160779501
700 -0.00424359300364 0.00187603275438 -0.0453160779501
701 -0.0054788549595 0.00611442823242 -0.0205965675714
702 -0.0054788549595 0.00611442823242 -0.0205965675714
703 -0.0054788549595 0.00611442823242 -0.0205965675714
704 -0.0054788549595 0.00611442823242 -0.0205965675714
705 -0.0054788549595 0.00611442823242 -0.0205965675714
706 -0.0054788549595 0.00611442823242 -0.0205965675714
707 -0.0054788549595 0.00611442823242 -0.0205965675714
708 -0.0054788549595 0.00611442823242 -0.0205965675714
709 -0.0054788549595 0.00611442823242 -0.0205965675714
710 -0.0054788549595 0.00611442823242 -0.0205965675714
711 -0.0054788549595 0.00611442823242 -0.0205965675714
712 -0.0054788549595 0.00611442823242 -0.0205965675714
713 -0.0054788549595 0.00611442823242 -0.0205965675714
714 -0.0054788549595 0.00611442823242 -0.0205965675714
715 -0.0054788549595 0.00611442823242 -0.0205965675714
716 -0.0054788549595 0.00611442823242 -0.0205965675714
717 -0.0054788549595 0.00611442823242 -0.0205965675714
718 -0.0054788549595 0.00611442823242 -0.0205965675714
719 -0.0054788549595 0.00611442823242 -0.0205965675714
720 -0.0054788549595 0.00611442823242 -0.0205965675714
721 -0.0054788549595 0.00611442823242 -0.0205965675714
722 -0.0054788549595 0.00611442823242 -0.0205965675714
723 -0.0054788549595 0.00611442823242 -0.0205965675714
724 -0.0054788549595 0.00611442823242 -0.0205965675714
725 -0.0054788549595 0.00611442823242 -0.0205965675714
726 -0.0054788549595 0.00611442823242 -0.0205965675714
727 -0.0054788549595 0.00611442823242 -0.0205965675714
728 -0.0054788549595 0.00611442823242 -0.0205965675714
729 -0.0054788549595 0.00611442823242 -0.0205965675714
730 -0.0054788549595 0.00611442823242 -0.0205965675714
731 -0.0054788549595 0.00611442823242 -0.0205965675714
732 -0.0054788549595 0.00611442823242 -0.0205965675714
733 -0.0054788549595 0.00611442823242 -0.0205965675714
734 -0.0054788549595 0.00611442823242 -0.0205965675714
735 -0.0054788549595 0.00611442823242 -0.0205965675714
736 -0.0054788549595 0.00611442823242 -0.0205965675714
737 -0.0054788549595 0.00611442823242 -0.0205965675714
738 -0.0054788549595 0.00611442823242 -0.0205965675714
739 -0.0054788549595 0.00611442823242 -0.0205965675714
740 -0.0054788549595 0.00611442823242 -0.0205965675714
741 -0.0054788549595 0.00611442823242 -0.0205965675714
742 -0.0054788549595 0.00611442823242 -0.0205965675714
743 -0.0054788549595 0.00611442823242 -0.0205965675714
744 -0.0054788549595 0.00611442823242 -0.0205965675714
745 -0.0054788549595 0.00611442823242 -0.0205965675714
746 -0.0054788549595 0.00611442823242 -0.0205965675714
747 -0.0054788549595 0.00611442823242 -0.0205965675714
748 -0.0054788549595 0.00611442823242 -0.0205965675714
749 -0.0054788549595 0.00611442823242 -0.0205965675714
750 -0.0054788549595 0.00611442823242 -0.0205965675714
751 -0.00666006489217 0.00611442823242 -0.0205965675714
752 -0.00666006489217 0.00611442823242 -0.0205965675714
753 -0.00666006489217 0.00611442823242 -0.0205965675714
754 -0.00666006489217 0.00611442823242 -0.0205965675714
755 -0.00666006489217 0.00611442823242 -0.0205965675714
756 -0.00666006489217 0.00611442823242 -0.0205965675714
757 -0.00666006489217 0.00611442823242 -0.0205965675714
758 -0.00666006489217 0.00611442823242 -0.0205965675714
759 -0.00666006489217 0.00611442823242 -0.0205965675714
760 -0.00666006489217 0.00611442823242 -0.0205965675714
761 -0.00666006489217 0.00611442823242 -0.0205965675714
762 -0.00666006489217 0.00611442823242 -0.0205965675714
763 -0.00666006489217 0.00611442823242 -0.0205965675714
764 -0.00666006489217 0.00611442823242 -0.0205965675714
765 -0.00666006489217 0.00611442823242 -0.0205965675714
766 -0.00666006489217 0.00611442823242 -0.0205965675714
767 -0.00666006489217 0.00611442823242 -0.0205965675714
768 -0.00666006489217 0.00611442823242 -0.0205965675714
769 -0.00666006489217 0.00611442823242 -0.0205965675714
770 -0.00666006489217 0.00611442823242 -0.0205965675714
771 -0.00666006489217 0.00611442823242 -0.0205965675714
772 -0.00666006489217 0.00611442823242 -0.0205965675714
773 -0.00666006489217 0.00611442823242 -0.0205965675714
774 -0.00666006489217 0.00611442823242 -0.0205965675714
775 -0.00666006489217 0.00611442823242 -0.0205965675714
776 -0.00666006489217 0.00611442823242 -0.0205965675714
777 -0.00666006489217 0.00611442823242 -0.0205965675714
778 -0.00666006489217 0.00611442823242 -0.0205965675714
779 -0.00666006489217 0.00611442823242 -0.0205965675714
780 -0.00666006489217 0.00611442823242 -0.0205965675714
781 -0.00666006489217 0.00611442823242 -0.0205965675714
782 -0.00666006489217 0.00611442823242 -0.0205965675714
783 -0.00666006489217 0.00611442823242 -0.0205965675714
784 -0.00666006489217 0.00611442823242 -0.0205965675714
785 -0.00666006489217 0.00611442823242 -0.0205965675714
786 -0.00666006489217 0.00611442823242 -0.0205965675714
787 -0.00666006489217 0.00611442823242 -0.0205965675714
788 -0.00666006489217 0.00611442823242 -0.0205965675714
789 -0.00666006489217 0.00611442823242 -0.0205965675714
790 -0.00666006489217 0.00611442823242 -0.0205965675714
791 -0.00666006489217 0.00611442823242 -0.0205965675714
792 -0.00666006489217 0.00611442823242 -0.0205965675714
793 -0.00666006489217 0.00611442823242 -0.0205965675714
794 -0.00666006489217 0.00611442823242 -0.0205965675714
795 -0.00666006489217 0.00611442823242 -0.0205965675714
796 -0.00666006489217 0.00611442823242 -0.0205965675714
797 -0.00666006489217 0.00611442823242 -0.0205965675714
798 -0.00666006489217 0.00611442823242 -0.0205965675714
799 -0.00666006489217 0.00611442823242 -0.0205965675714
800 -0.00666006489217 0.00611442823242 -0.0205965675714
801 0.00262464148397 0.0253301004167 -0.024103445281
802 0.00262464148397 0.0253301004167 -0.024103445281
803 0.00262464148397 0.0253301004167 -0.024103445281
804 0.00262464148397 0.0253301004167 -0.024103445281
805 0.00262464148397 0.0253301004167 -0.024103445281
806 0.00262464148397 0.0253301004167 -0.024103445281
807 0.00262464148397 0.0253301004167 -0.024103445281
808 0.00262464148397 0.0253301004167 -0.024103445281
809 0.00262464148397 0.0253301004167 -0.024103445281
810 0.00262464148397 0.0253301004167 -0.024103445281
811 0.00262464148397 0.0253301004167 -0.024103445281
812 0.00262464148397 0.0253301004167 -0.024103445281
813 0.00262464148397 0.0253301004167 -0.024103445281
814 0.00262464148397 0.0253301004167 -0.024103445281
815 0.00262464148397 0.0253301004167 -0.024103445281
816 0.00262464148397 0.0253301004167 -0.024103445281
817 0.00262464148397 0.0253301004167 -0.024103445281
818 0.00262464148397 0.0253301004167 -0.024103445281
819 0.00262464148397 0.0253301004167 -0.024103445281
820 0.00262464148397 0.0253301004167 -0.024103445281
821 0.00262464148397 0.0253301004167 -0.024103445281
822 0.00262464148397 0.0253301004167 -0.024103445281
823 0.00262464148397 0.0253301004167 -0.024103445281
824 0.00262464148397 0.0253301004167 -0.024103445281
825 0.00262464148397 0.0253301004167 -0.024103445281
826 0.00262464148397 0.0253301004167 -0.024103445281
827 0.00262464148397 0.0253301004167 -0.024103445281
828 0.00262464148397 0.0253301004167 -0.024103445281
829 0.00262464148397 0.0253301004167 -0.024103445281
830 0.00262464148397 0.0253301004167 -0.024103445281
831 0.00262464148397 0.0253301004167 -0.024103445281
832 0.00262464148397 0.0253301004167 -0.024103445281
833 0.00262464148397 0.0253301004167 -0.024103445281
834 0.00262464148397 0.0253301004167 -0.024103445281
835 0.00262464148397 0.0253301004167 -0.024103445281
836 0.00262464148397 0.0253301004167 -0.024103445281
837 0.00262464148397 0.0253301004167 -0.024103445281
838 0.00262464148397 0.0253301004167 -0.024103445281
839 0.00262464148397 0.0253301004167 -0.024103445281
840 0.00262464148397 0.0253301004167 -0.024103445281
841 0.00262464148397 0.0253301004167 -0.024103445281
842 0.00262464148397 0.0253301004167 -0.024103445281
843 0.00262464148397 0.0253301004167 -0.024103445281
844 0.00262464148397 0.0253301004167 -0.024103445281
845 0.00262464148397 0.0253301004167 -0.024103445281
846 0.00262464148397 0.0253301004167 -0.024103445281
847 0.00262464148397 0.0253301004167 -0.024103445281
848 0.00262464148397 0.0253301004167 -0.024103445281
849 0.00262464148397 0.0253301004167 -0.024103445281
850 0.00262464148397 0.0253301004167 -0.024103445281
851 0.00203402766569 0.0253301004167 -0.024103445281
852 0.00203402766569 0.0253301004167 -0.024103445281
853 0.00203402766569 0.0253301004167 -0.024103445281
854 0.00203402766569 0.0253301004167 -0.024103445281
855 0.00203402766569 0.0253301004167 -0.024103445281
856 0.00203402766569 0.0253301004167 -0.024103445281
857 0.00203402766569 0.0253301004167 -0.024103445281
858 0.00203402766569 0.0253301004167 -0.024103445281
859 0.00203402766569 0.0253301004167 -0.024103445281
860 0.00203402766569 0.0253301004167 -0.024103445281
861 0.00203402766569 0.0253301004167 -0.024103445281
862 0.00203402766569 0.0253301004167 -0.024103445281
863 0.00203402766569 0.0253301004167 -0.024103445281
864 0.00203402766569 0.0253301004167 -0.024103445281
865 0.00203402766569 0.0253301004167 -0.024103445281
866 0.00203402766569 0.0253301004167 -0.024103445281
867 0.00203402766569 0.0253301004167 -0.024103445281
868 0.00203402766569 0.0253301004167 -0.024103445281
869 0.00203402766569 0.0253301004167 -0.024103445281
870 0.00203402766569 0.0253301004167 -0.024103445281
871 0.00203402766569 0.0253301004167 -0.024103445281
872 0.00203402766569 0.0253301004167 -0.024103445281
873 0.00203402766569 0.0253301004167 -0.024103445281
874 0.00203402766569 0.0253301004167 -0.024103445281
875 0.00203402766569 0.0253301004167 -0.024103445281
876 0.00203402766569 0.0253301004167 -0.024103445281
877 0.00203402766569 0.0253301004167 -0.024103445281
878 0.00203402766569 0.0253301004167 -0.024103445281
879 0.00203402766569 0.0253301004167 -0.024103445281
880 0.00203402766569 0.0253301004167 -0.024103445281
881 0.00203402766569 0.0253301004167 -0.024103445281
882 0.00203402766569 0.0253301004167 -0.024103445281
883 0.00203402766569 0.0253301004167 -0.024103445281
884 0.00203402766569 0.0253301004167 -0.024103445281
885 0.00203402766569 0.0253301004167 -0.024103445281
886 0.00203402766569 0.0253301004167 -0.024103445281
887 0.00203402766569 0.0253301004167 -0.024103445281
888 0.00203402766569 0.0253301004167 -0.024103445281
889 0.00203402766569 0.0253301004167 -0.024103445281
890 0.00203402766569 0.0253301004167 -0.024103445281
891 0.00203402766569 0.0253301004167 -0.024103445281
892 0.00203402766569 0.0253301004167 -0.024103445281
893 0.00203402766569 0.0253301004167 -0.024103445281
894 0.00203402766569 0.0253301004167 -0.024103445281
895 0.00203402766569 0.0253301004167 -0.024103445281
896 0.00203402766569 0.0253301004167 -0.024103445281
897 0.00203402766569 0.0253301004167 -0.024103445281
898 0.00203402766569 0.0253301004167 -0.024103445281
899 0.00203402766569 0.0253301004167 -0.024103445281
900 0.00203402766569 0.0253301004167 -0.024103445281
901 0.00441724373744 0.0174161610395 -0.00234023152499
902 0.00441724373744 0.0174161610395 -0.00234023152499
903 0.00441724373744 0.0174161610395 -0.00234023152499
904 0.00441724373744 0.0174161610395 -0.00234023152499
905 0.00441724373744 0.0174161610395 -0.00234023152499
906 0.00441724373744 0.0174161610395 -0.00234023152499
907 0.00441724373744 0.0174161610395 -0.00234023152499
908 0.00441724373744 0.0174161610395 -0.00234023152499
909 0.00441724373744 0.0174161610395 -0.00234023152499
910 0.00441724373744 0.0174161610395 -0.00234023152499
911 0.00441724373744 0.0174161610395 -0.00234023152499
912 0.00441724373744 0.0174161610395 -0.00234023152499
913 0.00441724373744 0.0174161610395 -0.00234023152499
914 0.00441724373744 0.0174161610395 -0.00234023152499
915 0.00441724373744 0.0174161610395 -0.00234023152499
916 0.00441724373744 0.0174161610395 -0.00234023152499
917 0.00441724373744 0.0174161610395 -0.00234023152499
918 0.00441724373744 0.0174161610395 -0.00234023152499
919 0.00441724373744 0.0174161610395 -0.00234023152499
920 0.00441724373744 0.0174161610395 -0.00234023152499
921 0.00441724373744 0.0174161610395 -0.00234023152499
922 0.00441724373744 0.0174161610395 -0.00234023152499
923 0.00441724373744 0.0174161610395 -0.00234023152499
924 0.00441724373744 0.0174161610395 -0.00234023152499
925 0.00441724373744 0.0174161610395 -0.00234023152499
926 0.00441724373744 0.0174161610395 -0.00234023152499
927 0.00441724373744 0.0174161610395 -0.00234023152499
928 0.00441724373744 0.0174161610395 -0.00234023152499
929 0.00441724373744 0.0174161610395 -0.00234023152499
930 0.00441724373744 0.0174161610395 -0.00234023152499
931 0.00441724373744 0.0174161610395 -0.00234023152499
932 0.00441724373744 0.0174161610395 -0.00234023152499
933 0.00441724373744 0.0174161610395 -0.00234023152499
934 0.00441724373744 0.0174161610395 -0.00234023152499
935 0.00441724373744 0.0174161610395 -0.00234023152499
936 0.00441724373744 0.0174161610395 -0.00234023152499
937 0.00441724373744 0.0174161610395 -0.00234023152499
938 0.00441724373744 0.0174161610395 -0.00234023152499
939 0.00441724373744 0.0174161610395 -0.00234023152499
940 0.00441724373744 0.0174161610395 -0.00234023152499
941 0.00441724373744 0.0174161610395 -0.00234023152499
942 0.00441724373744 0.0174161610395 -0.00234023152499
943 0.00441724373744 0.0174161610395 -0.00234023152499
944 0.00441724373744 0.0174161610395 -0.00234023152499
945 0.00441724373744 0.0174161610395 -0.00234023152499
946 0.00441724373744 0.0174161610395 -0.00234023152499
947 0.00441724373744 0.0174161610395 -0.00234023152499
948 0.00441724373744 0.0174161610395 -0.00234023152499
949 0.00441724373744 0.0174161610395 -0.00234023152499
950 0.00441724373744 0.0174161610395 -0.00234023152499
951 0.00441724373744 0.0174161610395 -0.00234023152499
952 0.00441724373744 0.0174161610395 -0.00234023152499
953 0.00441724373744 0.0174161610395 -0.00234023152499
954 0.00441724373744 0.0174161610395 -0.00234023152499
955 0.00441724373744 0.0174161610395 -0.00234023152499
956 0.00441724373744 0.0174161610395 -0.00234023152499
957 0.00441724373744 0.0174161610395 -0.00234023152499
958 0.00441724373744 0.0174161610395 -0.00234023152499
959 0.00441724373744 0.0174161610395 -0.00234023152499
960 0.00441724373744 0.0174161610395 -0.00234023152499
961 0.00441724373744 0.0174161610395 -0.00234023152499
962 0.00441724373744 0.0174161610395 -0.00234023152499
963 0.00441724373744 0.0174161610395 -0.00234023152499
964 0.00441724373744 0.0174161610395 -0.00234023152499
965 0.00441724373744 0.0174161610395 -0.00234023152499
966 0.00441724373744 0.0174161610395 -0.00234023152499
967 0.00441724373744 0.0174161610395 -0.00234023152499
968 0.00441724373744 0.0174161610395 -0.00234023152499
969 0.00441724373744 0.0174161610395 -0.00234023152499
970 0.00441724373744 0.0174161610395 -0.00234023152499
971 -0.00350313132194 0.0174161610395 -0.00234023152499
972 -0.00350313132194 0.0174161610395 -0.00234023152499
973 -0.00350313132194 0.0174161610395 -0.00234023152499
974 -0.00350313132194 0.0174161610395 -0.00234023152499
975 -0.00350313132194 0.0174161610395 -0.00234023152499
976 -0.00350313132194 0.0174161610395 -0.00234023152499
977 -0.00350313132194 0.0174161610395 -0.00234023152499
978 -0.00350313132194 0.0174161610395 -0.00234023152499
979 -0.00350313132194 0.0174161610395 -0.00234023152499
980 -0.00350313132194 0.0174161610395 -0.00234023152499
981 -0.00350313132194 0.0174161610395 -0.00234023152499
982 -0.00350313132194 0.0174161610395 -0.00234023152499
983 -0.00350313132194 0.0174161610395 -0.00234023152499
984 -0.00350313132194 0.0174161610395 -0.00234023152499
985 -0.00350313132194 0.0174161610395 -0.00234023152499
986 -0.00350313132194 0.0174161610395 -0.00234023152499
987 -0.00350313132194 0.0174161610395 -0.00234023152499
988 -0.00350313132194 0.0174161610395 -0.00234023152499
989 -0.00350313132194 0.0174161610395 -0.00234023152499
990 -0.00350313132194 0.0174161610395 -0.00234023152499
991 -0.00350313132194 0.0174161610395 -0.00234023152499
992 -0.00350313132194 0.0174161610395 -0.00234023152499
993 -0.00350313132194 0.0174161610395 -0.00234023152499
994 -0.00350313132194 0.0174161610395 -0.00234023152499
995 -0.00350313132194 0.0174161610395 -0.00234023152499
996 -0.00350313132194 0.0174161610395 -0.00234023152499
997 -0.00350313132194 0.0174161610395 -0.00234023152499
998 -0.00350313132194 0.0174161610395 -0.00234023152499
999 -0.00350313132194 0.0174161610395 -0.00234023152499
1000 -0.00350313132194 0.0174161610395 -0.00234023152499
1001 -0.00350313132194 0.0 0.0
1002 -0.00350313132194 0.0 0.0
1003 -0.00350313132194 0.0 0.0
1004 -0.00350313132194 0.0 0.0
1005 -0.00350313132194 0.0 0.0
1006 -0.00350313132194 0.0 0.0
1007 -0.00350313132194 0.0 0.0
1008 -0.00350313132194 0.0 0.0
1009 -0.00350313132194 0.0 0.0
1010 -0.00350313132194 0.0 0.0
1011 -0.00350313132194 0.0 0.0
1012 -0.00350313132194 0.0 0.0
1013 -0.00350313132194 0.0 0.0
1014 -0.00350313132194 0.0 0.0
1015 -0.00350313132194 0.0 0.0
1016 -0.00350313132194 0.0 0.0
1017 -0.00350313132194 0.0 0.0
1018 -0.00350313132194 0.0 0.0
1019 -0.00350313132194 0.0 0.0
1020 -0.00350313132194 0.0 0.0
1021 -0.00350313132194 0.0 0.0
1022 -0.00350313132194 0.0 0.0
1023 -0.00350313132194 0.0 0.0
1024 -0.00350313132194 0.0 0.0
1025 -0.00350313132194 0.0 0.0
1026 -0.00350313132194 0.0 0.0
1027 -0.00350313132194 0.0 0.0
1028 -0.00350313132194 0.0 0.0
1029 -0.00350313132194 0.0 0.0
1030 -0.00350313132194 0.0 0.0
1031 -0.00392752806749 0.0 0.0
1032 -0.00392752806749 0.0 0.0
1033 -0.00392752806749 0.0 0.0
1034 -0.00392752806749 0.0 0.0
1035 -0.00392752806749 0.0 0.0
1036 -0.00392752806749 0.0 0.0
1037 -0.00392752806749 0.0 0.0
1038 -0.00392752806749 0.0 0.0
1039 -0.00392752806749 0.0 0.0
1040 -0.00392752806749 0.0 0.0
1041 -0.00392752806749 0.0 0.0
1042 -0.00392752806749 0.0 0.0
1043 -0.00392752806749 0.0 0.0
1044 -0.00392752806749 0.0 0.0
1045 -0.00392752806749 0.0 0.0
1046 -0.00392752806749 0.0 0.0
1047 -0.00392752806749 0.0 0.0
1048 -0.00392752806749 0.0 0.0
1049 -0.00392752806749 0.0 0.0
1050 -0.00392752806749 0.0 0.0
1051 -0.00392752806749 0.0 0.0
1052 -0.00392752806749 0.0 0.0
1053 -0.00392752806749 0.0 0.0
1054 -0.00392752806749 0.0 0.0
1055 -0.00392752806749 0.0 0.0
1056 -0.00392752806749 0.0 0.0
1057 -0.00392752806749 0.0 0.0
1058 -0.00392752806749 0.0 0.0
1059 -0.00392752806749 0.0 0.0
1060 -0.00392752806749 0.0 0.0
1061 -0.00392752806749 0.0 0.0
1062 -0.00392752806749 0.0 0.0
1063 -0.00392752806749 0.0 0.0
1064 -0.00392752806749 0.0 0.0
1065 -0.00392752806749 0.0 0.0
1066 -0.00392752806749 0.0 0.0
1067 -0.00392752806749 0.0 0.0
1068 -0.00392752806749 0.0 0.0
1069 -0.00392752806749 0.0 0.0
1070 -0.00392752806749 0.0 0.0
1071 -0.00392752806749 0.0 0.0
1072 -0.00392752806749 0.0 0.0
1073 -0.00392752806749 0.0 0.0
1074 -0.00392752806749 0.0 0.0
1075 -0.00392752806749 0.0 0.0
1076 -0.00392752806749 0.0 0.0
1077 -0.00392752806749 0.0 0.0
1078 -0.00392752806749 0.0 0.0
1079 -0.00392752806749 0.0 0.0
1080 -0.00392752806749 0.0 0.0
1081 -0.00392752806749 0.0 0.0
1082 -0.00392752806749 0.0 0.0
1083 -0.00392752806749 0.0 0.0
1084 -0.00392752806749 0.0 0.0
1085 -0.00392752806749 0.0 0.0
1086 -0.00392752806749 0.0 0.0
1087 -0.00392752806749 0.0 0.0
1088 -0.00392752806749 0.0 0.0
1089 -0.00392752806749 0.0 0.0
1090 -0.00392752806749 0.0 0.0
1091 0.00639816584842 0.0 0.0
1092 0.00639816584842 0.0 0.0
1093 0.00639816584842 0.0 0.0
1094 0.00639816584842 0.0 0.0
1095 0.00639816584842 0.0 0.0
1096 0.00639816584842 0.0 0.0
1097 0.00639816584842 0.0 0.0
1098 0.00639816584842 0.0 0.0
1099 0.00639816584842 0.0 0.0
1100 0.00639816584842 0.0 0.0
1101 0.00639816584842 0.0 0.0
1102 0.00639816584842 0.0 0.0
1103 0.00639816584842 0.0 0.0
1104 0.00639816584842 0.0 0.0
1105 0.00639816584842 0.0 0.0
1106 0.00639816584842 0.0 0.0
1107 0.00639816584842 0.0 0.0
1108 0.00639816584842 0.0 0.0
1109 0.00639816584842 0.0 0.0
1110 0.00639816584842 0.0 0.0
1111 0.00639816584842 0.0 0.0
1112 0.00639816584842 0.0 0.0
1113 0.00639816584842 0.0 0.0
1114 0.00639816584842 0.0 0.0
1115 0.00639816584842 0.0 0.0
1116 0.00639816584842 0.0 0.0
1117 0.00639816584842 0.0 0.0
1118 0.00639816584842 0.0 0.0
1119 0.00639816584842 0.0 0.0
1120 0.00639816584842 0.0 0.0
1121 0.00639816584842 0.0 0.0
1122 0.00639816584842 0.0 0.0
1123 0.00639816584842 0.0 0.0
1124 0.00639816584842 0.0 0.0
1125 0.00639816584842 0.0 0.0
1126 0.00639816584842 0.0 0.0
1127 0.00639816584842 0.0 0.0
1128 0.00639816584842 0.0 0.0
1129 0.00639816584842 0.0 0.0
1130 0.00639816584842 0.0 0.0
1131 0.00639816584842 0.0 0.0
1132 0.00639816584842 0.0 0.0
1133 0.00639816584842 0.0 0.0
1134 0.00639816584842 0.0 0.0
1135 0.00639816584842 0.0 0.0
1136 0.00639816584842 0.0 0.0
1137 0.00639816584842 0.0 0.0
1138 0.00639816584842 0.0 0.0
1139 0.00639816584842 0.0 0.0
1140 0.00639816584842 0.0 0.0
1141 0.00639816584842 0.0 0.0
1142 0.00639816584842 0.0 0.0
1143 0.00639816584842 0.0 0.0
1144 0.00639816584842 0.0 0.0
1145 0.00639816584842 0.0 0.0
1146 0.00639816584842 0.0 0.0
1147 0.00639816584842 0.0 0.0
1148 0.00639816584842 0.0 0.0
1149 0.00639816584842 0.0 0.0
1150 0.00639816584842 0.0 0.0
1151 -0.00765814751291 0.0 0.0
1152 -0.00765814751291 0.0 0.0
1153 -0.00765814751291 0.0 0.0
1154 -0.00765814751291 0.0 0.0
1155 -0.00765814751291 0.0 0.0
1156 -0.00765814751291 0.0 0.0
1157 -0.00765814751291 0.0 0.0
1158 -0.00765814751291 0.0 0.0
1159 -0.00765814751291 0.0 0.0
1160 -0.00765814751291 0.0 0.0
1161 -0.00765814751291 0.0 0.0
1162 -0.00765814751291 0.0 0.0
1163 -0.00765814751291 0.0 0.0
1164 -0.00765814751291 0.0 0.0
1165 -0.00765814751291 0.0 0.0
1166 -0.00765814751291 0.0 0.0
1167 -0.00765814751291 0.0 0.0
1168 -0.00765814751291 0.0 0.0
1169 -0.00765814751291 0.0 0.0
1170 -0.00765814751291 0.0 0.0
1171 -0.00765814751291 0.0 0.0
1172 -0.00765814751291 0.0 0.0
1173 -0.00765814751291 0.0 0.0
1174 -0.00765814751291 0.0 0.0
1175 -0.00765814751291 0.0 0.0
1176 -0.00765814751291 0.0 0.0
1177 -0.00765814751291 0.0 0.0
1178 -0.00765814751291 0.0 0.0
1179 -0.00765814751291 0.0 0.0
1180 -0.00765814751291 0.0 0.0
1181 -0.00765814751291 0.0 0.0
1182 -0.00765814751291 0.0 0.0
1183 -0.00765814751291 0.0 0.0
1184 -0.00765814751291 0.0 0.0
1185 -0.00765814751291 0.0 0.0
1186 -0.00765814751291 0.0 0.0
1187 -0.00765814751291 0.0 0.0
1188 -0.00765814751291 0.0 0.0
1189 -0.00765814751291 0.0 0.0
1190 -0.00765814751291 0.0 0.0
1191 -0.00765814751291 0.0 0.0
1192 -0.00765814751291 0.0 0.0
1193 -0.00765814751291 0.0 0.0
1194 -0.00765814751291 0.0 0.0
1195 -0.00765814751291 0.0 0.0
1196 -0.00765814751291 0.0 0.0
1197 -0.00765814751291 0.0 0.0
1198 -0.00765814751291 0.0 0.0
1199 -0.00765814751291 0.0 0.0
1200 -0.00765814751291 0.0 0.0
1201 -0.00765814751291 0.0 0.0
1202 -0.00765814751291 0.0 0.0
1203 -0.00765814751291 0.0 0.0
1204 -0.00765814751291 0.0 0.0
1205 -0.00765814751291 0.0 0.0
1206 -0.00765814751291 0.0 0.0
1207 -0.00765814751291 0.0 0.0
1208 -0.00765814751291 0.0 0.0
1209 -0.00765814751291 0.0 0.0
1210 -0.00765814751291 0.0 0.0
1211 -0.00297914944524 0.0 0.0
1212 -0.00297914944524 0.0 0.0
1213 -0.00297914944524 0.0 0.0
1214 -0.00297914944524 0.0 0.0
1215 -0.00297914944524 0.0 0.0
1216 -0.00297914944524 0.0 0.0
1217 -0.00297914944524 0.0 0.0
1218 -0.00297914944524 0.0 0.0
1219 -0.00297914944524 0.0 0.0
1220 -0.00297914944524 0.0 0.0
1221 -0.00297914944524 0.0 0.0
1222 -0.00297914944524 0.0 0.0
1223 -0.00297914944524 0.0 0.0
1224 -0.00297914944524 0.0 0.0
1225 -0.00297914944524 0.0 0.0
1226 -0.00297914944524 0.0 0.0
1227 -0.00297914944524 0.0 0.0
1228 -0.00297914944524 0.0 0.0
1229 -0.00297914944524 0.0 0.0
1230 -0.00297914944524 0.0 0.0
1231 -0.00297914944524 0.0 0.0
1232 -0.00297914944524 0.0 0.0
1233 -0.00297914944524 0.0 0.0
1234 -0.00297914944524 0.0 0.0
1235 -0.00297914944524 0.0 0.0
1236 -0.00297914944524 0.0 0.0
1237 -0.00297914944524 0.0 0.0
1238 -0.00297914944524 0.0 0.0
1239 -0.00297914944524 0.0 0.0
1240 -0.00297914944524 0.0 0.0
1241 -0.00297914944524 0.0 0.0
1242 -0.00297914944524 0.0 0.0
1243 -0.00297914944524 0.0 0.0
1244 -0.00297914944524 0.0 0.0
1245 -0.00297914944524 0.0 0.0
1246 -0.00297914944524 0.0 0.0
1247 -0.00297914944524 0.0 0.0
1248 -0.00297914944524 0.0 0.0
1249 -0.00297914944524 0.0 0.0
1250 -0.00297914944524 0.0 0.0
1251 -0.00297914944524 0.0 0.0
1252 -0.00297914944524 0.0 0.0
1253 -0.00297914944524 0.0 0.0
1254 -0.00297914944524 0.0 0.0
1255 -0.00297914944524 0.0 0.0
1256 -0.00297914944524 0.0 0.0
1257 -0.00297914944524 0.0 0.0
1258 -0.00297914944524 0.0 0.0
1259 -0.00297914944524 0.0 0.0
1260 -0.00297914944524 0.0 0.0
1261 -0.00297914944524 0.0 0.0
1262 -0.00297914944524 0.0 0.0
1263 -0.00297914944524 0.0 0.0
1264 -0.00297914944524 0.0 0.0
1265 -0.00297914944524 0.0 0.0
1266 -0.00297914944524 0.0 0.0
1267 -0.00297914944524 0.0 0.0
1268 -0.00297914944524 0.0 0.0
1269 -0.00297914944524 0.0 0.0
1270 -0.00297914944524 0.0 0.0
1271 0.00416334519912 0.0 0.0
1272 0.00416334519912 0.0 0.0
1273 0.00416334519912 0.0 0.0
1274 0.00416334519912 0.0 0.0
1275 0.00416334519912 0.0 0.0
1276 0.00416334519912 0.0 0.0
1277 0.00416334519912 0.0 0.0
1278 0.00416334519912 0.0 0.0
1279 0.00416334519912 0.0 0.0
1280 0.00416334519912 0.0 0.0
1281 0.00416334519912 0.0 0.0
1282 0.00416334519912 0.0 0.0
1283 0.00416334519912 0.0 0.0
1284 0.00416334519912 0.0 0.0
1285 0.00416334519912 0.0 0.0
1286 0.00416334519912 0.0 0.0
1287 0.00416334519912 0.0 0.0
1288 0.00416334519912 0.0 0.0
1289 0.00416334519912 0.0 0.0
1290 0.00416334519912 0.0 0.0
1291 0.00416334519912 0.0 0.0
1292 0.00416334519912 0.0 0.0
1293 0.00416334519912 0.0 0.0
1294 0.00416334519912 0.0 0.0
1295 0.00416334519912 0.0 0.0
1296 0.00416334519912 0.0 0.0
1297 0.00416334519912 0.0 0.0
1298 0.00416334519912 0.0 0.0
1299 0.00416334519912 0.0 0.0
1300 0.00416334519912 0.0 0.0
1301 0.00416334519912 0.0 0.0
1302 0.00416334519912 0.0 0.0
1303 0.00416334519912 0.0 0.0
1304 0.00416334519912 0.0 0.0
1305 0.00416334519912 0.0 0.0
1306 0.00416334519912 0.0 0.0
1307 0.00416334519912 0.0 0.0
1308 0.00416334519912 0.0 0.0
1309 0.00416334519912 0.0 0.0
1310 0.00416334519912 0.0 0.0
1311 0.00416334519912 0.0 0.0
1312 0.00416334519912 0.0 0.0
1313 0.00416334519912 0.0 0.0
1314 0.00416334519912 0.0 0.0
1315 0.00416334519912 0.0 0.0
1316 0.00416334519912 0.0 0.0
1317 0.00416334519912 0.0 0.0
1318 0.00416334519912 0.0 0.0
1319 0.00416334519912 0.0 0.0
1320 0.00416334519912 0.0 0.0
1321 0.00416334519912 0.0 0.0
1322 0.00416334519912 0.0 0.0
1323 0.00416334519912 0.0 0.0
1324 0.00416334519912 0.0 0.0
1325 0.00416334519912 0.0 0.0
1326 0.00416334519912 0.0 0.0
1327 0.00416334519912 0.0 0.0
1328 0.00416334519912 0.0 0.0
1329 0.00416334519912 0.0 0.0
1330 0.00416334519912 0.0 0.0
1331 -0.00707138846456 0.0 0.0
1332 -0.00707138846456 0.0 0.0
1333 -0.00707138846456 0.0 0.0
1334 -0.00707138846456 0.0 0.0
1335 -0.00707138846456 0.0 0.0
1336 -0.00707138846456 0.0 0.0
1337 -0.00707138846456 0.0 0.0
1338 -0.00707138846456 0.0 0.0
1339 -0.00707138846456 0.0 0.0
1340 -0.00707138846456 0.0 0.0
1341 -0.00707138846456 0.0 0.0
1342 -0.00707138846456 0.0 0.0
1343 -0.00707138846456 0.0 0.0
1344 -0.00707138846456 0.0 0.0
1345 -0.00707138846456 0.0 0.0
1346 -0.00707138846456 0.0 0.0
1347 -0.00707138846456 0.0 0.0
1348 -0.00707138846456 0.0 0.0
1349 -0.00707138846456 0.0 0.0
1350 -0.00707138846456 0.0 0.0
1351 -0.00707138846456 0.0 0.0
1352 -0.00707138846456 0.0 0.0
1353 -0.00707138846456 0.0 0.0
1354 -0.00707138846456 0.0 0.0
1355 -0.00707138846456 0.0 0.0
1356 -0.00707138846456 0.0 0.0
1357 -0.00707138846456 0.0 0.0
1358 -0.00707138846456 0.0 0.0
1359 -0.00707138846456 0.0 0.0
1360 -0.00707138846456 0.0 0.0
1361 -0.00707138846456 0.0 0.0
1362 -0.00707138846456 0.0 0.0
1363 -0.00707138846456 0.0 0.0
1364 -0.00707138846456 0.0 0.0
1365 -0.00707138846456 0.0 0.0
1366 -0.00707138846456 0.0 0.0
1367 -0.00707138846456 0.0 0.0
1368 -0.00707138846456 0.0 0.0
1369 -0.00707138846456 0.0 0.0
1370 -0.00707138846456 0.0 0.0
1371 -0.00707138846456 0.0 0.0
1372 -0.00707138846456 0.0 0.0
1373 -0.00707138846456 0.0 0.0
1374 -0.00707138846456 0.0 0.0
1375 -0.00707138846456 0.0 0.0
1376 -0.00707138846456 0.0 0.0
1377 -0.00707138846456 0.0 0.0
1378 -0.00707138846456 0.0 0.0
1379 -0.00707138846456 0.0 0.0
1380 -0.00707138846456 0.0 0.0
1381 -0.00707138846456 0.0 0.0
1382 -0.00707138846456 0.0 0.0
1383 -0.00707138846456 0.0 0.0
1384 -0.00707138846456 0.0 0.0
1385 -0.00707138846456 0.0 0.0
1386 -0.00707138846456 0.0 0.0
1387 -0.00707138846456 0.0 0.0
1388 -0.00707138846456 0.0 0.0
1389 -0.00707138846456 0.0 0.0
1390 -0.00707138846456 0.0 0.0
1391 -0.0104612045699 0.0 0.0
1392 -0.0104612045699 0.0 0.0
1393 -0.0104612045699 0.0 0.0
1394 -0.0104612045699 0.0 0.0
1395 -0.0104612045699 0.0 0.0
1396 -0.0104612045699 0.0 0.0
1397 -0.0104612045699 0.0 0.0
1398 -0.0104612045699 0.0 0.0
1399 -0.0104612045699 0.0 0.0
1400 -0.0104612045699 0.0 0.0
1401 -0.0104612045699 0.0 0.0
1402 -0.0104612045699 0.0 0.0
1403 -0.0104612045699 0.0 0.0
1404 -0.0104612045699 0.0 0.0
1405 -0.0104612045699 0.0 0.0
1406 -0.0104612045699 0.0 0.0
1407 -0.0104612045699 0.0 0.0
1408 -0.0104612045699 0.0 0.0
1409 -0.0104612045699 0.0 0.0
1410 -0.0104612045699 0.0 0.0
1411 -0.0104612045699 0.0 0.0
1412 -0.0104612045699 0.0 0.0
1413 -0.0104612045699 0.0 0.0
1414 -0.0104612045699 0.0 0.0
1415 -0.0104612045699 0.0 0.0
1416 -0.0104612045699 0.0 0.0
1417 -0.0104612045699 0.0 0.0
1418 -0.0104612045699 0.0 0.0
1419 -0.0104612045699 0.0 0.0
1420 -0.0104612045699 0.0 0.0
1421 -0.0104612045699 0.0 0.0
1422 -0.0104612045699 0.0 0.0
1423 -0.0104612045699 0.0 0.0
1424 -0.0104612045699 0.0 0.0
1425 -0.0104612045699 0.0 0.0
1426 -0.0104612045699 0.0 0.0
1427 -0.0104612045699 0.0 0.0
1428 -0.0104612045699 0.0 0.0
1429 -0.0104612045699 0.0 0.0
1430 -0.0104612045699 0.0 0.0
1431 -0.0104612045699 0.0 0.0
1432 -0.0104612045699 0.0 0.0
1433 -0.0104612045699 0.0 0.0
1434 -0.0104612045699 0.0 0.0
1435 -0.0104612045699 0.0 0.0
1436 -0.0104612045699 0.0 0.0
1437 -0.0104612045699 0.0 0.0
1438 -0.0104612045699 0.0 0.0
1439 -0.0104612045699 0.0 0.0
1440 -0.0104612045699 0.0 0.0
1441 -0.0104612045699 0.0 0.0
1442 -0.0104612045699 0.0 0.0
1443 -0.0104612045699 0.0 0.0
1444 -0.0104612045699 0.0 0.0
1445 -0.0104612045699 0.0 0.0
1446 -0.0104612045699 0.0 0.0
1447 -0.0104612045699 0.0 0.0
1448 -0.0104612045699 0.0 0.0
1449 -0.0104612045699 0.0 0.0
1450 -0.0104612045699 0.0 0.0
1451 -6.26740506021e-05 0.0 0.0
1452 -6.26740506021e-05 0.0 0.0
1453 -6.26740506021e-05 0.0 0.0
1454 -6.26740506021e-05 0.0 0.0
1455 -6.26740506021e-05 0.0 0.0
1456 -6.26740506021e-05 0.0 0.0
1457 -6.26740506021e-05 0.0 0.0
1458 -6.26740506021e-05 0.0 0.0
1459 -6.26740506021e-05 0.0 0.0
1460 -6.26740506021e-05 0.0 0.0
1461 -6.26740506021e-05 0.0 0.0
1462 -6.26740506021e-05 0.0 0.0
1463 -6.26740506021e-05 0.0 0.0
1464 -6.26740506021e-05 0.0 0.0
1465 -6.26740506021e-05 0.0 0.0
1466 -6.26740506021e-05 0.0 0.0
1467 -6.26740506021e-05 0.0 0.0
1468 -6.26740506021e-05 0.0 0.0
1469 -6.26740506021e-05 0.0 0.0
1470 -6.26740506021e-05 0.0 0.0
1471 -6.26740506021e-05 0.0 0.0
1472 -6.26740506021e-05 0.0 0.0
1473 -6.26740506021e-05 0.0 0.0
1474 -6.26740506021e-05 0.0 0.0
1475 -6.26740506021e-05 0.0 0.0
1476 -6.26740506021e-05 0.0 0.0
1477 -6.26740506021e-05 0.0 0.0
1478 -6.26740506021e-05 0.0 0.0
1479 -6.26740506021e-05 0.0 0.0
1480 -6.26740506021e-05 0.0 0.0
1481 -6.26740506021e-05 0.0 0.0
1482 -6.26740506021e-05 0.0 0.0
1483 -6.26740506021e-05 0.0 0.0
1484 -6.26740506021e-05 0.0 0.0
1485 -6.26740506021e-05 0.0 0.0
1486 -6.26740506021e-05 0.0 0.0
1487 -6.26740506021e-05 0.0 0.0
1488 -6.26740506021e-05 0.0 0.0
1489 -6.26740506021e-05 0.0 0.0
1490 -6.26740506021e-05 0.0 0.0
1491 -6.26740506021e-05 0.0 0.0
1492 -6.26740506021e-05 0.0 0.0
1493 -6.26740506021e-05 0.0 0.0
1494 -6.26740506021e-05 0.0 0.0
1495 -6.26740506021e-05 0.0 0.0
1496 -6.26740506021e-05 0.0 0.0
1497 -6.26740506021e-05 0.0 0.0
1498 -6.26740506021e-05 0.0 0.0
1499 -6.26740506021e-05 0.0 0.0
1500 -6.26740506021e-05 0.0 0.0
1501 -6.26740506021e-05 0.0 0.0
1502 -6.26740506021e-05 0.0 0.0
1503 -6.26740506021e-05 0.0 0.0
1504 -6.26740506021e-05 0.0 0.0
1505 -6.26740506021e-05 0.0 0.0
1506 -6.26740506021e-05 0.0 0.0
1507 -6.26740506021e-05 0.0 0.0
1508 -6.26740506021e-05 0.0 0.0
1509 -6.26740506021e-05 0.0 0.0
1510 -6.26740506021e-05 0.0 0.0
1511 -0.00543290014756 0.0 0.0
1512 -0.00543290014756 0.0 0.0
1513 -0.00543290014756 0.0 0.0
1514 -0.00543290014756 0.0 0.0
1515 -0.00543290014756 0.0 0.0
1516 -0.00543290014756 0.0 0.0
1517 -0.00543290014756 0.0 0.0
1518 -0.00543290014756 0.0 0.0
1519 -0.00543290014756 0.0 0.0
1520 -0.00543290014756 0.0 0.0
1521 -0.00543290014756 0.0 0.0
1522 -0.00543290014756 0.0 0.0
1523 -0.00543290014756 0.0 0.0
1524 -0.00543290014756 0.0 0.0
1525 -0.00543290014756 0.0 0.0
1526 -0.00543290014756 0.0 0.0
1527 -0.00543290014756 0.0 0.0
1528 -0.00543290014756 0.0 0.0
1529 -0.00543290014756 0.0 0.0
1530 -0.00543290014756 0.0 0.0
1531 -0.00543290014756 0.0 0.0
1532 -0.00543290014756 0.0 0.0
1533 -0.00543290014756 0.0 0.0
1534 -0.00543290014756 0.0 0.0
1535 -0.00543290014756 0.0 0.0
1536 -0.00543290014756 0.0 0.0
1537 -0.00543290014756 0.0 0.0
1538 -0.00543290014756 0.0 0.0
1539 -0.00543290014756 0.0 0.0
1540 -0.00543290014756 0.0 0.0
1541 -0.00543290014756 0.0 0.0
1542 -0.00543290014756 0.0 0.0
1543 -0.00543290014756 0.0 0.0
1544 -0.00543290014756 0.0 0.0
1545 -0.00543290014756 0.0 0.0
1546 -0.00543290014756 0.0 0.0
1547 -0.00543290014756 0.0 0.0
1548 -0.00543290014756 0.0 0.0
1549 -0.00543290014756 0.0 0.0
1550 -0.00543290014756 0.0 0.0
1551 -0.00543290014756 0.0 0.0
1552 -0.00543290014756 0.0 0.0
1553 -0.00543290014756 0.0 0.0
1554 -0.00543290014756 0.0 0.0
1555 -0.00543290014756 0.0 0.0
1556 -0.00543290014756 0.0 0.0
1557 -0.00543290014756 0.0 0.0
1558 -0.00543290014756 0.0 0.0
1559 -0.00543290014756 0.0 0.0
1560 -0.00543290014756 0.0 0.0
1561 -0.00543290014756 0.0 0.0
1562 -0.00543290014756 0.0 0.0
1563 -0.00543290014756 0.0 0.0
1564 -0.00543290014756 0.0 0.0
1565 -0.00543290014756 0.0 0.0
1566 -0.00543290014756 0.0 0.0
1567 -0.00543290014756 0.0 0.0
1568 -0.00543290014756 0.0 0.0
1569 -0.00543290014756 0.0 0.0
1570 -0.00543290014756 0.0 0.0
1571 0.00383430686901 0.0 0.0
1572 0.00383430686901 0.0 0.0
1573 0.00383430686901 0.0 0.0
1574 0.00383430686901 0.0 0.0
1575 0.00383430686901 0.0 0.0
1576 0.00383430686901 0.0 0.0
1577 0.00383430686901 0.0 0.0
1578 0.00383430686901 0.0 0.0
1579 0.00383430686901 0.0 0.0
1580 0.00383430686901 0.0 0.0
1581 0.00383430686901 0.0 0.0
1582 0.00383430686901 0.0 0.0
1583 0.00383430686901 0.0 0.0
1584 0.00383430686901 0.0 0.0
1585 0.00383430686901 0.0 0.0
1586 0.00383430686901 0.0 0.0
1587 0.00383430686901 0.0 0.0
1588 0.00383430686901 0.0 0.0
1589 0.00383430686901 0.0 0.0
1590 0.00383430686901 0.0 0.0
1591 0.00383430686901 0.0 0.0
1592 0.00383430686901 0.0 0.0
1593 0.00383430686901 0.0 0.0
1594 0.00383430686901 0.0 0.0
1595 0.00383430686901 0.0 0.0
1596 0.00383430686901 0.0 0.0
1597 0.00383430686901 0.0 0.0
1598 0.00383430686901 0.0 0.0
1599 0.00383430686901 0.0 0.0
1600 0.00383430686901 0.0 0.0
1601 0.00383430686901 0.0 0.0
1602 0.00383430686901 0.0 0.0
1603 0.00383430686901 0.0 0.0
1604 0.00383430686901 0.0 0.0
1605 0.00383430686901 0.0 0.0
1606 0.00383430686901 0.0 0.0
1607 0.00383430686901 0.0 0.0
1608 0.00383430686901 0.0 0.0
1609 0.00383430686901 0.0 0.0
1610 0.00383430686901 0.0 0.0
1611 0.00383430686901 0.0 0.0
1612 0.00383430686901 0.0 0.0
1613 0.00383430686901 0.0 0.0
1614 0.00383430686901 0.0 0.0
1615 0.00383430686901 0.0 0.0
1616 0.00383430686901 0.0 0.0
1617 0.00383430686901 0.0 0.0
1618 0.00383430686901 0.0 0.0
1619 0.00383430686901 0.0 0.0
1620 0.00383430686901 0.0 0.0
1621 0.00383430686901 0.0 0.0
1622 0.00383430686901 0.0 0.0
1623 0.00383430686901 0.0 0.0
1624 0.00383430686901 0.0 0.0
1625 0.00383430686901 0.0 0.0
1626 0.00383430686901 0.0 0.0
1627 0.00383430686901 0.0 0.0
1628 0.00383430686901 0.0 0.0
1629 0.00383430686901 0.0 0.0
1630 0.00383430686901 0.0 0.0
1631 0.00383430686901 0.0 0.0
1632 0.00383430686901 0.0 0.0
1633 0.00383430686901 0.0 0.0
1634 0.00383430686901 0.0 0.0
1635 0.00383430686901 0.0 0.0
1636 0.00383430686901 0.0 0.0
1637 0.00383430686901 0.0 0.0
1638 0.00383430686901 0.0 0.0
1639 0.00383430686901 0.0 0.0
1640 0.00383430686901 0.0 0.0
1641 0.00383430686901 0.0 0.0
1642 0.00383430686901 0.0 0.0
1643 0.00383430686901 0.0 0.0
1644 0.00383430686901 0.0 0.0
1645 0.00383430686901 0.0 0.0
1646 0.00383430686901 0.0 0.0
1647 0.00383430686901 0.0 0.0
1648 0.00383430686901 0.0 0.0
1649 0.00383430686901 0.0 0.0
1650 0.00383430686901 0.0 0.0
1651 0.00293038746448 0.0 0.0
1652 0.00293038746448 0.0 0.0
1653 0.00293038746448 0.0 0.0
1654 0.00293038746448 0.0 0.0
1655 0.00293038746448 0.0 0.0
1656 0.00293038746448 0.0 0.0
1657 0.00293038746448 0.0 0.0
1658 0.00293038746448 0.0 0.0
1659 0.00293038746448 0.0 0.0
1660 0.00293038746448 0.0 0.0
1661 0.00293038746448 0.0 0.0
1662 0.00293038746448 0.0 0.0
1663 0.00293038746448 0.0 0.0
1664 0.00293038746448 0.0 0.0
1665 0.00293038746448 0.0 0.0
1666 0.00293038746448 0.0 0.0
1667 0.00293038746448 0.0 0.0
1668 0.00293038746448 0.0 0.0
1669 0.00293038746448 0.0 0.0
1670 0.00293038746448 0.0 0.0
1671 0.00293038746448 0.0 0.0
1672 0.00293038746448 0.0 0.0
1673 0.00293038746448 0.0 0.0
1674 0.00293038746448 0.0 0.0
1675 0.00293038746448 0.0 0.0
1676 0.00293038746448 0.0 0.0
1677 0.00293038746448 0.0 0.0
1678 0.00293038746448 0.0 0.0
1679 0.00293038746448 0.0 0.0
1680 0.00293038746448 0.0 0.0
1681 0.00293038746448 0.0 0.0
1682 0.00293038746448 0.0 0.0
1683 0.00293038746448 0.0 0.0
1684 0.00293038746448 0.0 0.0
1685 0.00293038746448 0.0 0.0
1686 0.00293038746448 0.0 0.0
1687 0.00293038746448 0.0 0.0
1688 0.00293038746448 0.0 0.0
1689 0.00293038746448 0.0 0.0
1690 0.00293038746448 0.0 0.0
1691 0.00293038746448 0.0 0.0
1692 0.00293038746448 0.0 0.0
1693 0.00293038746448 0.0 0.0
1694 0.00293038746448 0.0 0.0
1695 0.00293038746448 0.0 0.0
1696 0.00293038746448 0.0 0.0
1697 0.00293038746448 0.0 0.0
1698 0.00293038746448 0.0 0.0
1699 0.00293038746448 0.0 0.0
1700 0.00293038746448 0.0 0.0
1701 0.00293038746448 0.0 0.0
1702 0.00293038746448 0.0 0.0
1703 0.00293038746448 0.0 0.0
1704 0.00293038746448 0.0 0.0
1705 0.00293038746448 0.0 0.0
1706 0.00293038746448 0.0 0.0
1707 0.00293038746448 0.0 0.0
1708 0.00293038746448 0.0 0.0
1709 0.00293038746448 0.0 0.0
1710 0.00293038746448 0.0 0.0
1711 0.00293038746448 0.0 0.0
1712 0.00293038746448 0.0 0.0
1713 0.00293038746448 0.0 0.0
1714 0.00293038746448 0.0 0.0
1715 0.00293038746448 0.0 0.0
1716 0.00293038746448 0.0 0.0
1717 0.00293038746448 0.0 0.0
1718 0.00293038746448 0.0 0.0
1719 0.00293038746448 0.0 0.0
1720 0.00293038746448 0.0 0.0
1721 0.00293038746448 0.0 0.0
1722 0.00293038746448 0.0 0.0
1723 0.00293038746448 0.0 0.0
1724 0.00293038746448 0.0 0.0
1725 0.00293038746448 0.0 0.0
1726 0.00293038746448 0.0 0.0
1727 0.00293038746448 0.0 0.0
1728 0.00293038746448 0.0 0.0
1729 0.00293038746448 0.0 0.0
1730 0.00293038746448 0.0 0.0
1731 0.00293038746448 0.0 0.0
1732 0.00293038746448 0.0 0.0
1733 0.00293038746448 0.0 0.0
1734 0.00293038746448 0.0 0.0
1735 0.00293038746448 0.0 0.0
1736 0.00293038746448 0.0 0.0
1737 0.00293038746448 0.0 0.0
1738 0.00293038746448 0.0 0.0
1739 0.00293038746448 0.0 0.0
1740 0.00293038746448 0.0 0.0
1741 0.00293038746448 0.0 0.0
1742 0.00293038746448 0.0 0.0
1743 0.00293038746448 0.0 0.0
1744 0.00293038746448 0.0 0.0
1745 0.00293038746448 0.0 0.0
1746 0.00293038746448 0.0 0.0
1747 0.00293038746448 0.0 0.0
1748 0.00293038746448 0.0 0.0
1749 0.00293038746448 0.0 0.0
1750 0.00293038746448 0.0 0.0
1751 -0.00760047922821 0.0 0.0
1752 -0.00760047922821 0.0 0.0
1753 -0.00760047922821 0.0 0.0
1754 -0.00760047922821 0.0 0.0
1755 -0.00760047922821 0.0 0.0
1756 -0.00760047922821 0.0 0.0
1757 -0.00760047922821 0.0 0.0
1758 -0.00760047922821 0.0 0.0
1759 -0.00760047922821 0.0 0.0
1760 -0.00760047922821 0.0 0.0
1761 -0.00760047922821 0.0 0.0
1762 -0.00760047922821 0.0 0.0
1763 -0.00760047922821 0.0 0.0
1764 -0.00760047922821 0.0 0.0
1765 -0.00760047922821 0.0 0.0
1766 -0.00760047922821 0.0 0.0
1767 -0.00760047922821 0.0 0.0
1768 -0.00760047922821 0.0 0.0
1769 -0.00760047922821 0.0 0.0
1770 -0.00760047922821 0.0 0.0
1771 -0.00760047922821 0.0 0.0
1772 -0.00760047922821 0.0 0.0
1773 -0.00760047922821 0.0 0.0
1774 -0.00760047922821 0.0 0.0
1775 -0.00760047922821 0.0 0.0
1776 -0.00760047922821 0.0 0.0
1777 -0.00760047922821 0.0 0.0
1778 -0.00760047922821 0.0 0.0
1779 -0.00760047922821 0.0 0.0
1780 -0.00760047922821 0.0 0.0
1781 -0.00760047922821 0.0 0.0
1782 -0.00760047922821 0.0 0.0
1783 -0.00760047922821 0.0 0.0
1784 -0.00760047922821 0.0 0.0
1785 -0.00760047922821 0.0 0.0
1786 -0.00760047922821 0.0 0.0
1787 -0.00760047922821 0.0 0.0
1788 -0.00760047922821 0.0 0.0
1789 -0.00760047922821 0.0 0.0
1790 -0.00760047922821 0.0 0.0
1791 -0.00760047922821 0.0 0.0
1792 -0.00760047922821 0.0 0.0
1793 -0.00760047922821 0.0 0.0
1794 -0.00760047922821 0.0 0.0
1795 -0.00760047922821 0.0 0.0
1796 -0.00760047922821 0.0 0.0
1797 -0.00760047922821 0.0 0.0
1798 -0.00760047922821 0.0 0.0
1799 -0.00760047922821 0.0 0.0
1800 -0.00760047922821 0.0 0.0
1801 -0.00760047922821 0.0 0.0
1802 -0.00760047922821 0.0 0.0
1803 -0.00760047922821 0.0 0.0
1804 -0.00760047922821 0.0 0.0
1805 -0.00760047922821 0.0 0.0
1806 -0.00760047922821 0.0 0.0
1807 -0.00760047922821 0.0 0.0
1808 -0.00760047922821 0.0 0.0
1809 -0.00760047922821 0.0 0.0
1810 -0.00760047922821 0.0 0.0
1811 -0.00760047922821 0.0 0.0
1812 -0.00760047922821 0.0 0.0
1813 -0.00760047922821 0.0 0.0
1814 -0.00760047922821 0.0 0.0
1815 -0.00760047922821 0.0 0.0
1816 -0.00760047922821 0.0 0.0
1817 -0.00760047922821 0.0 0.0
1818 -0.00760047922821 0.0 0.0
1819 -0.00760047922821 0.0 0.0
1820 -0.00760047922821 0.0 0.0
1821 -0.00760047922821 0.0 0.0
1822 -0.00760047922821 0.0 0.0
1823 -0.00760047922821 0.0 0.0
1824 -0.00760047922821 0.0 0.0
1825 -0.00760047922821 0.0 0.0
1826 -0.00760047922821 0.0 0.0
1827 -0.00760047922821 0.0 0.0
1828 -0.00760047922821 0.0 0.0
1829 -0.00760047922821 0.0 0.0
1830 -0.00760047922821 0.0 0.0
1831 -0.00760047922821 0.0 0.0
1832 -0.00760047922821 0.0 0.0
1833 -0.00760047922821 0.0 0.0
1834 -0.00760047922821 0.0 0.0
1835 -0.00760047922821 0.0 0.0
1836 -0.00760047922821 0.0 0.0
1837 -0.00760047922821 0.0 0.0
1838 -0.00760047922821 0.0 0.0
1839 -0.00760047922821 0.0 0.0
1840 -0.00760047922821 0.0 0.0
1841 -0.00760047922821 0.0 0.0
1842 -0.00760047922821 0.0 0.0
1843 -0.00760047922821 0.0 0.0
1844 -0.00760047922821 0.0 0.0
1845 -0.00760047922821 0.0 0.0
1846 -0.00760047922821 0.0 0.0
1847 -0.00760047922821 0.0 0.0
1848 -0.00760047922821 0.0 0.0
1849 -0.00760047922821 0.0 0.0
1850 -0.00760047922821 0.0 0.0
1851 -0.00435675137041 0.0 0.0
1852 -0.00435675137041 0.0 0.0
1853 -0.00435675137041 0.0 0.0
1854 -0.00435675137041 0.0 0.0
1855 -0.00435675137041 0.0 0.0
1856 -0.00435675137041 0.0 0.0
1857 -0.00435675137041 0.0 0.0
1858 -0.00435675137041 0.0 0.0
1859 -0.00435675137041 0.0 0.0
1860 -0.00435675137041 0.0 0.0
1861 -0.00435675137041 0.0 0.0
1862 -0.00435675137041 0.0 0.0
1863 -0.00435675137041 0.0 0.0
1864 -0.00435675137041 0.0 0.0
1865 -0.00435675137041 0.0 0.0
1866 -0.00435675137041 0.0 0.0
1867 -0.00435675137041 0.0 0.0
1868 -0.00435675137041 0.0 0.0
1869 -0.00435675137041 0.0 0.0
1870 -0.00435675137041 0.0 0.0
1871 -0.00435675137041 0.0 0.0
1872 -0.00435675137041 0.0 0.0
1873 -0.00435675137041 0.0 0.0
1874 -0.00435675137041 0.0 0.0
1875 -0.00435675137041 0.0 0.0
1876 -0.00435675137041 0.0 0.0
1877 -0.00435675137041 0.0 0.0
1878 -0.00435675137041 0.0 0.0
1879 -0.00435675137041 0.0 0.0
1880 -0.00435675137041 0.0 0.0
1881 -0.00435675137041 0.0 0.0
1882 -0.00435675137041 0.0 0.0
1883 -0.00435675137041 0.0 0.0
1884 -0.00435675137041 0.0 0.0
1885 -0.00435675137041 0.0 0.0
1886 -0.00435675137041 0.0 0.0
1887 -0.00435675137041 0.0 0.0
1888 -0.00435675137041 0.0 0.0
1889 -0.00435675137041 0.0 0.0
1890 -0.00435675137041 0.0 0.0
1891 -0.00435675137041 0.0 0.0
1892 -0.00435675137041 0.0 0.0
1893 -0.00435675137041 0.0 0.0
1894 -0.00435675137041 0.0 0.0
1895 -0.00435675137041 0.0 0.0
1896 -0.00435675137041 0.0 0.0
1897 -0.00435675137041 0.0 0.0
1898 -0.00435675137041 0.0 0.0
1899 -0.00435675137041 0.0 0.0
1900 -0.00435675137041 0.0 0.0
1901 -0.00435675137041 0.0 0.0
1902 -0.00435675137041 0.0 0.0
1903 -0.00435675137041 0.0 0.0
1904 -0.00435675137041 0.0 0.0
1905 -0.00435675137041 0.0 0.0
1906 -0.00435675137041 0.0 0.0
1907 -0.00435675137041 0.0 0.0
1908 -0.00435675137041 0.0 0.0
1909 -0.00435675137041 0.0 0.0
1910 -0.00435675137041 0.0 0.0
1911 -0.00435675137041 0.0 0.0
1912 -0.00435675137041 0.0 0.0
1913 -0.00435675137041 0.0 0.0
1914 -0.00435675137041 0.0 0.0
1915 -0.00435675137041 0.0 0.0
1916 -0.00435675137041 0.0 0.0
1917 -0.00435675137041 0.0 0.0
1918 -0.00435675137041 0.0 0.0
1919 -0.00435675137041 0.0 0.0
1920 -0.00435675137041 0.0 0.0
1921 -0.00435675137041 0.0 0.0
1922 -0.00435675137041 0.0 0.0
1923 -0.00435675137041 0.0 0.0
1924 -0.00435675137041 0.0 0.0
1925 -0.00435675137041 0.0 0.0
1926 -0.00435675137041 0.0 0.0
1927 -0.00435675137041 0.0 0.0
1928 -0.00435675137041 0.0 0.0
1929 -0.00435675137041 0.0 0.0
1930 -0.00435675137041 0.0 0.0
1931 -0.00435675137041 0.0 0.0
1932 -0.00435675137041 0.0 0.0
1933 -0.00435675137041 0.0 0.0
1934 -0.00435675137041 0.0 0.0
1935 -0.00435675137041 0.0 0.0
1936 -0.00435675137041 0.0 0.0
1937 -0.00435675137041 0.0 0.0
1938 -0.00435675137041 0.0 0.0
1939 -0.00435675137041 0.0 0.0
1940 -0.00435675137041 0.0 0.0
1941 -0.00435675137041 0.0 0.0
1942 -0.00435675137041 0.0 0.0
1943 -0.00435675137041 0.0 0.0
1944 -0.00435675137041 0.0 0.0
1945 -0.00435675137041 0.0 0.0
1946 -0.00435675137041 0.0 0.0
1947 -0.00435675137041 0.0 0.0
1948 -0.00435675137041 0.0 0.0
1949 -0.00435675137041 0.0 0.0
1950 -0.00435675137041 0.0 0.0
1951 0.00508777091515 0.0 0.0
1952 0.00508777091515 0.0 0.0
1953 0.00508777091515 0.0 0.0
1954 0.00508777091515 0.0 0.0
1955 0.00508777091515 0.0 0.0
1956 0.00508777091515 0.0 0.0
1957 0.00508777091515 0.0 0.0
1958 0.00508777091515 0.0 0.0
1959 0.00508777091515 0.0 0.0
1960 0.00508777091515 0.0 0.0
1961 0.00508777091515 0.0 0.0
1962 0.00508777091515 0.0 0.0
1963 0.00508777091515 0.0 0.0
1964 0.00508777091515 0.0 0.0
1965 0.00508777091515 0.0 0.0
1966 0.00508777091515 0.0 0.0
1967 0.00508777091515 0.0 0.0
1968 0.00508777091515 0.0 0.0
1969 0.00508777091515 0.0 0.0
1970 0.00508777091515 0.0 0.0
1971 0.00508777091515 0.0 0.0
1972 0.00508777091515 0.0 0.0
1973 0.00508777091515 0.0 0.0
1974 0.00508777091515 0.0 0.0
1975 0.00508777091515 0.0 0.0
1976 0.00508777091515 0.0 0.0
1977 0.00508777091515 0.0 0.0
1978 0.00508777091515 0.0 0.0
1979 0.00508777091515 0.0 0.0
1980 0.00508777091515 0.0 0.0
1981 0.00508777091515 0.0 0.0
1982 0.00508777091515 0.0 0.0
1983 0.00508777091515 0.0 0.0
1984 0.00508777091515 0.0 0.0
1985 0.00508777091515 0.0 0.0
1986 0.00508777091515 0.0 0.0
1987 0.00508777091515 0.0 0.0
1988 0.00508777091515 0.0 0.0
1989 0.00508777091515 0.0 0.0
1990 0.00508777091515 0.0 0.0
1991 0.00508777091515 0.0 0.0
1992 0.00508777091515 0.0 0.0
1993 0.00508777091515 0.0 0.0
1994 0.00508777091515 0.0 0.0
1995 0.00508777091515 0.0 0.0
1996 0.00508777091515 0.0 0.0
1997 0.00508777091515 0.0 0.0
1998 0.00508777091515 0.0 0.0
1999 0.00508777091515 0.0 0.0
2000 0.00508777091515 0.0 0.0
2001 0.00508777091515 0.0 0.0
2002 0.00508777091515 0.0 0.0
2003 0.00508777091515 0.0 0.0
2004 0.00508777091515 0.0 0.0
2005 0.00508777091515 0.0 0.0
2006 0.00508777091515 0.0 0.0
2007 0.00508777091515 0.0 0.0
2008 0.00508777091515 0.0 0.0
2009 0.00508777091515 0.0 0.0
2010 0.00508777091515 0.0 0.0
2011 0.00508777091515 0.0 0.0
2012 0.00508777091515 0.0 0.0
2013 0.00508777091515 0.0 0.0
2014 0.00508777091515 0.0 0.0
2015 0.00508777091515 0.0 0.0
2016 0.00508777091515 0.0 0.0
2017 0.00508777091515 0.0 0.0
2018 0.00508777091515 0.0 0.0
2019 0.00508777091515 0.0 0.0
2020 0.00508777091515 0.0 0.0
2021 0.00508777091515 0.0 0.0
2022 0.00508777091515 0.0 0.0
2023 0.00508777091515 0.0 0.0
2024 0.00508777091515 0.0 0.0
2025 0.00508777091515 0.0 0.0
2026 0.00508777091515 0.0 0.0
2027 0.00508777091515 0.0 0.0
2028 0.00508777091515 0.0 0.0
2029 0.00508777091515 0.0 0.0
2030 0.00508777091515 0.0 0.0
2031 0.00508777091515 0.0 0.0
2032 0.00508777091515 0.0 0.0
2033 0.00508777091515 0.0 0.0
2034 0.00508777091515 0.0 0.0
2035 0.00508777091515 0.0 0.0
2036 0.00508777091515 0.0 0.0
2037 0.00508777091515 0.0 0.0
2038 0.00508777091515 0.0 0.0
2039 0.00508777091515 0.0 0.0
2040 0.00508777091515 0.0 0.0
2041 0.00508777091515 0.0 0.0
2042 0.00508777091515 0.0 0.0
2043 0.00508777091515 0.0 0.0
2044 0.00508777091515 0.0 0.0
2045 0.00508777091515 0.0 0.0
2046 0.00508777091515 0.0 0.0
2047 0.00508777091515 0.0 0.0
2048 0.00508777091515 0.0 0.0
2049 0.00508777091515 0.0 0.0
2050 0.00508777091515 0.0 0.0
2051 0.00508777091515 0.0 0.0
2052 0.00508777091515 0.0 0.0
2053 0.00508777091515 0.0 0.0
2054 0.00508777091515 0.0 0.0
2055 0.00508777091515 0.0 0.0
2056 0.00508777091515 0.0 0.0
2057 0.00508777091515 0.0 0.0
2058 0.00508777091515 0.0 0.0
2059 0.00508777091515 0.0 0.0
2060 0.00508777091515 0.0 0.0
2061 0.00508777091515 0.0 0.0
2062 0.00508777091515 0.0 0.0
2063 0.00508777091515 0.0 0.0
2064 0.00508777091515 0.0 0.0
2065 0.00508777091515 0.0 0.0
2066 0.00508777091515 0.0 0.0
2067 0.00508777091515 0.0 0.0
2068 0.00508777091515 0.0 0.0
2069 0.00508777091515 0.0 0.0
2070 0.00508777091515 0.0 0.0
2071 0.00508777091515 0.0 0.0
2072 0.00508777091515 0.0 0.0
2073 0.00508777091515 0.0 0.0
2074 0.00508777091515 0.0 0.0
2075 0.00508777091515 0.0 0.0
2076 0.00508777091515 0.0 0.0
2077 0.00508777091515 0.0 0.0
2078 0.00508777091515 0.0 0.0
2079 0.00508777091515 0.0 0.0
2080 0.00508777091515 0.0 0.0
2081 0.00508777091515 0.0 0.0
2082 0.00508777091515 0.0 0.0
2083 0.00508777091515 0.0 0.0
2084 0.00508777091515 0.0 0.0
2085 0.00508777091515 0.0 0.0
2086 0.00508777091515 0.0 0.0
2087 0.00508777091515 0.0 0.0
2088 0.00508777091515 0.0 0.0
2089 0.00508777091515 0.0 0.0
2090 0.00508777091515 0.0 0.0
2091 0.00508777091515 0.0 0.0
2092 0.00508777091515 0.0 0.0
2093 0.00508777091515 0.0 0.0
2094 0.00508777091515 0.0 0.0
2095 0.00508777091515 0.0 0.0
2096 0.00508777091515 0.0 0.0
2097 0.00508777091515 0.0 0.0
2098 0.00508777091515 0.0 0.0
2099 0.00508777091515 0.0 0.0
2100 0.00508777091515 0.0 0.0
2101 0.0102065915224 0.0 0.0
2102 0.0102065915224 0.0 0.0
2103 0.0102065915224 0.0 0.0
2104 0.0102065915224 0.0 0.0
2105 0.0102065915224 0.0 0.0
2106 0.0102065915224 0.0 0.0
2107 0.0102065915224 0.0 0.0
2108 0.0102065915224 0.0 0.0
2109 0.0102065915224 0.0 0.0
2110 0.0102065915224 0.0 0.0
2111 0.0102065915224 0.0 0.0
2112 0.0102065915224 0.0 0.0
2113 0.0102065915224 0.0 0.0
2114 0.0102065915224 0.0 0.0
2115 0.0102065915224 0.0 0.0
2116 0.0102065915224 0.0 0.0
2117 0.0102065915224 0.0 0.0
2118 0.0102065915224 0.0 0.0
2119 0.0102065915224 0.0 0.0
2120 0.0102065915224 0.0 0.0
2121 0.0102065915224 0.0 0.0
2122 0.0102065915224 0.0 0.0
2123 0.0102065915224 0.0 0.0
2124 0.0102065915224 0.0 0.0
2125 0.0102065915224 0.0 0.0
2126 0.0102065915224 0.0 0.0
2127 0.0102065915224 0.0 0.0
2128 0.0102065915224 0.0 0.0
2129 0.0102065915224 0.0 0.0
2130 0.0102065915224 0.0 0.0
2131 0.0102065915224 0.0 0.0
2132 0.0102065915224 0.0 0.0
2133 0.0102065915224 0.0 0.0
2134 0.0102065915224 0.0 0.0
2135 0.0102065915224 0.0 0.0
2136 0.0102065915224 0.0 0.0
2137 0.0102065915224 0.0 0.0
2138 0.0102065915224 0.0 0.0
2139 0.0102065915224 0.0 0.0
2140 0.0102065915224 0.0 0.0
2141 0.0102065915224 0.0 0.0
2142 0.0102065915224 0.0 0.0
2143 0.0102065915224 0.0 0.0
2144 0.0102065915224 0.0 0.0
2145 0.0102065915224 0.0 0.0
2146 0.0102065915224 0.0 0.0
2147 0.0102065915224 0.0 0.0
2148 0.0102065915224 0.0 0.0
2149 0.0102065915224 0.0 0.0
2150 0.0102065915224 0.0 0.0
2151 0.0102065915224 0.0 0.0
2152 0.0102065915224 0.0 0.0
2153 0.0102065915224 0.0 0.0
2154 0.0102065915224 0.0 0.0
2155 0.0102065915224 0.0 0.0
2156 0.0102065915224 0.0 0.0
2157 0.0102065915224 0.0 0.0
2158 0.0102065915224 0.0 0.0
2159 0.0102065915224 0.0 0.0
2160 0.0102065915224 0.0 0.0
2161 0.0102065915224 0.0 0.0
2162 0.0102065915224 0.0 0.0
2163 0.0102065915224 0.0 0.0
2164 0.0102065915224 0.0 0.0
2165 0.0102065915224 0.0 0.0
2166 0.0102065915224 0.0 0.0
2167 0.0102065915224 0.0 0.0
2168 0.0102065915224 0.0 0.0
2169 0.0102065915224 0.0 0.0
2170 0.0102065915224 0.0 0.0
2171 0.0102065915224 0.0 0.0
2172 0.0102065915224 0.0 0.0
2173 0.0102065915224 0.0 0.0
2174 0.0102065915224 0.0 0.0
2175 0.0102065915224 0.0 0.0
2176 0.0102065915224 0.0 0.0
2177 0.0102065915224 0.0 0.0
2178 0.0102065915224 0.0 0.0
2179 0.0102065915224 0.0 0.0
2180 0.0102065915224 0.0 0.0
2181 0.0102065915224 0.0 0.0
2182 0.0102065915224 0.0 0.0
2183 0.0102065915224 0.0 0.0
2184 0.0102065915224 0.0 0.0
2185 0.0102065915224 0.0 0.0
2186 0.0102065915224 0.0 0.0
2187 0.0102065915224 0.0 0.0
2188 0.0102065915224 0.0 0.0
2189 0.0102065915224 0.0 0.0
2190 0.0102065915224 0.0 0.0
2191 0.0102065915224 0.0 0.0
2192 0.0102065915224 0.0 0.0
2193 0.0102065915224 0.0 0.0
2194 0.0102065915224 0.0 0.0
2195 0.0102065915224 0.0 0.0
2196 0.0102065915224 0.0 0.0
2197 0.0102065915224 0.0 0.0
2198 0.0102065915224 0.0 0.0
2199 0.0102065915224 0.0 0.0
2200 0.0102065915224 0.0 0.0
2201 0.0102065915224 0.0 0.0
2202 0.0102065915224 0.0 0.0
2203 0.0102065915224 0.0 0.0
2204 0.0102065915224 0.0 0.0
2205 0.0102065915224 0.0 0.0
2206 0.0102065915224 0.0 0.0
2207 0.0102065915224 0.0 0.0
2208 0.0102065915224 0.0 0.0
2209 0.0102065915224 0.0 0.0
2210 0.0102065915224 0.0 0.0
2211 0.0102065915224 0.0 0.0
2212 0.0102065915224 0.0 0.0
2213 0.0102065915224 0.0 0.0
2214 0.0102065915224 0.0 0.0
2215 0.0102065915224 0.0 0.0
2216 0.0102065915224 0.0 0.0
2217 0.0102065915224 0.0 0.0
2218 0.0102065915224 0.0 0.0
2219 0.0102065915224 0.0 0.0
2220 0.0102065915224 0.0 0.0
2221 0.0102065915224 0.0 0.0
2222 0.0102065915224 0.0 0.0
2223 0.0102065915224 0.0 0.0
2224 0.0102065915224 0.0 0.0
2225 0.0102065915224 0.0 0.0
2226 0.0102065915224 0.0 0.0
2227 0.0102065915224 0.0 0.0
2228 0.0102065915224 0.0 0.0
2229 0.0102065915224 0.0 0.0
2230 0.0102065915224 0.0 0.0
2231 0.0102065915224 0.0 0.0
2232 0.0102065915224 0.0 0.0
2233 0.0102065915224 0.0 0.0
2234 0.0102065915224 0.0 0.0
2235 0.0102065915224 0.0 0.0
2236 0.0102065915224 0.0 0.0
2237 0.0102065915224 0.0 0.0
2238 0.0102065915224 0.0 0.0
2239 0.0102065915224 0.0 0.0
2240 0.0102065915224 0.0 0.0
2241 0.0102065915224 0.0 0.0
2242 0.0102065915224 0.0 0.0
2243 0.0102065915224 0.0 0.0
2244 0.0102065915224 0.0 0.0
2245 0.0102065915224 0.0 0.0
2246 0.0102065915224 0.0 0.0
2247 0.0102065915224 0.0 0.0
2248 0.0102065915224 0.0 0.0
2249 0.0102065915224 0.0 0.0
2250 0.0102065915224 0.0 0.0
2251 0.0102065915224 0.0 0.0
2252 0.0102065915224 0.0 0.0
2253 0.0102065915224 0.0 0.0
2254 0.0102065915224 0.0 0.0
2255 0.0102065915224 0.0 0.0
2256 0.0102065915224 0.0 0.0
2257 0.0102065915224 0.0 0.0
2258 0.0102065915224 0.0 0.0
2259 0.0102065915224 0.0 0.0
2260 0.0102065915224 0.0 0.0
2261 0.0102065915224 0.0 0.0
2262 0.0102065915224 0.0 0.0
2263 0.0102065915224 0.0 0.0
2264 0.0102065915224 0.0 0.0
2265 0.0102065915224 0.0 0.0
2266 0.0102065915224 0.0 0.0
2267 0.0102065915224 0.0 0.0
2268 0.0102065915224 0.0 0.0
2269 0.0102065915224 0.0 0.0
2270 0.0102065915224 0.0 0.0
2271 0.0102065915224 0.0 0.0
2272 0.0102065915224 0.0 0.0
2273 0.0102065915224 0.0 0.0
2274 0.0102065915224 0.0 0.0
2275 0.0102065915224 0.0 0.0
2276 0.0102065915224 0.0 0.0
2277 0.0102065915224 0.0 0.0
2278 0.0102065915224 0.0 0.0
2279 0.0102065915224 0.0 0.0
2280 0.0102065915224 0.0 0.0
2281 0.0102065915224 0.0 0.0
2282 0.0102065915224 0.0 0.0
2283 0.0102065915224 0.0 0.0
2284 0.0102065915224 0.0 0.0
2285 0.0102065915224 0.0 0.0
2286 0.0102065915224 0.0 0.0
2287 0.0102065915224 0.0 0.0
2288 0.0102065915224 0.0 0.0
2289 0.0102065915224 0.0 0.0
2290 0.0102065915224 0.0 0.0
2291 0.0102065915224 0.0 0.0
2292 0.0102065915224 0.0 0.0
2293 0.0102065915224 0.0 0.0
2294 0.0102065915224 0.0 0.0
2295 0.0102065915224 0.0 0.0
2296 0.0102065915224 0.0 0.0
2297 0.0102065915224 0.0 0.0
2298 0.0102065915224 0.0 0.0
2299 0.0102065915224 0.0 0.0
2300 0.0102065915224 0.0 0.0
2301 0.00292076597075 0.0 0.0
2302 0.00292076597075 0.0 0.0
2303 0.00292076597075 0.0 0.0
2304 0.00292076597075 0.0 0.0
2305 0.00292076597075 0.0 0.0
2306 0.00292076597075 0.0 0.0
2307 0.00292076597075 0.0 0.0
2308 0.00292076597075 0.0 0.0
2309 0.00292076597075 0.0 0.0
2310 0.00292076597075 0.0 0.0
2311 0.00292076597075 0.0 0.0
2312 0.00292076597075 0.0 0.0
2313 0.00292076597075 0.0 0.0
2314 0.00292076597075 0.0 0.0
2315 0.00292076597075 0.0 0.0
2316 0.00292076597075 0.0 0.0
2317 0.00292076597075 0.0 0.0
2318 0.00292076597075 0.0 0.0
2319 0.00292076597075 0.0 0.0
2320 0.00292076597075 0.0 0.0
2321 0.00292076597075 0.0 0.0
2322 0.00292076597075 0.0 0.0
2323 0.00292076597075 0.0 0.0
2324 0.00292076597075 0.0 0.0
2325 0.00292076597075 0.0 0.0
2326 0.00292076597075 0.0 0.0
2327 0.00292076597075 0.0 0.0
2328 0.00292076597075 0.0 0.0
2329 0.00292076597075 0.0 0.0
2330 0.00292076597075 0.0 0.0
2331 0.00292076597075 0.0 0.0
2332 0.00292076597075 0.0 0.0
2333 0.00292076597075 0.0 0.0
2334 0.00292076597075 0.0 0.0
2335 0.00292076597075 0.0 0.0
2336 0.00292076597075 0.0 0.0
2337 0.00292076597075 0.0 0.0
2338 0.00292076597075 0.0 0.0
2339 0.00292076597075 0.0 0.0
2340 0.00292076597075 0.0 0.0
2341 0.00292076597075 0.0 0.0
2342 0.00292076597075 0.0 0.0
2343 0.00292076597075 0.0 0.0
2344 0.00292076597075 0.0 0.0
2345 0.00292076597075 0.0 0.0
2346 0.00292076597075 0.0 0.0
2347 0.00292076597075 0.0 0.0
2348 0.00292076597075 0.0 0.0
2349 0.00292076597075 0.0 0.0
2350 0.00292076597075 0.0 0.0
2351 0.00292076597075 0.0 0.0
2352 0.00292076597075 0.0 0.0
2353 0.00292076597075 0.0 0.0
2354 0.00292076597075 0.0 0.0
2355 0.00292076597075 0.0 0.0
2356 0.00292076597075 0.0 0.0
2357 0.00292076597075 0.0 0.0
2358 0.00292076597075 0.0 0.0
2359 0.00292076597075 0.0 0.0
2360 0.00292076597075 0.0 0.0
2361 0.00292076597075 0.0 0.0
2362 0.00292076597075 0.0 0.0
2363 0.00292076597075 0.0 0.0
2364 0.00292076597075 0.0 0.0
2365 0.00292076597075 0.0 0.0
2366 0.00292076597075 0.0 0.0
2367 0.00292076597075 0.0 0.0
2368 0.00292076597075 0.0 0.0
2369 0.00292076597075 0.0 0.0
2370 0.00292076597075 0.0 0.0
2371 0.00292076597075 0.0 0.0
2372 0.00292076597075 0.0 0.0
2373 0.00292076597075 0.0 0.0
2374 0.00292076597075 0.0 0.0
2375 0.00292076597075 0.0 0.0
2376 0.00292076597075 0.0 0.0
2377 0.00292076597075 0.0 0.0
2378 0.00292076597075 0.0 0.0
2379 0.00292076597075 0.0 0.0
2380 0.00292076597075 0.0 0.0
2381 0.00292076597075 0.0 0.0
2382 0.00292076597075 0.0 0.0
2383 0.00292076597075 0.0 0.0
2384 0.00292076597075 0.0 0.0
2385 0.00292076597075 0.0 0.0
2386 0.00292076597075 0.0 0.0
2387 0.00292076597075 0.0 0.0
2388 0.00292076597075 0.0 0.0
2389 0.00292076597075 0.0 0.0
2390 0.00292076597075 0.0 0.0
2391 0.00292076597075 0.0 0.0
2392 0.00292076597075 0.0 0.0
2393 0.00292076597075 0.0 0.0
2394 0.00292076597075 0.0 0.0
2395 0.00292076597075 0.0 0.0
2396 0.00292076597075 0.0 0.0
2397 0.00292076597075 0.0 0.0
2398 0.00292076597075 0.0 0.0
2399 0.00292076597075 0.0 0.0
2400 0.00292076597075 0.0 0.0
2401 0.00292076597075 0.0 0.0
2402 0.00292076597075 0.0 0.0
2403 0.00292076597075 0.0 0.0
2404 0.00292076597075 0.0 0.0
2405 0.00292076597075 0.0 0.0
2406 0.00292076597075 0.0 0.0
2407 0.00292076597075 0.0 0.0
2408 0.00292076597075 0.0 0.0
2409 0.00292076597075 0.0 0.0
2410 0.00292076597075 0.0 0.0
2411 0.00292076597075 0.0 0.0
2412 0.00292076597075 0.0 0.0
2413 0.00292076597075 0.0 0.0
2414 0.00292076597075 0.0 0.0
2415 0.00292076597075 0.0 0.0
2416 0.00292076597075 0.0 0.0
2417 0.00292076597075 0.0 0.0
2418 0.00292076597075 0.0 0.0
2419 0.00292076597075 0.0 0.0
2420 0.00292076597075 0.0 0.0
2421 0.00292076597075 0.0 0.0
2422 0.00292076597075 0.0 0.0
2423 0.00292076597075 0.0 0.0
2424 0.00292076597075 0.0 0.0
2425 0.00292076597075 0.0 0.0
2426 0.00292076597075 0.0 0.0
2427 0.00292076597075 0.0 0.0
2428 0.00292076597075 0.0 0.0
2429 0.00292076597075 0.0 0.0
2430 0.00292076597075 0.0 0.0
2431 0.00292076597075 0.0 0.0
2432 0.00292076597075 0.0 0.0
2433 0.00292076597075 0.0 0.0
2434 0.00292076597075 0.0 0.0
2435 0.00292076597075 0.0 0.0
2436 0.00292076597075 0.0 0.0
2437 0.00292076597075 0.0 0.0
2438 0.00292076597075 0.0 0.0
2439 0.00292076597075 0.0 0.0
2440 0.00292076597075 0.0 0.0
2441 0.00292076597075 0.0 0.0
2442 0.00292076597075 0.0 0.0
2443 0.00292076597075 0.0 0.0
2444 0.00292076597075 0.0 0.0
2445 0.00292076597075 0.0 0.0
2446 0.00292076597075 0.0 0.0
2447 0.00292076597075 0.0 0.0
2448 0.00292076597075 0.0 0.0
2449 0.00292076597075 0.0 0.0
2450 0.00292076597075 0.0 0.0
2451 0.00292076597075 0.0 0.0
2452 0.00292076597075 0.0 0.0
2453 0.00292076597075 0.0 0.0
2454 0.00292076597075 0.0 0.0
2455 0.00292076597075 0.0 0.0
2456 0.00292076597075 0.0 0.0
2457 0.00292076597075 0.0 0.0
2458 0.00292076597075 0.0 0.0
2459 0.00292076597075 0.0 0.0
2460 0.00292076597075 0.0 0.0
2461 0.00292076597075 0.0 0.0
2462 0.00292076597075 0.0 0.0
2463 0.00292076597075 0.0 0.0
2464 0.00292076597075 0.0 0.0
2465 0.00292076597075 0.0 0.0
2466 0.00292076597075 0.0 0.0
2467 0.00292076597075 0.0 0.0
2468 0.00292076597075 0.0 0.0
2469 0.00292076597075 0.0 0.0
2470 0.00292076597075 0.0 0.0
2471 0.00292076597075 0.0 0.0
2472 0.00292076597075 0.0 0.0
2473 0.00292076597075 0.0 0.0
2474 0.00292076597075 0.0 0.0
2475 0.00292076597075 0.0 0.0
2476 0.00292076597075 0.0 0.0
2477 0.00292076597075 0.0 0.0
2478 0.00292076597075 0.0 0.0
2479 0.00292076597075 0.0 0.0
2480 0.00292076597075 0.0 0.0
2481 0.00292076597075 0.0 0.0
2482 0.00292076597075 0.0 0.0
2483 0.00292076597075 0.0 0.0
2484 0.00292076597075 0.0 0.0
2485 0.00292076597075 0.0 0.0
2486 0.00292076597075 0.0 0.0
2487 0.00292076597075 0.0 0.0
2488 0.00292076597075 0.0 0.0
2489 0.00292076597075 0.0 0.0
2490 0.00292076597075 0.0 0.0
2491 0.00292076597075 0.0 0.0
2492 0.00292076597075 0.0 0.0
2493 0.00292076597075 0.0 0.0
2494 0.00292076597075 0.0 0.0
2495 0.00292076597075 0.0 0.0
2496 0.00292076597075 0.0 0.0
2497 0.00292076597075 0.0 0.0
2498 0.00292076597075 0.0 0.0
2499 0.00292076597075 0.0 0.0
2500 0.00292076597075 0.0 0.0
