0 0.0 0.0 0.0
1 0.0 0.0 0.0
2 0.0065138550767 0.0 0.0
3 0.0065138550767 0.0 0.0
4 0.0065138550767 0.0 0.0
5 0.0065138550767 0.0 0.0
6 0.0065138550767 0.0 0.0
7 0.0065138550767 0.0 0.0
8 0.0065138550767 0.0 0.0
9 0.0065138550767 0.0 0.0
10 0.0065138550767 0.0 0.0
11 0.0065138550767 0.0 0.0
12 0.0065138550767 0.0 0.0
13 0.0065138550767 0.0 0.0
14 0.0065138550767 0.0 0.0
15 0.0065138550767 0.0 0.0
16 0.0065138550767 0.0 0.0
17 0.0065138550767 0.0 0.0
18 0.0065138550767 0.0 0.0
19 0.0065138550767 0.0 0.0
20 0.0065138550767 0.0 0.0
21 0.0065138550767 0.0 0.0
22 0.0065138550767 0.0 0.0
23 0.0065138550767 0.0 0.0
24 0.0065138550767 0.0 0.0
25 0.0065138550767 0.0 0.0
26 0.0065138550767 0.0 0.0
27 0.0065138550767 0.0 0.0
28 0.0065138550767 0.0 0.0
29 0.0065138550767 0.0 0.0
30 0.0065138550767 0.0 0.0
31 0.0065138550767 0.0 0.0
32 0.0065138550767 0.0 0.0
33 0.0065138550767 0.0 0.0
34 0.0065138550767 0.0 0.0
35 0.0065138550767 0.0 0.0
36 0.0065138550767 0.0 0.0
37 0.0065138550767 0.0 0.0
38 0.0065138550767 0.0 0.0
39 0.0065138550767 0.0 0.0
40 0.0065138550767 0.0 0.0
41 0.0065138550767 0.0 0.0
42 0.0065138550767 0.0 0.0
43 0.0065138550767 0.0 0.0
44 0.0065138550767 0.0 0.0
45 0.0065138550767 0.0 0.0
46 0.0065138550767 0.0 0.0
47 0.0065138550767 0.0 0.0
48 0.0065138550767 0.0 0.0
49 0.0065138550767 0.0 0.0
50 0.0065138550767 0.0 0.0
51 0.000304579836862 0.0 0.0
52 0.000304579836862 0.0 0.0
53 0.000304579836862 0.0 0.0
54 0.000304579836862 0.0 0.0
55 0.000304579836862 0.0 0.0
56 0.000304579836862 0.0 0.0
57 0.000304579836862 0.0 0.0
58 0.000304579836862 0.0 0.0
59 0.000304579836862 0.0 0.0
60 0.000304579836862 0.0 0.0
61 0.000304579836862 0.0 0.0
62 0.000304579836862 0.0 0.0
63 0.000304579836862 0.0 0.0
64 0.000304579836862 0.0 0.0
65 0.000304579836862 0.0 0.0
66 0.000304579836862 0.0 0.0
67 0.000304579836862 0.0 0.0
68 0.000304579836862 0.0 0.0
69 0.000304579836862 0.0 0.0
70 0.000304579836862 0.0 0.0
71 0.000304579836862 0.0 0.0
72 0.000304579836862 0.0 0.0
73 0.000304579836862 0.0 0.0
74 0.000304579836862 0.0 0.0
75 0.000304579836862 0.0 0.0
76 0.000304579836862 0.0 0.0
77 0.000304579836862 0.0 0.0
78 0.000304579836862 0.0 0.0
79 0.000304579836862 0.0 0.0
80 0.000304579836862 0.0 0.0
81 0.000304579836862 0.0 0.0
82 0.000304579836862 0.0 0.0
83 0.000304579836862 0.0 0.0
84 0.000304579836862 0.0 0.0
85 0.000304579836862 0.0 0.0
86 0.000304579836862 0.0 0.0
87 0.000304579836862 0.0 0.0
88 0.000304579836862 0.0 0.0
89 0.000304579836862 0.0 0.0
90 0.000304579836862 0.0 0.0
91 0.000304579836862 0.0 0.0
92 0.000304579836862 0.0 0.0
93 0.000304579836862 0.0 0.0
94 0.000304579836862 0.0 0.0
95 0.000304579836862 0.0 0.0
96 0.000304579836862 0.0 0.0
97 0.000304579836862 0.0 0.0
98 0.000304579836862 0.0 0.0
99 0.000304579836862 0.0 0.0
100 0.000304579836862 0.0 0.0
101 -0.00189809665538 -0.0352529680493 -0.0528069278499
102 -0.00189809665538 -0.0352529680493 -0.0528069278499
103 -0.00189809665538 -0.0352529680493 -0.0528069278499
104 -0.00189809665538 -0.0352529680493 -0.0528069278499
105 -0.00189809665538 -0.0352529680493 -0.0528069278499
106 -0.00189809665538 -0.0352529680493 -0.0528069278499
107 -0.00189809665538 -0.0352529680493 -0.0528069278499
108 -0.00189809665538 -0.0352529680493 -0.0528069278499
109 -0.00189809665538 -0.0352529680493 -0.0528069278499
110 -0.00189809665538 -0.0352529680493 -0.0528069278499
111 -0.00189809665538 -0.0352529680493 -0.0528069278499
112 -0.00189809665538 -0.0352529680493 -0.0528069278499
113 -0.00189809665538 -0.0352529680493 -0.0528069278499
114 -0.00189809665538 -0.0352529680493 -0.0528069278499
115 -0.00189809665538 -0.0352529680493 -0.0528069278499
116 -0.00189809665538 -0.0352529680493 -0.0528069278499
117 -0.00189809665538 -0.0352529680493 -0.0528069278499
118 -0.00189809665538 -0.0352529680493 -0.0528069278499
119 -0.00189809665538 -0.0352529680493 -0.0528069278499
120 -0.00189809665538 -0.0352529680493 -0.0528069278499
121 -0.00189809665538 -0.0352529680493 -0.0528069278499
122 -0.00189809665538 -0.0352529680493 -0.0528069278499
123 -0.00189809665538 -0.0352529680493 -0.0528069278499
124 -0.00189809665538 -0.0352529680493 -0.0528069278499
125 -0.00189809665538 -0.0352529680493 -0.0528069278499
126 -0.00189809665538 -0.0352529680493 -0.0528069278499
127 -0.00189809665538 -0.0352529680493 -0.0528069278499
128 -0.00189809665538 -0.0352529680493 -0.0528069278499
129 -0.00189809665538 -0.0352529680493 -0.0528069278499
130 -0.00189809665538 -0.0352529680493 -0.0528069278499
131 -0.00189809665538 -0.0352529680493 -0.0528069278499
132 -0.00189809665538 -0.0352529680493 -0.0528069278499
133 -0.00189809665538 -0.0352529680493 -0.0528069278499
134 -0.00189809665538 -0.0352529680493 -0.0528069278499
135 -0.00189809665538 -0.0352529680493 -0.0528069278499
136 -0.00189809665538 -0.0352529680493 -0.0528069278499
137 -0.00189809665538 -0.0352529680493 -0.0528069278499
138 -0.00189809665538 -0.0352529680493 -0.0528069278499
139 -0.00189809665538 -0.0352529680493 -0.0528069278499
140 -0.00189809665538 -0.0352529680493 -0.0528069278499
141 -0.00189809665538 -0.0352529680493 -0.0528069278499
142 -0.00189809665538 -0.0352529680493 -0.0528069278499
143 -0.00189809665538 -0.0352529680493 -0.0528069278499
144 -0.00189809665538 -0.0352529680493 -0.0528069278499
145 -0.00189809665538 -0.0352529680493 -0.0528069278499
146 -0.00189809665538 -0.0352529680493 -0.0528069278499
147 -0.00189809665538 -0.0352529680493 -0.0528069278499
148 -0.00189809665538 -0.0352529680493 -0.0528069278499
149 -0.00189809665538 -0.0352529680493 -0.0528069278499
150 -0.00189809665538 -0.0352529680493 -0.0528069278499
151 0.00525691356085 -0.0352529680493 -0.0528069278499
152 0.00525691356085 -0.0352529680493 -0.0528069278499
153 0.00525691356085 -0.0352529680493 -0.0528069278499
154 0.00525691356085 -0.0352529680493 -0.0528069278499
155 0.00525691356085 -0.0352529680493 -0.0528069278499
156 0.00525691356085 -0.0352529680493 -0.0528069278499
157 0.00525691356085 -0.0352529680493 -0.0528069278499
158 0.00525691356085 -0.0352529680493 -0.0528069278499
159 0.00525691356085 -0.0352529680493 -0.0528069278499
160 0.00525691356085 -0.0352529680493 -0.0528069278499
161 0.00525691356085 -0.0352529680493 -0.0528069278499
162 0.00525691356085 -0.0352529680493 -0.0528069278499
163 0.00525691356085 -0.0352529680493 -0.0528069278499
164 0.00525691356085 -0.0352529680493 -0.0528069278499
165 0.00525691356085 -0.0352529680493 -0.0528069278499
166 0.00525691356085 -0.0352529680493 -0.0528069278499
167 0.00525691356085 -0.0352529680493 -0.0528069278499
168 0.00525691356085 -0.0352529680493 -0.0528069278499
169 0.00525691356085 -0.0352529680493 -0.0528069278499
170 0.00525691356085 -0.0352529680493 -0.0528069278499
171 0.00525691356085 -0.0352529680493 -0.0528069278499
172 0.00525691356085 -0.0352529680493 -0.0528069278499
173 0.00525691356085 -0.0352529680493 -0.0528069278499
174 0.00525691356085 -0.0352529680493 -0.0528069278499
175 0.00525691356085 -0.0352529680493 -0.0528069278499
176 0.00525691356085 -0.0352529680493 -0.0528069278499
177 0.00525691356085 -0.0352529680493 -0.0528069278499
178 0.00525691356085 -0.0352529680493 -0.0528069278499
179 0.00525691356085 -0.0352529680493 -0.0528069278499
180 0.00525691356085 -0.0352529680493 -0.0528069278499
181 0.00525691356085 -0.0352529680493 -0.0528069278499
182 0.00525691356085 -0.0352529680493 -0.0528069278499
183 0.00525691356085 -0.0352529680493 -0.0528069278499
184 0.00525691356085 -0.0352529680493 -0.0528069278499
185 0.00525691356085 -0.0352529680493 -0.0528069278499
186 0.00525691356085 -0.0352529680493 -0.0528069278499
187 0.00525691356085 -0.0352529680493 -0.0528069278499
188 0.00525691356085 -0.0352529680493 -0.0528069278499
189 0.00525691356085 -0.0352529680493 -0.0528069278499
190 0.00525691356085 -0.0352529680493 -0.0528069278499
191 0.00525691356085 -0.0352529680493 -0.0528069278499
192 0.00525691356085 -0.0352529680493 -0.0528069278499
193 0.00525691356085 -0.0352529680493 -0.0528069278499
194 0.00525691356085 -0.0352529680493 -0.0528069278499
195 0.00525691356085 -0.0352529680493 -0.0528069278499
196 0.00525691356085 -0.0352529680493 -0.0528069278499
197 0.00525691356085 -0.0352529680493 -0.0528069278499
198 0.00525691356085 -0.0352529680493 -0.0528069278499
199 0.00525691356085 -0.0352529680493 -0.0528069278499
200 0.00525691356085 -0.0352529680493 -0.0528069278499
201 0.0204081632653 0.0225017230583 -0.098613066659
202 0.0204081632653 0.0225017230583 -0.098613066659
203 0.0204081632653 0.0225017230583 -0.098613066659
204 0.0204081632653 0.0225017230583 -0.098613066659
205 0.0204081632653 0.0225017230583 -0.098613066659
206 0.0204081632653 0.0225017230583 -0.098613066659
207 0.0204081632653 0.0225017230583 -0.098613066659
208 0.0204081632653 0.0225017230583 -0.098613066659
209 0.0204081632653 0.0225017230583 -0.098613066659
210 0.0204081632653 0.0225017230583 -0.098613066659
211 0.0204081632653 0.0225017230583 -0.098613066659
212 0.0204081632653 0.0225017230583 -0.098613066659
213 0.0204081632653 0.0225017230583 -0.098613066659
214 0.0204081632653 0.0225017230583 -0.098613066659
215 0.0204081632653 0.0225017230583 -0.098613066659
216 0.0204081632653 0.0225017230583 -0.098613066659
217 0.0204081632653 0.0225017230583 -0.098613066659
218 0.0204081632653 0.0225017230583 -0.098613066659
219 0.0204081632653 0.0225017230583 -0.098613066659
220 0.0204081632653 0.0225017230583 -0.098613066659
221 0.0204081632653 0.0225017230583 -0.098613066659
222 0.0204081632653 0.0225017230583 -0.098613066659
223 0.0204081632653 0.0225017230583 -0.098613066659
224 0.0204081632653 0.0225017230583 -0.098613066659
225 0.0204081632653 0.0225017230583 -0.098613066659
226 0.0204081632653 0.0225017230583 -0.098613066659
227 0.0204081632653 0.0225017230583 -0.098613066659
228 0.0204081632653 0.0225017230583 -0.098613066659
229 0.0204081632653 0.0225017230583 -0.098613066659
230 0.0204081632653 0.0225017230583 -0.098613066659
231 0.0204081632653 0.0225017230583 -0.098613066659
232 0.0204081632653 0.0225017230583 -0.098613066659
233 0.0204081632653 0.0225017230583 -0.098613066659
234 0.0204081632653 0.0225017230583 -0.098613066659
235 0.0204081632653 0.0225017230583 -0.098613066659
236 0.0204081632653 0.0225017230583 -0.098613066659
237 0.0204081632653 0.0225017230583 -0.098613066659
238 0.0204081632653 0.0225017230583 -0.098613066659
239 0.0204081632653 0.0225017230583 -0.098613066659
240 0.0204081632653 0.0225017230583 -0.098613066659
241 0.0204081632653 0.0225017230583 -0.098613066659
242 0.0204081632653 0.0225017230583 -0.098613066659
243 0.0204081632653 0.0225017230583 -0.098613066659
244 0.0204081632653 0.0225017230583 -0.098613066659
245 0.0204081632653 0.0225017230583 -0.098613066659
246 0.0204081632653 0.0225017230583 -0.098613066659
247 0.0204081632653 0.0225017230583 -0.098613066659
248 0.0204081632653 0.0225017230583 -0.098613066659
249 0.0204081632653 0.0225017230583 -0.098613066659
250 0.0204081632653 0.0225017230583 -0.098613066659
251 0.00522166993598 0.0225017230583 -0.098613066659
252 0.00522166993598 0.0225017230583 -0.098613066659
253 0.00522166993598 0.0225017230583 -0.098613066659
254 0.00522166993598 0.0225017230583 -0.098613066659
255 0.00522166993598 0.0225017230583 -0.098613066659
256 0.00522166993598 0.0225017230583 -0.098613066659
257 0.00522166993598 0.0225017230583 -0.098613066659
258 0.00522166993598 0.0225017230583 -0.098613066659
259 0.00522166993598 0.0225017230583 -0.098613066659
260 0.00522166993598 0.0225017230583 -0.098613066659
261 0.00522166993598 0.0225017230583 -0.098613066659
262 0.00522166993598 0.0225017230583 -0.098613066659
263 0.00522166993598 0.0225017230583 -0.098613066659
264 0.00522166993598 0.0225017230583 -0.098613066659
265 0.00522166993598 0.0225017230583 -0.098613066659
266 0.00522166993598 0.0225017230583 -0.098613066659
267 0.00522166993598 0.0225017230583 -0.098613066659
268 0.00522166993598 0.0225017230583 -0.098613066659
269 0.00522166993598 0.0225017230583 -0.098613066659
270 0.00522166993598 0.0225017230583 -0.098613066659
271 0.00522166993598 0.0225017230583 -0.098613066659
272 0.00522166993598 0.0225017230583 -0.098613066659
273 0.00522166993598 0.0225017230583 -0.098613066659
274 0.00522166993598 0.0225017230583 -0.098613066659
275 0.00522166993598 0.0225017230583 -0.098613066659
276 0.00522166993598 0.0225017230583 -0.098613066659
277 0.00522166993598 0.0225017230583 -0.098613066659
278 0.00522166993598 0.0225017230583 -0.098613066659
279 0.00522166993598 0.0225017230583 -0.098613066659
280 0.00522166993598 0.0225017230583 -0.098613066659
281 0.00522166993598 0.0225017230583 -0.098613066659
282 0.00522166993598 0.0225017230583 -0.098613066659
283 0.00522166993598 0.0225017230583 -0.098613066659
284 0.00522166993598 0.0225017230583 -0.098613066659
285 0.00522166993598 0.0225017230583 -0.098613066659
286 0.00522166993598 0.0225017230583 -0.098613066659
287 0.00522166993598 0.0225017230583 -0.098613066659
288 0.00522166993598 0.0225017230583 -0.098613066659
289 0.00522166993598 0.0225017230583 -0.098613066659
290 0.00522166993598 0.0225017230583 -0.098613066659
291 0.00522166993598 0.0225017230583 -0.098613066659
292 0.00522166993598 0.0225017230583 -0.098613066659
293 0.00522166993598 0.0225017230583 -0.098613066659
294 0.00522166993598 0.0225017230583 -0.098613066659
295 0.00522166993598 0.0225017230583 -0.098613066659
296 0.00522166993598 0.0225017230583 -0.098613066659
297 0.00522166993598 0.0225017230583 -0.098613066659
298 0.00522166993598 0.0225017230583 -0.098613066659
299 0.00522166993598 0.0225017230583 -0.098613066659
300 0.00522166993598 0.0225017230583 -0.098613066659
301 0.00177687538421 0.0108285281869 0.000793541681753
302 0.00177687538421 0.0108285281869 0.000793541681753
303 0.00177687538421 0.0108285281869 0.000793541681753
304 0.00177687538421 0.0108285281869 0.000793541681753
305 0.00177687538421 0.0108285281869 0.000793541681753
306 0.00177687538421 0.0108285281869 0.000793541681753
307 0.00177687538421 0.0108285281869 0.000793541681753
308 0.00177687538421 0.0108285281869 0.000793541681753
309 0.00177687538421 0.0108285281869 0.000793541681753
310 0.00177687538421 0.0108285281869 0.000793541681753
311 0.00177687538421 0.0108285281869 0.000793541681753
312 0.00177687538421 0.0108285281869 0.000793541681753
313 0.00177687538421 0.0108285281869 0.000793541681753
314 0.00177687538421 0.0108285281869 0.000793541681753
315 0.00177687538421 0.0108285281869 0.000793541681753
316 0.00177687538421 0.0108285281869 0.000793541681753
317 0.00177687538421 0.0108285281869 0.000793541681753
318 0.00177687538421 0.0108285281869 0.000793541681753
319 0.00177687538421 0.0108285281869 0.000793541681753
320 0.00177687538421 0.0108285281869 0.000793541681753
321 0.00177687538421 0.0108285281869 0.000793541681753
322 0.00177687538421 0.0108285281869 0.000793541681753
323 0.00177687538421 0.0108285281869 0.000793541681753
324 0.00177687538421 0.0108285281869 0.000793541681753
325 0.00177687538421 0.0108285281869 0.000793541681753
326 0.00177687538421 0.0108285281869 0.000793541681753
327 0.00177687538421 0.0108285281869 0.000793541681753
328 0.00177687538421 0.0108285281869 0.000793541681753
329 0.00177687538421 0.0108285281869 0.000793541681753
330 0.00177687538421 0.0108285281869 0.000793541681753
331 0.00177687538421 0.0108285281869 0.000793541681753
332 0.00177687538421 0.0108285281869 0.000793541681753
333 0.00177687538421 0.0108285281869 0.000793541681753
334 0.00177687538421 0.0108285281869 0.000793541681753
335 0.00177687538421 0.0108285281869 0.000793541681753
336 0.00177687538421 0.0108285281869 0.000793541681753
337 0.00177687538421 0.0108285281869 0.000793541681753
338 0.00177687538421 0.0108285281869 0.000793541681753
339 0.00177687538421 0.0108285281869 0.000793541681753
340 0.00177687538421 0.0108285281869 0.000793541681753
341 0.00177687538421 0.0108285281869 0.000793541681753
342 0.00177687538421 0.0108285281869 0.000793541681753
343 0.00177687538421 0.0108285281869 0.000793541681753
344 0.00177687538421 0.0108285281869 0.000793541681753
345 0.00177687538421 0.0108285281869 0.000793541681753
346 0.00177687538421 0.0108285281869 0.000793541681753
347 0.00177687538421 0.0108285281869 0.000793541681753
348 0.00177687538421 0.0108285281869 0.000793541681753
349 0.00177687538421 0.0108285281869 0.000793541681753
350 0.00177687538421 0.0108285281869 0.000793541681753
351 -0.00252088924196 0.0108285281869 0.000793541681753
352 -0.00252088924196 0.0108285281869 0.000793541681753
353 -0.00252088924196 0.0108285281869 0.000793541681753
354 -0.00252088924196 0.0108285281869 0.000793541681753
355 -0.00252088924196 0.0108285281869 0.000793541681753
356 -0.00252088924196 0.0108285281869 0.000793541681753
357 -0.00252088924196 0.0108285281869 0.000793541681753
358 -0.00252088924196 0.0108285281869 0.000793541681753
359 -0.00252088924196 0.0108285281869 0.000793541681753
360 -0.00252088924196 0.0108285281869 0.000793541681753
361 -0.00252088924196 0.0108285281869 0.000793541681753
362 -0.00252088924196 0.0108285281869 0.000793541681753
363 -0.00252088924196 0.0108285281869 0.000793541681753
364 -0.00252088924196 0.0108285281869 0.000793541681753
365 -0.00252088924196 0.0108285281869 0.000793541681753
366 -0.00252088924196 0.0108285281869 0.000793541681753
367 -0.00252088924196 0.0108285281869 0.000793541681753
368 -0.00252088924196 0.0108285281869 0.000793541681753
369 -0.00252088924196 0.0108285281869 0.000793541681753
370 -0.00252088924196 0.0108285281869 0.000793541681753
371 -0.00252088924196 0.0108285281869 0.000793541681753
372 -0.00252088924196 0.0108285281869 0.000793541681753
373 -0.00252088924196 0.0108285281869 0.000793541681753
374 -0.00252088924196 0.0108285281869 0.000793541681753
375 -0.00252088924196 0.0108285281869 0.000793541681753
376 -0.00252088924196 0.0108285281869 0.000793541681753
377 -0.00252088924196 0.0108285281869 0.000793541681753
378 -0.00252088924196 0.0108285281869 0.000793541681753
379 -0.00252088924196 0.0108285281869 0.000793541681753
380 -0.00252088924196 0.0108285281869 0.000793541681753
381 -0.00252088924196 0.0108285281869 0.000793541681753
382 -0.00252088924196 0.0108285281869 0.000793541681753
383 -0.00252088924196 0.0108285281869 0.000793541681753
384 -0.00252088924196 0.0108285281869 0.000793541681753
385 -0.00252088924196 0.0108285281869 0.000793541681753
386 -0.00252088924196 0.0108285281869 0.000793541681753
387 -0.00252088924196 0.0108285281869 0.000793541681753
388 -0.00252088924196 0.0108285281869 0.000793541681753
389 -0.00252088924196 0.0108285281869 0.000793541681753
390 -0.00252088924196 0.0108285281869 0.000793541681753
391 -0.00252088924196 0.0108285281869 0.000793541681753
392 -0.00252088924196 0.0108285281869 0.000793541681753
393 -0.00252088924196 0.0108285281869 0.000793541681753
394 -0.00252088924196 0.0108285281869 0.000793541681753
395 -0.00252088924196 0.0108285281869 0.000793541681753
396 -0.00252088924196 0.0108285281869 0.000793541681753
397 -0.00252088924196 0.0108285281869 0.000793541681753
398 -0.00252088924196 0.0108285281869 0.000793541681753
399 -0.00252088924196 0.0108285281869 0.000793541681753
400 -0.00252088924196 0.0108285281869 0.000793541681753
401 -0.00634162963382 0.00236668501143 0.0073047986466
402 -0.00634162963382 0.00236668501143 0.0073047986466
403 -0.00634162963382 0.00236668501143 0.0073047986466
404 -0.00634162963382 0.00236668501143 0.0073047986466
405 -0.00634162963382 0.00236668501143 0.0073047986466
406 -0.00634162963382 0.00236668501143 0.0073047986466
407 -0.00634162963382 0.00236668501143 0.0073047986466
408 -0.00634162963382 0.00236668501143 0.0073047986466
409 -0.00634162963382 0.00236668501143 0.0073047986466
410 -0.00634162963382 0.00236668501143 0.0073047986466
411 -0.00634162963382 0.00236668501143 0.0073047986466
412 -0.00634162963382 0.00236668501143 0.0073047986466
413 -0.00634162963382 0.00236668501143 0.0073047986466
414 -0.00634162963382 0.00236668501143 0.0073047986466
415 -0.00634162963382 0.00236668501143 0.0073047986466
416 -0.00634162963382 0.00236668501143 0.0073047986466
417 -0.00634162963382 0.00236668501143 0.0073047986466
418 -0.00634162963382 0.00236668501143 0.0073047986466
419 -0.00634162963382 0.00236668501143 0.0073047986466
420 -0.00634162963382 0.00236668501143 0.0073047986466
421 -0.00634162963382 0.00236668501143 0.0073047986466
422 -0.00634162963382 0.00236668501143 0.0073047986466
423 -0.00634162963382 0.00236668501143 0.0073047986466
424 -0.00634162963382 0.00236668501143 0.0073047986466
425 -0.00634162963382 0.00236668501143 0.0073047986466
426 -0.00634162963382 0.00236668501143 0.0073047986466
427 -0.00634162963382 0.00236668501143 0.0073047986466
428 -0.00634162963382 0.00236668501143 0.0073047986466
429 -0.00634162963382 0.00236668501143 0.0073047986466
430 -0.00634162963382 0.00236668501143 0.0073047986466
431 -0.00634162963382 0.00236668501143 0.0073047986466
432 -0.00634162963382 0.00236668501143 0.0073047986466
433 -0.00634162963382 0.00236668501143 0.0073047986466
434 -0.00634162963382 0.00236668501143 0.0073047986466
435 -0.00634162963382 0.00236668501143 0.0073047986466
436 -0.00634162963382 0.00236668501143 0.0073047986466
437 -0.00634162963382 0.00236668501143 0.0073047986466
438 -0.00634162963382 0.00236668501143 0.0073047986466
439 -0.00634162963382 0.00236668501143 0.0073047986466
440 -0.00634162963382 0.00236668501143 0.0073047986466
441 -0.00634162963382 0.00236668501143 0.0073047986466
442 -0.00634162963382 0.00236668501143 0.0073047986466
443 -0.00634162963382 0.00236668501143 0.0073047986466
444 -0.00634162963382 0.00236668501143 0.0073047986466
445 -0.00634162963382 0.00236668501143 0.0073047986466
446 -0.00634162963382 0.00236668501143 0.0073047986466
447 -0.00634162963382 0.00236668501143 0.0073047986466
448 -0.00634162963382 0.00236668501143 0.0073047986466
449 -0.00634162963382 0.00236668501143 0.0073047986466
450 -0.00634162963382 0.00236668501143 0.0073047986466
451 -0.00957419014838 0.00236668501143 0.0073047986466
452 -0.00957419014838 0.00236668501143 0.0073047986466
453 -0.00957419014838 0.00236668501143 0.0073047986466
454 -0.00957419014838 0.00236668501143 0.0073047986466
455 -0.00957419014838 0.00236668501143 0.0073047986466
456 -0.00957419014838 0.00236668501143 0.0073047986466
457 -0.00957419014838 0.00236668501143 0.0073047986466
458 -0.00957419014838 0.00236668501143 0.0073047986466
459 -0.00957419014838 0.00236668501143 0.0073047986466
460 -0.00957419014838 0.00236668501143 0.0073047986466
461 -0.00957419014838 0.00236668501143 0.0073047986466
462 -0.00957419014838 0.00236668501143 0.0073047986466
463 -0.00957419014838 0.00236668501143 0.0073047986466
464 -0.00957419014838 0.00236668501143 0.0073047986466
465 -0.00957419014838 0.00236668501143 0.0073047986466
466 -0.00957419014838 0.00236668501143 0.0073047986466
467 -0.00957419014838 0.00236668501143 0.0073047986466
468 -0.00957419014838 0.00236668501143 0.0073047986466
469 -0.00957419014838 0.00236668501143 0.0073047986466
470 -0.00957419014838 0.00236668501143 0.0073047986466
471 -0.00957419014838 0.00236668501143 0.0073047986466
472 -0.00957419014838 0.00236668501143 0.0073047986466
473 -0.00957419014838 0.00236668501143 0.0073047986466
474 -0.00957419014838 0.00236668501143 0.0073047986466
475 -0.00957419014838 0.00236668501143 0.0073047986466
476 -0.00957419014838 0.00236668501143 0.0073047986466
477 -0.00957419014838 0.00236668501143 0.0073047986466
478 -0.00957419014838 0.00236668501143 0.0073047986466
479 -0.00957419014838 0.00236668501143 0.0073047986466
480 -0.00957419014838 0.00236668501143 0.0073047986466
481 -0.00957419014838 0.00236668501143 0.0073047986466
482 -0.00957419014838 0.00236668501143 0.0073047986466
483 -0.00957419014838 0.00236668501143 0.0073047986466
484 -0.00957419014838 0.00236668501143 0.0073047986466
485 -0.00957419014838 0.00236668501143 0.0073047986466
486 -0.00957419014838 0.00236668501143 0.0073047986466
487 -0.00957419014838 0.00236668501143 0.0073047986466
488 -0.00957419014838 0.00236668501143 0.0073047986466
489 -0.00957419014838 0.00236668501143 0.0073047986466
490 -0.00957419014838 0.00236668501143 0.0073047986466
491 -0.00957419014838 0.00236668501143 0.0073047986466
492 -0.00957419014838 0.00236668501143 0.0073047986466
493 -0.00957419014838 0.00236668501143 0.0073047986466
494 -0.00957419014838 0.00236668501143 0.0073047986466
495 -0.00957419014838 0.00236668501143 0.0073047986466
496 -0.00957419014838 0.00236668501143 0.0073047986466
497 -0.00957419014838 0.00236668501143 0.0073047986466
498 -0.00957419014838 0.00236668501143 0.0073047986466
499 -0.00957419014838 0.00236668501143 0.0073047986466
500 -0.00957419014838 0.00236668501143 0.0073047986466
501 -0.00474533137632 -0.0681752079094 -0.0225018256751
502 -0.00474533137632 -0.0681752079094 -0.0225018256751
503 -0.00474533137632 -0.0681752079094 -0.0225018256751
504 -0.00474533137632 -0.0681752079094 -0.0225018256751
505 -0.00474533137632 -0.0681752079094 -0.0225018256751
506 -0.00474533137632 -0.0681752079094 -0.0225018256751
507 -0.00474533137632 -0.0681752079094 -0.0225018256751
508 -0.00474533137632 -0.0681752079094 -0.0225018256751
509 -0.00474533137632 -0.0681752079094 -0.0225018256751
510 -0.00474533137632 -0.0681752079094 -0.0225018256751
511 -0.00474533137632 -0.0681752079094 -0.0225018256751
512 -0.00474533137632 -0.0681752079094 -0.0225018256751
513 -0.00474533137632 -0.0681752079094 -0.0225018256751
514 -0.00474533137632 -0.0681752079094 -0.0225018256751
515 -0.00474533137632 -0.0681752079094 -0.0225018256751
516 -0.00474533137632 -0.0681752079094 -0.0225018256751
517 -0.00474533137632 -0.0681752079094 -0.0225018256751
518 -0.00474533137632 -0.0681752079094 -0.0225018256751
519 -0.00474533137632 -0.0681752079094 -0.0225018256751
520 -0.00474533137632 -0.0681752079094 -0.0225018256751
521 -0.00474533137632 -0.0681752079094 -0.0225018256751
522 -0.00474533137632 -0.0681752079094 -0.0225018256751
523 -0.00474533137632 -0.0681752079094 -0.0225018256751
524 -0.00474533137632 -0.0681752079094 -0.0225018256751
525 -0.00474533137632 -0.0681752079094 -0.0225018256751
526 -0.00474533137632 -0.0681752079094 -0.0225018256751
527 -0.00474533137632 -0.0681752079094 -0.0225018256751
528 -0.00474533137632 -0.0681752079094 -0.0225018256751
529 -0.00474533137632 -0.0681752079094 -0.0225018256751
530 -0.00474533137632 -0.0681752079094 -0.0225018256751
531 -0.00474533137632 -0.0681752079094 -0.0225018256751
532 -0.00474533137632 -0.0681752079094 -0.0225018256751
533 -0.00474533137632 -0.0681752079094 -0.0225018256751
534 -0.00474533137632 -0.0681752079094 -0.0225018256751
535 -0.00474533137632 -0.0681752079094 -0.0225018256751
536 -0.00474533137632 -0.0681752079094 -0.0225018256751
537 -0.00474533137632 -0.0681752079094 -0.0225018256751
538 -0.00474533137632 -0.0681752079094 -0.0225018256751
539 -0.00474533137632 -0.0681752079094 -0.0225018256751
540 -0.00474533137632 -0.0681752079094 -0.0225018256751
541 -0.00474533137632 -0.0681752079094 -0.0225018256751
542 -0.00474533137632 -0.0681752079094 -0.0225018256751
543 -0.00474533137632 -0.0681752079094 -0.0225018256751
544 -0.00474533137632 -0.0681752079094 -0.0225018256751
545 -0.00474533137632 -0.0681752079094 -0.0225018256751
546 -0.00474533137632 -0.0681752079094 -0.0225018256751
547 -0.00474533137632 -0.0681752079094 -0.0225018256751
548 -0.00474533137632 -0.0681752079094 -0.0225018256751
549 -0.00474533137632 -0.0681752079094 -0.0225018256751
550 -0.00474533137632 -0.0681752079094 -0.0225018256751
551 -0.00474769126341 -0.0681752079094 -0.0225018256751
552 -0.00474769126341 -0.0681752079094 -0.0225018256751
553 -0.00474769126341 -0.0681752079094 -0.0225018256751
554 -0.00474769126341 -0.0681752079094 -0.0225018256751
555 -0.00474769126341 -0.0681752079094 -0.0225018256751
556 -0.00474769126341 -0.0681752079094 -0.0225018256751
557 -0.00474769126341 -0.0681752079094 -0.0225018256751
558 -0.00474769126341 -0.0681752079094 -0.0225018256751
559 -0.00474769126341 -0.0681752079094 -0.0225018256751
560 -0.00474769126341 -0.0681752079094 -0.0225018256751
561 -0.00474769126341 -0.0681752079094 -0.0225018256751
562 -0.00474769126341 -0.0681752079094 -0.0225018256751
563 -0.00474769126341 -0.0681752079094 -0.0225018256751
564 -0.00474769126341 -0.0681752079094 -0.0225018256751
565 -0.00474769126341 -0.0681752079094 -0.0225018256751
566 -0.00474769126341 -0.0681752079094 -0.0225018256751
567 -0.00474769126341 -0.0681752079094 -0.0225018256751
568 -0.00474769126341 -0.0681752079094 -0.0225018256751
569 -0.00474769126341 -0.0681752079094 -0.0225018256751
570 -0.00474769126341 -0.0681752079094 -0.0225018256751
571 -0.00474769126341 -0.0681752079094 -0.0225018256751
572 -0.00474769126341 -0.0681752079094 -0.0225018256751
573 -0.00474769126341 -0.0681752079094 -0.0225018256751
574 -0.00474769126341 -0.0681752079094 -0.0225018256751
575 -0.00474769126341 -0.0681752079094 -0.0225018256751
576 -0.00474769126341 -0.0681752079094 -0.0225018256751
577 -0.00474769126341 -0.0681752079094 -0.0225018256751
578 -0.00474769126341 -0.0681752079094 -0.0225018256751
579 -0.00474769126341 -0.0681752079094 -0.0225018256751
580 -0.00474769126341 -0.0681752079094 -0.0225018256751
581 -0.00474769126341 -0.0681752079094 -0.0225018256751
582 -0.00474769126341 -0.0681752079094 -0.0225018256751
583 -0.00474769126341 -0.0681752079094 -0.0225018256751
584 -0.00474769126341 -0.0681752079094 -0.0225018256751
585 -0.00474769126341 -0.0681752079094 -0.0225018256751
586 -0.00474769126341 -0.0681752079094 -0.0225018256751
587 -0.00474769126341 -0.0681752079094 -0.0225018256751
588 -0.00474769126341 -0.0681752079094 -0.0225018256751
589 -0.00474769126341 -0.0681752079094 -0.0225018256751
590 -0.00474769126341 -0.0681752079094 -0.0225018256751
591 -0.00474769126341 -0.0681752079094 -0.0225018256751
592 -0.00474769126341 -0.0681752079094 -0.0225018256751
593 -0.00474769126341 -0.0681752079094 -0.0225018256751
594 -0.00474769126341 -0.0681752079094 -0.0225018256751
595 -0.00474769126341 -0.0681752079094 -0.0225018256751
596 -0.00474769126341 -0.0681752079094 -0.0225018256751
597 -0.00474769126341 -0.0681752079094 -0.0225018256751
598 -0.00474769126341 -0.0681752079094 -0.0225018256751
599 -0.00474769126341 -0.0681752079094 -0.0225018256751
600 -0.00474769126341 -0.0681752079094 -0.0225018256751
601 -0.00478598201043 -0.00217209120107 -0.0457572282955
602 -0.00478598201043 -0.00217209120107 -0.0457572282955
603 -0.00478598201043 -0.00217209120107 -0.0457572282955
604 -0.00478598201043 -0.00217209120107 -0.0457572282955
605 -0.00478598201043 -0.00217209120107 -0.0457572282955
606 -0.00478598201043 -0.00217209120107 -0.0457572282955
607 -0.00478598201043 -0.00217209120107 -0.0457572282955
608 -0.00478598201043 -0.00217209120107 -0.0457572282955
609 -0.00478598201043 -0.00217209120107 -0.0457572282955
610 -0.00478598201043 -0.00217209120107 -0.0457572282955
611 -0.00478598201043 -0.00217209120107 -0.0457572282955
612 -0.00478598201043 -0.00217209120107 -0.0457572282955
613 -0.00478598201043 -0.00217209120107 -0.0457572282955
614 -0.00478598201043 -0.00217209120107 -0.0457572282955
615 -0.00478598201043 -0.00217209120107 -0.0457572282955
616 -0.00478598201043 -0.00217209120107 -0.0457572282955
617 -0.00478598201043 -0.00217209120107 -0.0457572282955
618 -0.00478598201043 -0.00217209120107 -0.0457572282955
619 -0.00478598201043 -0.00217209120107 -0.0457572282955
620 -0.00478598201043 -0.00217209120107 -0.0457572282955
621 -0.00478598201043 -0.00217209120107 -0.0457572282955
622 -0.00478598201043 -0.00217209120107 -0.0457572282955
623 -0.00478598201043 -0.00217209120107 -0.0457572282955
624 -0.00478598201043 -0.00217209120107 -0.0457572282955
625 -0.00478598201043 -0.00217209120107 -0.0457572282955
626 -0.00478598201043 -0.00217209120107 -0.0457572282955
627 -0.00478598201043 -0.00217209120107 -0.0457572282955
628 -0.00478598201043 -0.00217209120107 -0.0457572282955
629 -0.00478598201043 -0.00217209120107 -0.0457572282955
630 -0.00478598201043 -0.00217209120107 -0.0457572282955
631 -0.00478598201043 -0.00217209120107 -0.0457572282955
632 -0.00478598201043 -0.00217209120107 -0.0457572282955
633 -0.00478598201043 -0.00217209120107 -0.0457572282955
634 -0.00478598201043 -0.00217209120107 -0.0457572282955
635 -0.00478598201043 -0.00217209120107 -0.0457572282955
636 -0.00478598201043 -0.00217209120107 -0.0457572282955
637 -0.00478598201043 -0.00217209120107 -0.0457572282955
638 -0.00478598201043 -0.00217209120107 -0.0457572282955
639 -0.00478598201043 -0.00217209120107 -0.0457572282955
640 -0.00478598201043 -0.00217209120107 -0.0457572282955
641 -0.00478598201043 -0.00217209120107 -0.0457572282955
642 -0.00478598201043 -0.00217209120107 -0.0457572282955
643 -0.00478598201043 -0.00217209120107 -0.0457572282955
644 -0.00478598201043 -0.00217209120107 -0.0457572282955
645 -0.00478598201043 -0.00217209120107 -0.0457572282955
646 -0.00478598201043 -0.00217209120107 -0.0457572282955
647 -0.00478598201043 -0.00217209120107 -0.0457572282955
648 -0.00478598201043 -0.00217209120107 -0.0457572282955
649 -0.00478598201043 -0.00217209120107 -0.0457572282955
650 -0.00478598201043 -0.00217209120107 -0.0457572282955
651 -0.00208528899042 -0.00217209120107 -0.0457572282955
652 -0.00208528899042 -0.00217209120107 -0.0457572282955
653 -0.00208528899042 -0.00217209120107 -0.0457572282955
654 -0.00208528899042 -0.00217209120107 -0.0457572282955
655 -0.00208528899042 -0.00217209120107 -0.0457572282955
656 -0.00208528899042 -0.00217209120107 -0.0457572282955
657 -0.00208528899042 -0.00217209120107 -0.0457572282955
658 -0.00208528899042 -0.00217209120107 -0.0457572282955
659 -0.00208528899042 -0.00217209120107 -0.0457572282955
660 -0.00208528899042 -0.00217209120107 -0.0457572282955
661 -0.00208528899042 -0.00217209120107 -0.0457572282955
662 -0.00208528899042 -0.00217209120107 -0.0457572282955
663 -0.00208528899042 -0.00217209120107 -0.0457572282955
664 -0.00208528899042 -0.00217209120107 -0.0457572282955
665 -0.00208528899042 -0.00217209120107 -0.0457572282955
666 -0.00208528899042 -0.00217209120107 -0.0457572282955
667 -0.00208528899042 -0.00217209120107 -0.0457572282955
668 -0.00208528899042 -0.00217209120107 -0.0457572282955
669 -0.00208528899042 -0.00217209120107 -0.0457572282955
670 -0.00208528899042 -0.00217209120107 -0.0457572282955
671 -0.00208528899042 -0.00217209120107 -0.0457572282955
672 -0.00208528899042 -0.00217209120107 -0.0457572282955
673 -0.00208528899042 -0.00217209120107 -0.0457572282955
674 -0.00208528899042 -0.00217209120107 -0.0457572282955
675 -0.00208528899042 -0.00217209120107 -0.0457572282955
676 -0.00208528899042 -0.00217209120107 -0.0457572282955
677 -0.00208528899042 -0.00217209120107 -0.0457572282955
678 -0.00208528899042 -0.00217209120107 -0.0457572282955
679 -0.00208528899042 -0.00217209120107 -0.0457572282955
680 -0.00208528899042 -0.00217209120107 -0.0457572282955
681 -0.00208528899042 -0.00217209120107 -0.0457572282955
682 -0.00208528899042 -0.00217209120107 -0.0457572282955
683 -0.00208528899042 -0.00217209120107 -0.0457572282955
684 -0.00208528899042 -0.00217209120107 -0.0457572282955
685 -0.00208528899042 -0.00217209120107 -0.0457572282955
686 -0.00208528899042 -0.00217209120107 -0.0457572282955
687 -0.00208528899042 -0.00217209120107 -0.0457572282955
688 -0.00208528899042 -0.00217209120107 -0.0457572282955
689 -0.00208528899042 -0.00217209120107 -0.0457572282955
690 -0.00208528899042 -0.00217209120107 -0.0457572282955
691 -0.00208528899042 -0.00217209120107 -0.0457572282955
692 -0.00208528899042 -0.00217209120107 -0.0457572282955
693 -0.00208528899042 -0.00217209120107 -0.0457572282955
694 -0.00208528899042 -0.00217209120107 -0.0457572282955
695 -0.00208528899042 -0.00217209120107 -0.0457572282955
696 -0.00208528899042 -0.00217209120107 -0.0457572282955
697 -0.00208528899042 -0.00217209120107 -0.0457572282955
698 -0.00208528899042 -0.00217209120107 -0.0457572282955
699 -0.00208528899042 -0.00217209120107 -0.0457572282955
700 -0.00208528899042 -0.00217209120107 -0.0457572282955
701 -0.00564973916963 0.00585233002727 -0.0182868372118
702 -0.00564973916963 0.00585233002727 -0.0182868372118
703 -0.00564973916963 0.00585233002727 -0.0182868372118
704 -0.00564973916963 0.00585233002727 -0.0182868372118
705 -0.00564973916963 0.00585233002727 -0.0182868372118
706 -0.00564973916963 0.00585233002727 -0.0182868372118
707 -0.00564973916963 0.00585233002727 -0.0182868372118
708 -0.00564973916963 0.00585233002727 -0.0182868372118
709 -0.00564973916963 0.00585233002727 -0.0182868372118
710 -0.00564973916963 0.00585233002727 -0.0182868372118
711 -0.00564973916963 0.00585233002727 -0.0182868372118
712 -0.00564973916963 0.00585233002727 -0.0182868372118
713 -0.00564973916963 0.00585233002727 -0.0182868372118
714 -0.00564973916963 0.00585233002727 -0.0182868372118
715 -0.00564973916963 0.00585233002727 -0.0182868372118
716 -0.00564973916963 0.00585233002727 -0.0182868372118
717 -0.00564973916963 0.00585233002727 -0.0182868372118
718 -0.00564973916963 0.00585233002727 -0.0182868372118
719 -0.00564973916963 0.00585233002727 -0.0182868372118
720 -0.00564973916963 0.00585233002727 -0.0182868372118
721 -0.00564973916963 0.00585233002727 -0.0182868372118
722 -0.00564973916963 0.00585233002727 -0.0182868372118
723 -0.00564973916963 0.00585233002727 -0.0182868372118
724 -0.00564973916963 0.00585233002727 -0.0182868372118
725 -0.00564973916963 0.00585233002727 -0.0182868372118
726 -0.00564973916963 0.00585233002727 -0.0182868372118
727 -0.00564973916963 0.00585233002727 -0.0182868372118
728 -0.00564973916963 0.00585233002727 -0.0182868372118
729 -0.00564973916963 0.00585233002727 -0.0182868372118
730 -0.00564973916963 0.00585233002727 -0.0182868372118
731 -0.00564973916963 0.00585233002727 -0.0182868372118
732 -0.00564973916963 0.00585233002727 -0.0182868372118
733 -0.00564973916963 0.00585233002727 -0.0182868372118
734 -0.00564973916963 0.00585233002727 -0.0182868372118
735 -0.00564973916963 0.00585233002727 -0.0182868372118
736 -0.00564973916963 0.00585233002727 -0.0182868372118
737 -0.00564973916963 0.00585233002727 -0.0182868372118
738 -0.00564973916963 0.00585233002727 -0.0182868372118
739 -0.00564973916963 0.00585233002727 -0.0182868372118
740 -0.00564973916963 0.00585233002727 -0.0182868372118
741 -0.00564973916963 0.00585233002727 -0.0182868372118
742 -0.00564973916963 0.00585233002727 -0.0182868372118
743 -0.00564973916963 0.00585233002727 -0.0182868372118
744 -0.00564973916963 0.00585233002727 -0.0182868372118
745 -0.00564973916963 0.00585233002727 -0.0182868372118
746 -0.00564973916963 0.00585233002727 -0.0182868372118
747 -0.00564973916963 0.00585233002727 -0.0182868372118
748 -0.00564973916963 0.00585233002727 -0.0182868372118
749 -0.00564973916963 0.00585233002727 -0.0182868372118
750 -0.00564973916963 0.00585233002727 -0.0182868372118
751 -0.00386462652142 0.00585233002727 -0.0182868372118
752 -0.00386462652142 0.00585233002727 -0.0182868372118
753 -0.00386462652142 0.00585233002727 -0.0182868372118
754 -0.00386462652142 0.00585233002727 -0.0182868372118
755 -0.00386462652142 0.00585233002727 -0.0182868372118
756 -0.00386462652142 0.00585233002727 -0.0182868372118
757 -0.00386462652142 0.00585233002727 -0.0182868372118
758 -0.00386462652142 0.00585233002727 -0.0182868372118
759 -0.00386462652142 0.00585233002727 -0.0182868372118
760 -0.00386462652142 0.00585233002727 -0.0182868372118
761 -0.00386462652142 0.00585233002727 -0.0182868372118
762 -0.00386462652142 0.00585233002727 -0.0182868372118
763 -0.00386462652142 0.00585233002727 -0.0182868372118
764 -0.00386462652142 0.00585233002727 -0.0182868372118
765 -0.00386462652142 0.00585233002727 -0.0182868372118
766 -0.00386462652142 0.00585233002727 -0.0182868372118
767 -0.00386462652142 0.00585233002727 -0.0182868372118
768 -0.00386462652142 0.00585233002727 -0.0182868372118
769 -0.00386462652142 0.00585233002727 -0.0182868372118
770 -0.00386462652142 0.00585233002727 -0.0182868372118
771 -0.00386462652142 0.00585233002727 -0.0182868372118
772 -0.00386462652142 0.00585233002727 -0.0182868372118
773 -0.00386462652142 0.00585233002727 -0.0182868372118
774 -0.00386462652142 0.00585233002727 -0.0182868372118
775 -0.00386462652142 0.00585233002727 -0.0182868372118
776 -0.00386462652142 0.00585233002727 -0.0182868372118
777 -0.00386462652142 0.00585233002727 -0.0182868372118
778 -0.00386462652142 0.00585233002727 -0.0182868372118
779 -0.00386462652142 0.00585233002727 -0.0182868372118
780 -0.00386462652142 0.00585233002727 -0.0182868372118
781 -0.00386462652142 0.00585233002727 -0.0182868372118
782 -0.00386462652142 0.00585233002727 -0.0182868372118
783 -0.00386462652142 0.00585233002727 -0.0182868372118
784 -0.00386462652142 0.00585233002727 -0.0182868372118
785 -0.00386462652142 0.00585233002727 -0.0182868372118
786 -0.00386462652142 0.00585233002727 -0.0182868372118
787 -0.00386462652142 0.00585233002727 -0.0182868372118
788 -0.00386462652142 0.00585233002727 -0.0182868372118
789 -0.00386462652142 0.00585233002727 -0.0182868372118
790 -0.00386462652142 0.00585233002727 -0.0182868372118
791 -0.00386462652142 0.00585233002727 -0.0182868372118
792 -0.00386462652142 0.00585233002727 -0.0182868372118
793 -0.00386462652142 0.00585233002727 -0.0182868372118
794 -0.00386462652142 0.00585233002727 -0.0182868372118
795 -0.00386462652142 0.00585233002727 -0.0182868372118
796 -0.00386462652142 0.00585233002727 -0.0182868372118
797 -0.00386462652142 0.00585233002727 -0.0182868372118
798 -0.00386462652142 0.00585233002727 -0.0182868372118
799 -0.00386462652142 0.00585233002727 -0.0182868372118
800 -0.00386462652142 0.00585233002727 -0.0182868372118
801 0.00187173182194 0.0257293773603 -0.00480204735059
802 0.00187173182194 0.0257293773603 -0.00480204735059
803 0.00187173182194 0.0257293773603 -0.00480204735059
804 0.00187173182194 0.0257293773603 -0.00480204735059
805 0.00187173182194 0.0257293773603 -0.00480204735059
806 0.00187173182194 0.0257293773603 -0.00480204735059
807 0.00187173182194 0.0257293773603 -0.00480204735059
808 0.00187173182194 0.0257293773603 -0.00480204735059
809 0.00187173182194 0.0257293773603 -0.00480204735059
810 0.00187173182194 0.0257293773603 -0.00480204735059
811 0.00187173182194 0.0257293773603 -0.00480204735059
812 0.00187173182194 0.0257293773603 -0.00480204735059
813 0.00187173182194 0.0257293773603 -0.00480204735059
814 0.00187173182194 0.0257293773603 -0.00480204735059
815 0.00187173182194 0.0257293773603 -0.00480204735059
816 0.00187173182194 0.0257293773603 -0.00480204735059
817 0.00187173182194 0.0257293773603 -0.00480204735059
818 0.00187173182194 0.0257293773603 -0.00480204735059
819 0.00187173182194 0.0257293773603 -0.00480204735059
820 0.00187173182194 0.0257293773603 -0.00480204735059
821 0.00187173182194 0.0257293773603 -0.00480204735059
822 0.00187173182194 0.0257293773603 -0.00480204735059
823 0.00187173182194 0.0257293773603 -0.00480204735059
824 0.00187173182194 0.0257293773603 -0.00480204735059
825 0.00187173182194 0.0257293773603 -0.00480204735059
826 0.00187173182194 0.0257293773603 -0.00480204735059
827 0.00187173182194 0.0257293773603 -0.00480204735059
828 0.00187173182194 0.0257293773603 -0.00480204735059
829 0.00187173182194 0.0257293773603 -0.00480204735059
830 0.00187173182194 0.0257293773603 -0.00480204735059
831 0.00187173182194 0.0257293773603 -0.00480204735059
832 0.00187173182194 0.0257293773603 -0.00480204735059
833 0.00187173182194 0.0257293773603 -0.00480204735059
834 0.00187173182194 0.0257293773603 -0.00480204735059
835 0.00187173182194 0.0257293773603 -0.00480204735059
836 0.00187173182194 0.0257293773603 -0.00480204735059
837 0.00187173182194 0.0257293773603 -0.00480204735059
838 0.00187173182194 0.0257293773603 -0.00480204735059
839 0.00187173182194 0.0257293773603 -0.00480204735059
840 0.00187173182194 0.0257293773603 -0.00480204735059
841 0.00187173182194 0.0257293773603 -0.00480204735059
842 0.00187173182194 0.0257293773603 -0.00480204735059
843 0.00187173182194 0.0257293773603 -0.00480204735059
844 0.00187173182194 0.0257293773603 -0.00480204735059
845 0.00187173182194 0.0257293773603 -0.00480204735059
846 0.00187173182194 0.0257293773603 -0.00480204735059
847 0.00187173182194 0.0257293773603 -0.00480204735059
848 0.00187173182194 0.0257293773603 -0.00480204735059
849 0.00187173182194 0.0257293773603 -0.00480204735059
850 0.00187173182194 0.0257293773603 -0.00480204735059
851 -0.00459193355985 0.0257293773603 -0.00480204735059
852 -0.00459193355985 0.0257293773603 -0.00480204735059
853 -0.00459193355985 0.0257293773603 -0.00480204735059
854 -0.00459193355985 0.0257293773603 -0.00480204735059
855 -0.00459193355985 0.0257293773603 -0.00480204735059
856 -0.00459193355985 0.0257293773603 -0.00480204735059
857 -0.00459193355985 0.0257293773603 -0.00480204735059
858 -0.00459193355985 0.0257293773603 -0.00480204735059
859 -0.00459193355985 0.0257293773603 -0.00480204735059
860 -0.00459193355985 0.0257293773603 -0.00480204735059
861 -0.00459193355985 0.0257293773603 -0.00480204735059
862 -0.00459193355985 0.0257293773603 -0.00480204735059
863 -0.00459193355985 0.0257293773603 -0.00480204735059
864 -0.00459193355985 0.0257293773603 -0.00480204735059
865 -0.00459193355985 0.0257293773603 -0.00480204735059
866 -0.00459193355985 0.0257293773603 -0.00480204735059
867 -0.00459193355985 0.0257293773603 -0.00480204735059
868 -0.00459193355985 0.0257293773603 -0.00480204735059
869 -0.00459193355985 0.0257293773603 -0.00480204735059
870 -0.00459193355985 0.0257293773603 -0.00480204735059
871 -0.00459193355985 0.0257293773603 -0.00480204735059
872 -0.00459193355985 0.0257293773603 -0.00480204735059
873 -0.00459193355985 0.0257293773603 -0.00480204735059
874 -0.00459193355985 0.0257293773603 -0.00480204735059
875 -0.00459193355985 0.0257293773603 -0.00480204735059
876 -0.00459193355985 0.0257293773603 -0.00480204735059
877 -0.00459193355985 0.0257293773603 -0.00480204735059
878 -0.00459193355985 0.0257293773603 -0.00480204735059
879 -0.00459193355985 0.0257293773603 -0.00480204735059
880 -0.00459193355985 0.0257293773603 -0.00480204735059
881 -0.00459193355985 0.0257293773603 -0.00480204735059
882 -0.00459193355985 0.0257293773603 -0.00480204735059
883 -0.00459193355985 0.0257293773603 -0.00480204735059
884 -0.00459193355985 0.0257293773603 -0.00480204735059
885 -0.00459193355985 0.0257293773603 -0.00480204735059
886 -0.00459193355985 0.0257293773603 -0.00480204735059
887 -0.00459193355985 0.0257293773603 -0.00480204735059
888 -0.00459193355985 0.0257293773603 -0.00480204735059
889 -0.00459193355985 0.0257293773603 -0.00480204735059
890 -0.00459193355985 0.0257293773603 -0.00480204735059
891 -0.00459193355985 0.0257293773603 -0.00480204735059
892 -0.00459193355985 0.0257293773603 -0.00480204735059
893 -0.00459193355985 0.0257293773603 -0.00480204735059
894 -0.00459193355985 0.0257293773603 -0.00480204735059
895 -0.00459193355985 0.0257293773603 -0.00480204735059
896 -0.00459193355985 0.0257293773603 -0.00480204735059
897 -0.00459193355985 0.0257293773603 -0.00480204735059
898 -0.00459193355985 0.0257293773603 -0.00480204735059
899 -0.00459193355985 0.0257293773603 -0.00480204735059
900 -0.00459193355985 0.0257293773603 -0.00480204735059
901 0.0110446168529 -0.00354165992645 -0.0151775592723
902 0.0110446168529 -0.00354165992645 -0.0151775592723
903 0.0110446168529 -0.00354165992645 -0.0151775592723
904 0.0110446168529 -0.00354165992645 -0.0151775592723
905 0.0110446168529 -0.00354165992645 -0.0151775592723
906 0.0110446168529 -0.00354165992645 -0.0151775592723
907 0.0110446168529 -0.00354165992645 -0.0151775592723
908 0.0110446168529 -0.00354165992645 -0.0151775592723
909 0.0110446168529 -0.00354165992645 -0.0151775592723
910 0.0110446168529 -0.00354165992645 -0.0151775592723
911 0.0110446168529 -0.00354165992645 -0.0151775592723
912 0.0110446168529 -0.00354165992645 -0.0151775592723
913 0.0110446168529 -0.00354165992645 -0.0151775592723
914 0.0110446168529 -0.00354165992645 -0.0151775592723
915 0.0110446168529 -0.00354165992645 -0.0151775592723
916 0.0110446168529 -0.00354165992645 -0.0151775592723
917 0.0110446168529 -0.00354165992645 -0.0151775592723
918 0.0110446168529 -0.00354165992645 -0.0151775592723
919 0.0110446168529 -0.00354165992645 -0.0151775592723
920 0.0110446168529 -0.00354165992645 -0.0151775592723
921 0.0110446168529 -0.00354165992645 -0.0151775592723
922 0.0110446168529 -0.00354165992645 -0.0151775592723
923 0.0110446168529 -0.00354165992645 -0.0151775592723
924 0.0110446168529 -0.00354165992645 -0.0151775592723
925 0.0110446168529 -0.00354165992645 -0.0151775592723
926 0.0110446168529 -0.00354165992645 -0.0151775592723
927 0.0110446168529 -0.00354165992645 -0.0151775592723
928 0.0110446168529 -0.00354165992645 -0.0151775592723
929 0.0110446168529 -0.00354165992645 -0.0151775592723
930 0.0110446168529 -0.00354165992645 -0.0151775592723
931 0.0110446168529 -0.00354165992645 -0.0151775592723
932 0.0110446168529 -0.00354165992645 -0.0151775592723
933 0.0110446168529 -0.00354165992645 -0.0151775592723
934 0.0110446168529 -0.00354165992645 -0.0151775592723
935 0.0110446168529 -0.00354165992645 -0.0151775592723
936 0.0110446168529 -0.00354165992645 -0.0151775592723
937 0.0110446168529 -0.00354165992645 -0.0151775592723
938 0.0110446168529 -0.00354165992645 -0.0151775592723
939 0.0110446168529 -0.00354165992645 -0.0151775592723
940 0.0110446168529 -0.00354165992645 -0.0151775592723
941 0.0110446168529 -0.00354165992645 -0.0151775592723
942 0.0110446168529 -0.00354165992645 -0.0151775592723
943 0.0110446168529 -0.00354165992645 -0.0151775592723
944 0.0110446168529 -0.00354165992645 -0.0151775592723
945 0.0110446168529 -0.00354165992645 -0.0151775592723
946 0.0110446168529 -0.00354165992645 -0.0151775592723
947 0.0110446168529 -0.00354165992645 -0.0151775592723
948 0.0110446168529 -0.00354165992645 -0.0151775592723
949 0.0110446168529 -0.00354165992645 -0.0151775592723
950 0.0110446168529 -0.00354165992645 -0.0151775592723
951 0.0110446168529 -0.00354165992645 -0.0151775592723
952 0.0110446168529 -0.00354165992645 -0.0151775592723
953 0.0110446168529 -0.00354165992645 -0.0151775592723
954 0.0110446168529 -0.00354165992645 -0.0151775592723
955 0.0110446168529 -0.00354165992645 -0.0151775592723
956 0.0110446168529 -0.00354165992645 -0.0151775592723
957 0.0110446168529 -0.00354165992645 -0.0151775592723
958 0.0110446168529 -0.00354165992645 -0.0151775592723
959 0.0110446168529 -0.00354165992645 -0.0151775592723
960 0.0110446168529 -0.00354165992645 -0.0151775592723
961 0.0110446168529 -0.00354165992645 -0.0151775592723
962 0.0110446168529 -0.00354165992645 -0.0151775592723
963 0.0110446168529 -0.00354165992645 -0.0151775592723
964 0.0110446168529 -0.00354165992645 -0.0151775592723
965 0.0110446168529 -0.00354165992645 -0.0151775592723
966 0.0110446168529 -0.00354165992645 -0.0151775592723
967 0.0110446168529 -0.00354165992645 -0.0151775592723
968 0.0110446168529 -0.00354165992645 -0.0151775592723
969 0.0110446168529 -0.00354165992645 -0.0151775592723
970 0.0110446168529 -0.00354165992645 -0.0151775592723
971 -0.00776349313906 -0.00354165992645 -0.0151775592723
972 -0.00776349313906 -0.00354165992645 -0.0151775592723
973 -0.00776349313906 -0.00354165992645 -0.0151775592723
974 -0.00776349313906 -0.00354165992645 -0.0151775592723
975 -0.00776349313906 -0.00354165992645 -0.0151775592723
976 -0.00776349313906 -0.00354165992645 -0.0151775592723
977 -0.00776349313906 -0.00354165992645 -0.0151775592723
978 -0.00776349313906 -0.00354165992645 -0.0151775592723
979 -0.00776349313906 -0.00354165992645 -0.0151775592723
980 -0.00776349313906 -0.00354165992645 -0.0151775592723
981 -0.00776349313906 -0.00354165992645 -0.0151775592723
982 -0.00776349313906 -0.00354165992645 -0.0151775592723
983 -0.00776349313906 -0.00354165992645 -0.0151775592723
984 -0.00776349313906 -0.00354165992645 -0.0151775592723
985 -0.00776349313906 -0.00354165992645 -0.0151775592723
986 -0.00776349313906 -0.00354165992645 -0.0151775592723
987 -0.00776349313906 -0.00354165992645 -0.0151775592723
988 -0.00776349313906 -0.00354165992645 -0.0151775592723
989 -0.00776349313906 -0.00354165992645 -0.0151775592723
990 -0.00776349313906 -0.00354165992645 -0.0151775592723
991 -0.00776349313906 -0.00354165992645 -0.0151775592723
992 -0.00776349313906 -0.00354165992645 -0.0151775592723
993 -0.00776349313906 -0.00354165992645 -0.0151775592723
994 -0.00776349313906 -0.00354165992645 -0.0151775592723
995 -0.00776349313906 -0.00354165992645 -0.0151775592723
996 -0.00776349313906 -0.00354165992645 -0.0151775592723
997 -0.00776349313906 -0.00354165992645 -0.0151775592723
998 -0.00776349313906 -0.00354165992645 -0.0151775592723
999 -0.00776349313906 -0.00354165992645 -0.0151775592723
1000 -0.00776349313906 -0.00354165992645 -0.0151775592723
1001 -0.00776349313906 0.0 0.0
1002 -0.00776349313906 0.0 0.0
1003 -0.00776349313906 0.0 0.0
1004 -0.00776349313906 0.0 0.0
1005 -0.00776349313906 0.0 0.0
1006 -0.00776349313906 0.0 0.0
1007 -0.00776349313906 0.0 0.0
1008 -0.00776349313906 0.0 0.0
1009 -0.00776349313906 0.0 0.0
1010 -0.00776349313906 0.0 0.0
1011 -0.00776349313906 0.0 0.0
1012 -0.00776349313906 0.0 0.0
1013 -0.00776349313906 0.0 0.0
1014 -0.00776349313906 0.0 0.0
1015 -0.00776349313906 0.0 0.0
1016 -0.00776349313906 0.0 0.0
1017 -0.00776349313906 0.0 0.0
1018 -0.00776349313906 0.0 0.0
1019 -0.00776349313906 0.0 0.0
1020 -0.00776349313906 0.0 0.0
1021 -0.00776349313906 0.0 0.0
1022 -0.00776349313906 0.0 0.0
1023 -0.00776349313906 0.0 0.0
1024 -0.00776349313906 0.0 0.0
1025 -0.00776349313906 0.0 0.0
1026 -0.00776349313906 0.0 0.0
1027 -0.00776349313906 0.0 0.0
1028 -0.00776349313906 0.0 0.0
1029 -0.00776349313906 0.0 0.0
1030 -0.00776349313906 0.0 0.0
1031 0.00831049022396 0.0 0.0
1032 0.00831049022396 0.0 0.0
1033 0.00831049022396 0.0 0.0
1034 0.00831049022396 0.0 0.0
1035 0.00831049022396 0.0 0.0
1036 0.00831049022396 0.0 0.0
1037 0.00831049022396 0.0 0.0
1038 0.00831049022396 0.0 0.0
1039 0.00831049022396 0.0 0.0
1040 0.00831049022396 0.0 0.0
1041 0.00831049022396 0.0 0.0
1042 0.00831049022396 0.0 0.0
1043 0.00831049022396 0.0 0.0
1044 0.00831049022396 0.0 0.0
1045 0.00831049022396 0.0 0.0
1046 0.00831049022396 0.0 0.0
1047 0.00831049022396 0.0 0.0
1048 0.00831049022396 0.0 0.0
1049 0.00831049022396 0.0 0.0
1050 0.00831049022396 0.0 0.0
1051 0.00831049022396 0.0 0.0
1052 0.00831049022396 0.0 0.0
1053 0.00831049022396 0.0 0.0
1054 0.00831049022396 0.0 0.0
1055 0.00831049022396 0.0 0.0
1056 0.00831049022396 0.0 0.0
1057 0.00831049022396 0.0 0.0
1058 0.00831049022396 0.0 0.0
1059 0.00831049022396 0.0 0.0
1060 0.00831049022396 0.0 0.0
1061 0.00831049022396 0.0 0.0
1062 0.00831049022396 0.0 0.0
1063 0.00831049022396 0.0 0.0
1064 0.00831049022396 0.0 0.0
1065 0.00831049022396 0.0 0.0
1066 0.00831049022396 0.0 0.0
1067 0.00831049022396 0.0 0.0
1068 0.00831049022396 0.0 0.0
1069 0.00831049022396 0.0 0.0
1070 0.00831049022396 0.0 0.0
1071 0.00831049022396 0.0 0.0
1072 0.00831049022396 0.0 0.0
1073 0.00831049022396 0.0 0.0
1074 0.00831049022396 0.0 0.0
1075 0.00831049022396 0.0 0.0
1076 0.00831049022396 0.0 0.0
1077 0.00831049022396 0.0 0.0
1078 0.00831049022396 0.0 0.0
1079 0.00831049022396 0.0 0.0
1080 0.00831049022396 0.0 0.0
1081 0.00831049022396 0.0 0.0
1082 0.00831049022396 0.0 0.0
1083 0.00831049022396 0.0 0.0
1084 0.00831049022396 0.0 0.0
1085 0.00831049022396 0.0 0.0
1086 0.00831049022396 0.0 0.0
1087 0.00831049022396 0.0 0.0
1088 0.00831049022396 0.0 0.0
1089 0.00831049022396 0.0 0.0
1090 0.00831049022396 0.0 0.0
1091 0.00636146845161 0.0 0.0
1092 0.00636146845161 0.0 0.0
1093 0.00636146845161 0.0 0.0
1094 0.00636146845161 0.0 0.0
1095 0.00636146845161 0.0 0.0
1096 0.00636146845161 0.0 0.0
1097 0.00636146845161 0.0 0.0
1098 0.00636146845161 0.0 0.0
1099 0.00636146845161 0.0 0.0
1100 0.00636146845161 0.0 0.0
1101 0.00636146845161 0.0 0.0
1102 0.00636146845161 0.0 0.0
1103 0.00636146845161 0.0 0.0
1104 0.00636146845161 0.0 0.0
1105 0.00636146845161 0.0 0.0
1106 0.00636146845161 0.0 0.0
1107 0.00636146845161 0.0 0.0
1108 0.00636146845161 0.0 0.0
1109 0.00636146845161 0.0 0.0
1110 0.00636146845161 0.0 0.0
1111 0.00636146845161 0.0 0.0
1112 0.00636146845161 0.0 0.0
1113 0.00636146845161 0.0 0.0
1114 0.00636146845161 0.0 0.0
1115 0.00636146845161 0.0 0.0
1116 0.00636146845161 0.0 0.0
1117 0.00636146845161 0.0 0.0
1118 0.00636146845161 0.0 0.0
1119 0.00636146845161 0.0 0.0
1120 0.00636146845161 0.0 0.0
1121 0.00636146845161 0.0 0.0
1122 0.00636146845161 0.0 0.0
1123 0.00636146845161 0.0 0.0
1124 0.00636146845161 0.0 0.0
1125 0.00636146845161 0.0 0.0
1126 0.00636146845161 0.0 0.0
1127 0.00636146845161 0.0 0.0
1128 0.00636146845161 0.0 0.0
1129 0.00636146845161 0.0 0.0
1130 0.00636146845161 0.0 0.0
1131 0.00636146845161 0.0 0.0
1132 0.00636146845161 0.0 0.0
1133 0.00636146845161 0.0 0.0
1134 0.00636146845161 0.0 0.0
1135 0.00636146845161 0.0 0.0
1136 0.00636146845161 0.0 0.0
1137 0.00636146845161 0.0 0.0
1138 0.00636146845161 0.0 0.0
1139 0.00636146845161 0.0 0.0
1140 0.00636146845161 0.0 0.0
1141 0.00636146845161 0.0 0.0
1142 0.00636146845161 0.0 0.0
1143 0.00636146845161 0.0 0.0
1144 0.00636146845161 0.0 0.0
1145 0.00636146845161 0.0 0.0
1146 0.00636146845161 0.0 0.0
1147 0.00636146845161 0.0 0.0
1148 0.00636146845161 0.0 0.0
1149 0.00636146845161 0.0 0.0
1150 0.00636146845161 0.0 0.0
1151 0.00021664953727 0.0 0.0
1152 0.00021664953727 0.0 0.0
1153 0.00021664953727 0.0 0.0
1154 0.00021664953727 0.0 0.0
1155 0.00021664953727 0.0 0.0
1156 0.00021664953727 0.0 0.0
1157 0.00021664953727 0.0 0.0
1158 0.00021664953727 0.0 0.0
1159 0.00021664953727 0.0 0.0
1160 0.00021664953727 0.0 0.0
1161 0.00021664953727 0.0 0.0
1162 0.00021664953727 0.0 0.0
1163 0.00021664953727 0.0 0.0
1164 0.00021664953727 0.0 0.0
1165 0.00021664953727 0.0 0.0
1166 0.00021664953727 0.0 0.0
1167 0.00021664953727 0.0 0.0
1168 0.00021664953727 0.0 0.0
1169 0.00021664953727 0.0 0.0
1170 0.00021664953727 0.0 0.0
1171 0.00021664953727 0.0 0.0
1172 0.00021664953727 0.0 0.0
1173 0.00021664953727 0.0 0.0
1174 0.00021664953727 0.0 0.0
1175 0.00021664953727 0.0 0.0
1176 0.00021664953727 0.0 0.0
1177 0.00021664953727 0.0 0.0
1178 0.00021664953727 0.0 0.0
1179 0.00021664953727 0.0 0.0
1180 0.00021664953727 0.0 0.0
1181 0.00021664953727 0.0 0.0
1182 0.00021664953727 0.0 0.0
1183 0.00021664953727 0.0 0.0
1184 0.00021664953727 0.0 0.0
1185 0.00021664953727 0.0 0.0
1186 0.00021664953727 0.0 0.0
1187 0.00021664953727 0.0 0.0
1188 0.00021664953727 0.0 0.0
1189 0.00021664953727 0.0 0.0
1190 0.00021664953727 0.0 0.0
1191 0.00021664953727 0.0 0.0
1192 0.00021664953727 0.0 0.0
1193 0.00021664953727 0.0 0.0
1194 0.00021664953727 0.0 0.0
1195 0.00021664953727 0.0 0.0
1196 0.00021664953727 0.0 0.0
1197 0.00021664953727 0.0 0.0
1198 0.00021664953727 0.0 0.0
1199 0.00021664953727 0.0 0.0
1200 0.00021664953727 0.0 0.0
1201 0.00021664953727 0.0 0.0
1202 0.00021664953727 0.0 0.0
1203 0.00021664953727 0.0 0.0
1204 0.00021664953727 0.0 0.0
1205 0.00021664953727 0.0 0.0
1206 0.00021664953727 0.0 0.0
1207 0.00021664953727 0.0 0.0
1208 0.00021664953727 0.0 0.0
1209 0.00021664953727 0.0 0.0
1210 0.00021664953727 0.0 0.0
1211 0.00647188671659 0.0 0.0
1212 0.00647188671659 0.0 0.0
1213 0.00647188671659 0.0 0.0
1214 0.00647188671659 0.0 0.0
1215 0.00647188671659 0.0 0.0
1216 0.00647188671659 0.0 0.0
1217 0.00647188671659 0.0 0.0
1218 0.00647188671659 0.0 0.0
1219 0.00647188671659 0.0 0.0
1220 0.00647188671659 0.0 0.0
1221 0.00647188671659 0.0 0.0
1222 0.00647188671659 0.0 0.0
1223 0.00647188671659 0.0 0.0
1224 0.00647188671659 0.0 0.0
1225 0.00647188671659 0.0 0.0
1226 0.00647188671659 0.0 0.0
1227 0.00647188671659 0.0 0.0
1228 0.00647188671659 0.0 0.0
1229 0.00647188671659 0.0 0.0
1230 0.00647188671659 0.0 0.0
1231 0.00647188671659 0.0 0.0
1232 0.00647188671659 0.0 0.0
1233 0.00647188671659 0.0 0.0
1234 0.00647188671659 0.0 0.0
1235 0.00647188671659 0.0 0.0
1236 0.00647188671659 0.0 0.0
1237 0.00647188671659 0.0 0.0
1238 0.00647188671659 0.0 0.0
1239 0.00647188671659 0.0 0.0
1240 0.00647188671659 0.0 0.0
1241 0.00647188671659 0.0 0.0
1242 0.00647188671659 0.0 0.0
1243 0.00647188671659 0.0 0.0
1244 0.00647188671659 0.0 0.0
1245 0.00647188671659 0.0 0.0
1246 0.00647188671659 0.0 0.0
1247 0.00647188671659 0.0 0.0
1248 0.00647188671659 0.0 0.0
1249 0.00647188671659 0.0 0.0
1250 0.00647188671659 0.0 0.0
1251 0.00647188671659 0.0 0.0
1252 0.00647188671659 0.0 0.0
1253 0.00647188671659 0.0 0.0
1254 0.00647188671659 0.0 0.0
1255 0.00647188671659 0.0 0.0
1256 0.00647188671659 0.0 0.0
1257 0.00647188671659 0.0 0.0
1258 0.00647188671659 0.0 0.0
1259 0.00647188671659 0.0 0.0
1260 0.00647188671659 0.0 0.0
1261 0.00647188671659 0.0 0.0
1262 0.00647188671659 0.0 0.0
1263 0.00647188671659 0.0 0.0
1264 0.00647188671659 0.0 0.0
1265 0.00647188671659 0.0 0.0
1266 0.00647188671659 0.0 0.0
1267 0.00647188671659 0.0 0.0
1268 0.00647188671659 0.0 0.0
1269 0.00647188671659 0.0 0.0
1270 0.00647188671659 0.0 0.0
1271 -0.00491626833755 0.0 0.0
1272 -0.00491626833755 0.0 0.0
1273 -0.00491626833755 0.0 0.0
1274 -0.00491626833755 0.0 0.0
1275 -0.00491626833755 0.0 0.0
1276 -0.00491626833755 0.0 0.0
1277 -0.00491626833755 0.0 0.0
1278 -0.00491626833755 0.0 0.0
1279 -0.00491626833755 0.0 0.0
1280 -0.00491626833755 0.0 0.0
1281 -0.00491626833755 0.0 0.0
1282 -0.00491626833755 0.0 0.0
1283 -0.00491626833755 0.0 0.0
1284 -0.00491626833755 0.0 0.0
1285 -0.00491626833755 0.0 0.0
1286 -0.00491626833755 0.0 0.0
1287 -0.00491626833755 0.0 0.0
1288 -0.00491626833755 0.0 0.0
1289 -0.00491626833755 0.0 0.0
1290 -0.00491626833755 0.0 0.0
1291 -0.00491626833755 0.0 0.0
1292 -0.00491626833755 0.0 0.0
1293 -0.00491626833755 0.0 0.0
1294 -0.00491626833755 0.0 0.0
1295 -0.00491626833755 0.0 0.0
1296 -0.00491626833755 0.0 0.0
1297 -0.00491626833755 0.0 0.0
1298 -0.00491626833755 0.0 0.0
1299 -0.00491626833755 0.0 0.0
1300 -0.00491626833755 0.0 0.0
1301 -0.00491626833755 0.0 0.0
1302 -0.00491626833755 0.0 0.0
1303 -0.00491626833755 0.0 0.0
1304 -0.00491626833755 0.0 0.0
1305 -0.00491626833755 0.0 0.0
1306 -0.00491626833755 0.0 0.0
1307 -0.00491626833755 0.0 0.0
1308 -0.00491626833755 0.0 0.0
1309 -0.00491626833755 0.0 0.0
1310 -0.00491626833755 0.0 0.0
1311 -0.00491626833755 0.0 0.0
1312 -0.00491626833755 0.0 0.0
1313 -0.00491626833755 0.0 0.0
1314 -0.00491626833755 0.0 0.0
1315 -0.00491626833755 0.0 0.0
1316 -0.00491626833755 0.0 0.0
1317 -0.00491626833755 0.0 0.0
1318 -0.00491626833755 0.0 0.0
1319 -0.00491626833755 0.0 0.0
1320 -0.00491626833755 0.0 0.0
1321 -0.00491626833755 0.0 0.0
1322 -0.00491626833755 0.0 0.0
1323 -0.00491626833755 0.0 0.0
1324 -0.00491626833755 0.0 0.0
1325 -0.00491626833755 0.0 0.0
1326 -0.00491626833755 0.0 0.0
1327 -0.00491626833755 0.0 0.0
1328 -0.00491626833755 0.0 0.0
1329 -0.00491626833755 0.0 0.0
1330 -0.00491626833755 0.0 0.0
1331 0.00771494083223 0.0 0.0
1332 0.00771494083223 0.0 0.0
1333 0.00771494083223 0.0 0.0
1334 0.00771494083223 0.0 0.0
1335 0.00771494083223 0.0 0.0
1336 0.00771494083223 0.0 0.0
1337 0.00771494083223 0.0 0.0
1338 0.00771494083223 0.0 0.0
1339 0.00771494083223 0.0 0.0
1340 0.00771494083223 0.0 0.0
1341 0.00771494083223 0.0 0.0
1342 0.00771494083223 0.0 0.0
1343 0.00771494083223 0.0 0.0
1344 0.00771494083223 0.0 0.0
1345 0.00771494083223 0.0 0.0
1346 0.00771494083223 0.0 0.0
1347 0.00771494083223 0.0 0.0
1348 0.00771494083223 0.0 0.0
1349 0.00771494083223 0.0 0.0
1350 0.00771494083223 0.0 0.0
1351 0.00771494083223 0.0 0.0
1352 0.00771494083223 0.0 0.0
1353 0.00771494083223 0.0 0.0
1354 0.00771494083223 0.0 0.0
1355 0.00771494083223 0.0 0.0
1356 0.00771494083223 0.0 0.0
1357 0.00771494083223 0.0 0.0
1358 0.00771494083223 0.0 0.0
1359 0.00771494083223 0.0 0.0
1360 0.00771494083223 0.0 0.0
1361 0.00771494083223 0.0 0.0
1362 0.00771494083223 0.0 0.0
1363 0.00771494083223 0.0 0.0
1364 0.00771494083223 0.0 0.0
1365 0.00771494083223 0.0 0.0
1366 0.00771494083223 0.0 0.0
1367 0.00771494083223 0.0 0.0
1368 0.00771494083223 0.0 0.0
1369 0.00771494083223 0.0 0.0
1370 0.00771494083223 0.0 0.0
1371 0.00771494083223 0.0 0.0
1372 0.00771494083223 0.0 0.0
1373 0.00771494083223 0.0 0.0
1374 0.00771494083223 0.0 0.0
1375 0.00771494083223 0.0 0.0
1376 0.00771494083223 0.0 0.0
1377 0.00771494083223 0.0 0.0
1378 0.00771494083223 0.0 0.0
1379 0.00771494083223 0.0 0.0
1380 0.00771494083223 0.0 0.0
1381 0.00771494083223 0.0 0.0
1382 0.00771494083223 0.0 0.0
1383 0.00771494083223 0.0 0.0
1384 0.00771494083223 0.0 0.0
1385 0.00771494083223 0.0 0.0
1386 0.00771494083223 0.0 0.0
1387 0.00771494083223 0.0 0.0
1388 0.00771494083223 0.0 0.0
1389 0.00771494083223 0.0 0.0
1390 0.00771494083223 0.0 0.0
1391 -0.00554796342982 0.0 0.0
1392 -0.00554796342982 0.0 0.0
1393 -0.00554796342982 0.0 0.0
1394 -0.00554796342982 0.0 0.0
1395 -0.00554796342982 0.0 0.0
1396 -0.00554796342982 0.0 0.0
1397 -0.00554796342982 0.0 0.0
1398 -0.00554796342982 0.0 0.0
1399 -0.00554796342982 0.0 0.0
1400 -0.00554796342982 0.0 0.0
1401 -0.00554796342982 0.0 0.0
1402 -0.00554796342982 0.0 0.0
1403 -0.00554796342982 0.0 0.0
1404 -0.00554796342982 0.0 0.0
1405 -0.00554796342982 0.0 0.0
1406 -0.00554796342982 0.0 0.0
1407 -0.00554796342982 0.0 0.0
1408 -0.00554796342982 0.0 0.0
1409 -0.00554796342982 0.0 0.0
1410 -0.00554796342982 0.0 0.0
1411 -0.00554796342982 0.0 0.0
1412 -0.00554796342982 0.0 0.0
1413 -0.00554796342982 0.0 0.0
1414 -0.00554796342982 0.0 0.0
1415 -0.00554796342982 0.0 0.0
1416 -0.00554796342982 0.0 0.0
1417 -0.00554796342982 0.0 0.0
1418 -0.00554796342982 0.0 0.0
1419 -0.00554796342982 0.0 0.0
1420 -0.00554796342982 0.0 0.0
1421 -0.00554796342982 0.0 0.0
1422 -0.00554796342982 0.0 0.0
1423 -0.00554796342982 0.0 0.0
1424 -0.00554796342982 0.0 0.0
1425 -0.00554796342982 0.0 0.0
1426 -0.00554796342982 0.0 0.0
1427 -0.00554796342982 0.0 0.0
1428 -0.00554796342982 0.0 0.0
1429 -0.00554796342982 0.0 0.0
1430 -0.00554796342982 0.0 0.0
1431 -0.00554796342982 0.0 0.0
1432 -0.00554796342982 0.0 0.0
1433 -0.00554796342982 0.0 0.0
1434 -0.00554796342982 0.0 0.0
1435 -0.00554796342982 0.0 0.0
1436 -0.00554796342982 0.0 0.0
1437 -0.00554796342982 0.0 0.0
1438 -0.00554796342982 0.0 0.0
1439 -0.00554796342982 0.0 0.0
1440 -0.00554796342982 0.0 0.0
1441 -0.00554796342982 0.0 0.0
1442 -0.00554796342982 0.0 0.0
1443 -0.00554796342982 0.0 0.0
1444 -0.00554796342982 0.0 0.0
1445 -0.00554796342982 0.0 0.0
1446 -0.00554796342982 0.0 0.0
1447 -0.00554796342982 0.0 0.0
1448 -0.00554796342982 0.0 0.0
1449 -0.00554796342982 0.0 0.0
1450 -0.00554796342982 0.0 0.0
1451 0.00381423194776 0.0 0.0
1452 0.00381423194776 0.0 0.0
1453 0.00381423194776 0.0 0.0
1454 0.00381423194776 0.0 0.0
1455 0.00381423194776 0.0 0.0
1456 0.00381423194776 0.0 0.0
1457 0.00381423194776 0.0 0.0
1458 0.00381423194776 0.0 0.0
1459 0.00381423194776 0.0 0.0
1460 0.00381423194776 0.0 0.0
1461 0.00381423194776 0.0 0.0
1462 0.00381423194776 0.0 0.0
1463 0.00381423194776 0.0 0.0
1464 0.00381423194776 0.0 0.0
1465 0.00381423194776 0.0 0.0
1466 0.00381423194776 0.0 0.0
1467 0.00381423194776 0.0 0.0
1468 0.00381423194776 0.0 0.0
1469 0.00381423194776 0.0 0.0
1470 0.00381423194776 0.0 0.0
1471 0.00381423194776 0.0 0.0
1472 0.00381423194776 0.0 0.0
1473 0.00381423194776 0.0 0.0
1474 0.00381423194776 0.0 0.0
1475 0.00381423194776 0.0 0.0
1476 0.00381423194776 0.0 0.0
1477 0.00381423194776 0.0 0.0
1478 0.00381423194776 0.0 0.0
1479 0.00381423194776 0.0 0.0
1480 0.00381423194776 0.0 0.0
1481 0.00381423194776 0.0 0.0
1482 0.00381423194776 0.0 0.0
1483 0.00381423194776 0.0 0.0
1484 0.00381423194776 0.0 0.0
1485 0.00381423194776 0.0 0.0
1486 0.00381423194776 0.0 0.0
1487 0.00381423194776 0.0 0.0
1488 0.00381423194776 0.0 0.0
1489 0.00381423194776 0.0 0.0
1490 0.00381423194776 0.0 0.0
1491 0.00381423194776 0.0 0.0
1492 0.00381423194776 0.0 0.0
1493 0.00381423194776 0.0 0.0
1494 0.00381423194776 0.0 0.0
1495 0.00381423194776 0.0 0.0
1496 0.00381423194776 0.0 0.0
1497 0.00381423194776 0.0 0.0
1498 0.00381423194776 0.0 0.0
1499 0.00381423194776 0.0 0.0
1500 0.00381423194776 0.0 0.0
1501 0.00381423194776 0.0 0.0
1502 0.00381423194776 0.0 0.0
1503 0.00381423194776 0.0 0.0
1504 0.00381423194776 0.0 0.0
1505 0.00381423194776 0.0 0.0
1506 0.00381423194776 0.0 0.0
1507 0.00381423194776 0.0 0.0
1508 0.00381423194776 0.0 0.0
1509 0.00381423194776 0.0 0.0
1510 0.00381423194776 0.0 0.0
1511 -0.00412606741873 0.0 0.0
1512 -0.00412606741873 0.0 0.0
1513 -0.00412606741873 0.0 0.0
1514 -0.00412606741873 0.0 0.0
1515 -0.00412606741873 0.0 0.0
1516 -0.00412606741873 0.0 0.0
1517 -0.00412606741873 0.0 0.0
1518 -0.00412606741873 0.0 0.0
1519 -0.00412606741873 0.0 0.0
1520 -0.00412606741873 0.0 0.0
1521 -0.00412606741873 0.0 0.0
1522 -0.00412606741873 0.0 0.0
1523 -0.00412606741873 0.0 0.0
1524 -0.00412606741873 0.0 0.0
1525 -0.00412606741873 0.0 0.0
1526 -0.00412606741873 0.0 0.0
1527 -0.00412606741873 0.0 0.0
1528 -0.00412606741873 0.0 0.0
1529 -0.00412606741873 0.0 0.0
1530 -0.00412606741873 0.0 0.0
1531 -0.00412606741873 0.0 0.0
1532 -0.00412606741873 0.0 0.0
1533 -0.00412606741873 0.0 0.0
1534 -0.00412606741873 0.0 0.0
1535 -0.00412606741873 0.0 0.0
1536 -0.00412606741873 0.0 0.0
1537 -0.00412606741873 0.0 0.0
1538 -0.00412606741873 0.0 0.0
1539 -0.00412606741873 0.0 0.0
1540 -0.00412606741873 0.0 0.0
1541 -0.00412606741873 0.0 0.0
1542 -0.00412606741873 0.0 0.0
1543 -0.00412606741873 0.0 0.0
1544 -0.00412606741873 0.0 0.0
1545 -0.00412606741873 0.0 0.0
1546 -0.00412606741873 0.0 0.0
1547 -0.00412606741873 0.0 0.0
1548 -0.00412606741873 0.0 0.0
1549 -0.00412606741873 0.0 0.0
1550 -0.00412606741873 0.0 0.0
1551 -0.00412606741873 0.0 0.0
1552 -0.00412606741873 0.0 0.0
1553 -0.00412606741873 0.0 0.0
1554 -0.00412606741873 0.0 0.0
1555 -0.00412606741873 0.0 0.0
1556 -0.00412606741873 0.0 0.0
1557 -0.00412606741873 0.0 0.0
1558 -0.00412606741873 0.0 0.0
1559 -0.00412606741873 0.0 0.0
1560 -0.00412606741873 0.0 0.0
1561 -0.00412606741873 0.0 0.0
1562 -0.00412606741873 0.0 0.0
1563 -0.00412606741873 0.0 0.0
1564 -0.00412606741873 0.0 0.0
1565 -0.00412606741873 0.0 0.0
1566 -0.00412606741873 0.0 0.0
1567 -0.00412606741873 0.0 0.0
1568 -0.00412606741873 0.0 0.0
1569 -0.00412606741873 0.0 0.0
1570 -0.00412606741873 0.0 0.0
1571 -0.00821994524794 0.0 0.0
1572 -0.00821994524794 0.0 0.0
1573 -0.00821994524794 0.0 0.0
1574 -0.00821994524794 0.0 0.0
1575 -0.00821994524794 0.0 0.0
1576 -0.00821994524794 0.0 0.0
1577 -0.00821994524794 0.0 0.0
1578 -0.00821994524794 0.0 0.0
1579 -0.00821994524794 0.0 0.0
1580 -0.00821994524794 0.0 0.0
1581 -0.00821994524794 0.0 0.0
1582 -0.00821994524794 0.0 0.0
1583 -0.00821994524794 0.0 0.0
1584 -0.00821994524794 0.0 0.0
1585 -0.00821994524794 0.0 0.0
1586 -0.00821994524794 0.0 0.0
1587 -0.00821994524794 0.0 0.0
1588 -0.00821994524794 0.0 0.0
1589 -0.00821994524794 0.0 0.0
1590 -0.00821994524794 0.0 0.0
1591 -0.00821994524794 0.0 0.0
1592 -0.00821994524794 0.0 0.0
1593 -0.00821994524794 0.0 0.0
1594 -0.00821994524794 0.0 0.0
1595 -0.00821994524794 0.0 0.0
1596 -0.00821994524794 0.0 0.0
1597 -0.00821994524794 0.0 0.0
1598 -0.00821994524794 0.0 0.0
1599 -0.00821994524794 0.0 0.0
1600 -0.00821994524794 0.0 0.0
1601 -0.00821994524794 0.0 0.0
1602 -0.00821994524794 0.0 0.0
1603 -0.00821994524794 0.0 0.0
1604 -0.00821994524794 0.0 0.0
1605 -0.00821994524794 0.0 0.0
1606 -0.00821994524794 0.0 0.0
1607 -0.00821994524794 0.0 0.0
1608 -0.00821994524794 0.0 0.0
1609 -0.00821994524794 0.0 0.0
1610 -0.00821994524794 0.0 0.0
1611 -0.00821994524794 0.0 0.0
1612 -0.00821994524794 0.0 0.0
1613 -0.00821994524794 0.0 0.0
1614 -0.00821994524794 0.0 0.0
1615 -0.00821994524794 0.0 0.0
1616 -0.00821994524794 0.0 0.0
1617 -0.00821994524794 0.0 0.0
1618 -0.00821994524794 0.0 0.0
1619 -0.00821994524794 0.0 0.0
1620 -0.00821994524794 0.0 0.0
1621 -0.00821994524794 0.0 0.0
1622 -0.00821994524794 0.0 0.0
1623 -0.00821994524794 0.0 0.0
1624 -0.00821994524794 0.0 0.0
1625 -0.00821994524794 0.0 0.0
1626 -0.00821994524794 0.0 0.0
1627 -0.00821994524794 0.0 0.0
1628 -0.00821994524794 0.0 0.0
1629 -0.00821994524794 0.0 0.0
1630 -0.00821994524794 0.0 0.0
1631 -0.00821994524794 0.0 0.0
1632 -0.00821994524794 0.0 0.0
1633 -0.00821994524794 0.0 0.0
1634 -0.00821994524794 0.0 0.0
1635 -0.00821994524794 0.0 0.0
1636 -0.00821994524794 0.0 0.0
1637 -0.00821994524794 0.0 0.0
1638 -0.00821994524794 0.0 0.0
1639 -0.00821994524794 0.0 0.0
1640 -0.00821994524794 0.0 0.0
1641 -0.00821994524794 0.0 0.0
1642 -0.00821994524794 0.0 0.0
1643 -0.00821994524794 0.0 0.0
1644 -0.00821994524794 0.0 0.0
1645 -0.00821994524794 0.0 0.0
1646 -0.00821994524794 0.0 0.0
1647 -0.00821994524794 0.0 0.0
1648 -0.00821994524794 0.0 0.0
1649 -0.00821994524794 0.0 0.0
1650 -0.00821994524794 0.0 0.0
1651 0.0020960045071 0.0 0.0
1652 0.0020960045071 0.0 0.0
1653 0.0020960045071 0.0 0.0
1654 0.0020960045071 0.0 0.0
1655 0.0020960045071 0.0 0.0
1656 0.0020960045071 0.0 0.0
1657 0.0020960045071 0.0 0.0
1658 0.0020960045071 0.0 0.0
1659 0.0020960045071 0.0 0.0
1660 0.0020960045071 0.0 0.0
1661 0.0020960045071 0.0 0.0
1662 0.0020960045071 0.0 0.0
1663 0.0020960045071 0.0 0.0
1664 0.0020960045071 0.0 0.0
1665 0.0020960045071 0.0 0.0
1666 0.0020960045071 0.0 0.0
1667 0.0020960045071 0.0 0.0
1668 0.0020960045071 0.0 0.0
1669 0.0020960045071 0.0 0.0
1670 0.0020960045071 0.0 0.0
1671 0.0020960045071 0.0 0.0
1672 0.0020960045071 0.0 0.0
1673 0.0020960045071 0.0 0.0
1674 0.0020960045071 0.0 0.0
1675 0.0020960045071 0.0 0.0
1676 0.0020960045071 0.0 0.0
1677 0.0020960045071 0.0 0.0
1678 0.0020960045071 0.0 0.0
1679 0.0020960045071 0.0 0.0
1680 0.0020960045071 0.0 0.0
1681 0.0020960045071 0.0 0.0
1682 0.0020960045071 0.0 0.0
1683 0.0020960045071 0.0 0.0
1684 0.0020960045071 0.0 0.0
1685 0.0020960045071 0.0 0.0
1686 0.0020960045071 0.0 0.0
1687 0.0020960045071 0.0 0.0
1688 0.0020960045071 0.0 0.0
1689 0.0020960045071 0.0 0.0
1690 0.0020960045071 0.0 0.0
1691 0.0020960045071 0.0 0.0
1692 0.0020960045071 0.0 0.0
1693 0.0020960045071 0.0 0.0
1694 0.0020960045071 0.0 0.0
1695 0.0020960045071 0.0 0.0
1696 0.0020960045071 0.0 0.0
1697 0.0020960045071 0.0 0.0
1698 0.0020960045071 0.0 0.0
1699 0.0020960045071 0.0 0.0
1700 0.0020960045071 0.0 0.0
1701 0.0020960045071 0.0 0.0
1702 0.0020960045071 0.0 0.0
1703 0.0020960045071 0.0 0.0
1704 0.0020960045071 0.0 0.0
1705 0.0020960045071 0.0 0.0
1706 0.0020960045071 0.0 0.0
1707 0.0020960045071 0.0 0.0
1708 0.0020960045071 0.0 0.0
1709 0.0020960045071 0.0 0.0
1710 0.0020960045071 0.0 0.0
1711 0.0020960045071 0.0 0.0
1712 0.0020960045071 0.0 0.0
1713 0.0020960045071 0.0 0.0
1714 0.0020960045071 0.0 0.0
1715 0.0020960045071 0.0 0.0
1716 0.0020960045071 0.0 0.0
1717 0.0020960045071 0.0 0.0
1718 0.0020960045071 0.0 0.0
1719 0.0020960045071 0.0 0.0
1720 0.0020960045071 0.0 0.0
1721 0.0020960045071 0.0 0.0
1722 0.0020960045071 0.0 0.0
1723 0.0020960045071 0.0 0.0
1724 0.0020960045071 0.0 0.0
1725 0.0020960045071 0.0 0.0
1726 0.0020960045071 0.0 0.0
1727 0.0020960045071 0.0 0.0
1728 0.0020960045071 0.0 0.0
1729 0.0020960045071 0.0 0.0
1730 0.0020960045071 0.0 0.0
1731 0.0020960045071 0.0 0.0
1732 0.0020960045071 0.0 0.0
1733 0.0020960045071 0.0 0.0
1734 0.0020960045071 0.0 0.0
1735 0.0020960045071 0.0 0.0
1736 0.0020960045071 0.0 0.0
1737 0.0020960045071 0.0 0.0
1738 0.0020960045071 0.0 0.0
1739 0.0020960045071 0.0 0.0
1740 0.0020960045071 0.0 0.0
1741 0.0020960045071 0.0 0.0
1742 0.0020960045071 0.0 0.0
1743 0.0020960045071 0.0 0.0
1744 0.0020960045071 0.0 0.0
1745 0.0020960045071 0.0 0.0
1746 0.0020960045071 0.0 0.0
1747 0.0020960045071 0.0 0.0
1748 0.0020960045071 0.0 0.0
1749 0.0020960045071 0.0 0.0
1750 0.0020960045071 0.0 0.0
1751 0.00324084227491 0.0 0.0
1752 0.00324084227491 0.0 0.0
1753 0.00324084227491 0.0 0.0
1754 0.00324084227491 0.0 0.0
1755 0.00324084227491 0.0 0.0
1756 0.00324084227491 0.0 0.0
1757 0.00324084227491 0.0 0.0
1758 0.00324084227491 0.0 0.0
1759 0.00324084227491 0.0 0.0
1760 0.00324084227491 0.0 0.0
1761 0.00324084227491 0.0 0.0
1762 0.00324084227491 0.0 0.0
1763 0.00324084227491 0.0 0.0
1764 0.00324084227491 0.0 0.0
1765 0.00324084227491 0.0 0.0
1766 0.00324084227491 0.0 0.0
1767 0.00324084227491 0.0 0.0
1768 0.00324084227491 0.0 0.0
1769 0.00324084227491 0.0 0.0
1770 0.00324084227491 0.0 0.0
1771 0.00324084227491 0.0 0.0
1772 0.00324084227491 0.0 0.0
1773 0.00324084227491 0.0 0.0
1774 0.00324084227491 0.0 0.0
1775 0.00324084227491 0.0 0.0
1776 0.00324084227491 0.0 0.0
1777 0.00324084227491 0.0 0.0
1778 0.00324084227491 0.0 0.0
1779 0.00324084227491 0.0 0.0
1780 0.00324084227491 0.0 0.0
1781 0.00324084227491 0.0 0.0
1782 0.00324084227491 0.0 0.0
1783 0.00324084227491 0.0 0.0
1784 0.00324084227491 0.0 0.0
1785 0.00324084227491 0.0 0.0
1786 0.00324084227491 0.0 0.0
1787 0.00324084227491 0.0 0.0
1788 0.00324084227491 0.0 0.0
1789 0.00324084227491 0.0 0.0
1790 0.00324084227491 0.0 0.0
1791 0.00324084227491 0.0 0.0
1792 0.00324084227491 0.0 0.0
1793 0.00324084227491 0.0 0.0
1794 0.00324084227491 0.0 0.0
1795 0.00324084227491 0.0 0.0
1796 0.00324084227491 0.0 0.0
1797 0.00324084227491 0.0 0.0
1798 0.00324084227491 0.0 0.0
1799 0.00324084227491 0.0 0.0
1800 0.00324084227491 0.0 0.0
1801 0.00324084227491 0.0 0.0
1802 0.00324084227491 0.0 0.0
1803 0.00324084227491 0.0 0.0
1804 0.00324084227491 0.0 0.0
1805 0.00324084227491 0.0 0.0
1806 0.00324084227491 0.0 0.0
1807 0.00324084227491 0.0 0.0
1808 0.00324084227491 0.0 0.0
1809 0.00324084227491 0.0 0.0
1810 0.00324084227491 0.0 0.0
1811 0.00324084227491 0.0 0.0
1812 0.00324084227491 0.0 0.0
1813 0.00324084227491 0.0 0.0
1814 0.00324084227491 0.0 0.0
1815 0.00324084227491 0.0 0.0
1816 0.00324084227491 0.0 0.0
1817 0.00324084227491 0.0 0.0
1818 0.00324084227491 0.0 0.0
1819 0.00324084227491 0.0 0.0
1820 0.00324084227491 0.0 0.0
1821 0.00324084227491 0.0 0.0
1822 0.00324084227491 0.0 0.0
1823 0.00324084227491 0.0 0.0
1824 0.00324084227491 0.0 0.0
1825 0.00324084227491 0.0 0.0
1826 0.00324084227491 0.0 0.0
1827 0.00324084227491 0.0 0.0
1828 0.00324084227491 0.0 0.0
1829 0.00324084227491 0.0 0.0
1830 0.00324084227491 0.0 0.0
1831 0.00324084227491 0.0 0.0
1832 0.00324084227491 0.0 0.0
1833 0.00324084227491 0.0 0.0
1834 0.00324084227491 0.0 0.0
1835 0.00324084227491 0.0 0.0
1836 0.00324084227491 0.0 0.0
1837 0.00324084227491 0.0 0.0
1838 0.00324084227491 0.0 0.0
1839 0.00324084227491 0.0 0.0
1840 0.00324084227491 0.0 0.0
1841 0.00324084227491 0.0 0.0
1842 0.00324084227491 0.0 0.0
1843 0.00324084227491 0.0 0.0
1844 0.00324084227491 0.0 0.0
1845 0.00324084227491 0.0 0.0
1846 0.00324084227491 0.0 0.0
1847 0.00324084227491 0.0 0.0
1848 0.00324084227491 0.0 0.0
1849 0.00324084227491 0.0 0.0
1850 0.00324084227491 0.0 0.0
1851 -0.00919303820266 0.0 0.0
1852 -0.00919303820266 0.0 0.0
1853 -0.00919303820266 0.0 0.0
1854 -0.00919303820266 0.0 0.0
1855 -0.00919303820266 0.0 0.0
1856 -0.00919303820266 0.0 0.0
1857 -0.00919303820266 0.0 0.0
1858 -0.00919303820266 0.0 0.0
1859 -0.00919303820266 0.0 0.0
1860 -0.00919303820266 0.0 0.0
1861 -0.00919303820266 0.0 0.0
1862 -0.00919303820266 0.0 0.0
1863 -0.00919303820266 0.0 0.0
1864 -0.00919303820266 0.0 0.0
1865 -0.00919303820266 0.0 0.0
1866 -0.00919303820266 0.0 0.0
1867 -0.00919303820266 0.0 0.0
1868 -0.00919303820266 0.0 0.0
1869 -0.00919303820266 0.0 0.0
1870 -0.00919303820266 0.0 0.0
1871 -0.00919303820266 0.0 0.0
1872 -0.00919303820266 0.0 0.0
1873 -0.00919303820266 0.0 0.0
1874 -0.00919303820266 0.0 0.0
1875 -0.00919303820266 0.0 0.0
1876 -0.00919303820266 0.0 0.0
1877 -0.00919303820266 0.0 0.0
1878 -0.00919303820266 0.0 0.0
1879 -0.00919303820266 0.0 0.0
1880 -0.00919303820266 0.0 0.0
1881 -0.00919303820266 0.0 0.0
1882 -0.00919303820266 0.0 0.0
1883 -0.00919303820266 0.0 0.0
1884 -0.00919303820266 0.0 0.0
1885 -0.00919303820266 0.0 0.0
1886 -0.00919303820266 0.0 0.0
1887 -0.00919303820266 0.0 0.0
1888 -0.00919303820266 0.0 0.0
1889 -0.00919303820266 0.0 0.0
1890 -0.00919303820266 0.0 0.0
1891 -0.00919303820266 0.0 0.0
1892 -0.00919303820266 0.0 0.0
1893 -0.00919303820266 0.0 0.0
1894 -0.00919303820266 0.0 0.0
1895 -0.00919303820266 0.0 0.0
1896 -0.00919303820266 0.0 0.0
1897 -0.00919303820266 0.0 0.0
1898 -0.00919303820266 0.0 0.0
1899 -0.00919303820266 0.0 0.0
1900 -0.00919303820266 0.0 0.0
1901 -0.00919303820266 0.0 0.0
1902 -0.00919303820266 0.0 0.0
1903 -0.00919303820266 0.0 0.0
1904 -0.00919303820266 0.0 0.0
1905 -0.00919303820266 0.0 0.0
1906 -0.00919303820266 0.0 0.0
1907 -0.00919303820266 0.0 0.0
1908 -0.00919303820266 0.0 0.0
1909 -0.00919303820266 0.0 0.0
1910 -0.00919303820266 0.0 0.0
1911 -0.00919303820266 0.0 0.0
1912 -0.00919303820266 0.0 0.0
1913 -0.00919303820266 0.0 0.0
1914 -0.00919303820266 0.0 0.0
1915 -0.00919303820266 0.0 0.0
1916 -0.00919303820266 0.0 0.0
1917 -0.00919303820266 0.0 0.0
1918 -0.00919303820266 0.0 0.0
1919 -0.00919303820266 0.0 0.0
1920 -0.00919303820266 0.0 0.0
1921 -0.00919303820266 0.0 0.0
1922 -0.00919303820266 0.0 0.0
1923 -0.00919303820266 0.0 0.0
1924 -0.00919303820266 0.0 0.0
1925 -0.00919303820266 0.0 0.0
1926 -0.00919303820266 0.0 0.0
1927 -0.00919303820266 0.0 0.0
1928 -0.00919303820266 0.0 0.0
1929 -0.00919303820266 0.0 0.0
1930 -0.00919303820266 0.0 0.0
1931 -0.00919303820266 0.0 0.0
1932 -0.00919303820266 0.0 0.0
1933 -0.00919303820266 0.0 0.0
1934 -0.00919303820266 0.0 0.0
1935 -0.00919303820266 0.0 0.0
1936 -0.00919303820266 0.0 0.0
1937 -0.00919303820266 0.0 0.0
1938 -0.00919303820266 0.0 0.0
1939 -0.00919303820266 0.0 0.0
1940 -0.00919303820266 0.0 0.0
1941 -0.00919303820266 0.0 0.0
1942 -0.00919303820266 0.0 0.0
1943 -0.00919303820266 0.0 0.0
1944 -0.00919303820266 0.0 0.0
1945 -0.00919303820266 0.0 0.0
1946 -0.00919303820266 0.0 0.0
1947 -0.00919303820266 0.0 0.0
1948 -0.00919303820266 0.0 0.0
1949 -0.00919303820266 0.0 0.0
1950 -0.00919303820266 0.0 0.0
1951 0.0103118659234 0.0 0.0
1952 0.0103118659234 0.0 0.0
1953 0.0103118659234 0.0 0.0
1954 0.0103118659234 0.0 0.0
1955 0.0103118659234 0.0 0.0
1956 0.0103118659234 0.0 0.0
1957 0.0103118659234 0.0 0.0
1958 0.0103118659234 0.0 0.0
1959 0.0103118659234 0.0 0.0
1960 0.0103118659234 0.0 0.0
1961 0.0103118659234 0.0 0.0
1962 0.0103118659234 0.0 0.0
1963 0.0103118659234 0.0 0.0
1964 0.0103118659234 0.0 0.0
1965 0.0103118659234 0.0 0.0
1966 0.0103118659234 0.0 0.0
1967 0.0103118659234 0.0 0.0
1968 0.0103118659234 0.0 0.0
1969 0.0103118659234 0.0 0.0
1970 0.0103118659234 0.0 0.0
1971 0.0103118659234 0.0 0.0
1972 0.0103118659234 0.0 0.0
1973 0.0103118659234 0.0 0.0
1974 0.0103118659234 0.0 0.0
1975 0.0103118659234 0.0 0.0
1976 0.0103118659234 0.0 0.0
1977 0.0103118659234 0.0 0.0
1978 0.0103118659234 0.0 0.0
1979 0.0103118659234 0.0 0.0
1980 0.0103118659234 0.0 0.0
1981 0.0103118659234 0.0 0.0
1982 0.0103118659234 0.0 0.0
1983 0.0103118659234 0.0 0.0
1984 0.0103118659234 0.0 0.0
1985 0.0103118659234 0.0 0.0
1986 0.0103118659234 0.0 0.0
1987 0.0103118659234 0.0 0.0
1988 0.0103118659234 0.0 0.0
1989 0.0103118659234 0.0 0.0
1990 0.0103118659234 0.0 0.0
1991 0.0103118659234 0.0 0.0
1992 0.0103118659234 0.0 0.0
1993 0.0103118659234 0.0 0.0
1994 0.0103118659234 0.0 0.0
1995 0.0103118659234 0.0 0.0
1996 0.0103118659234 0.0 0.0
1997 0.0103118659234 0.0 0.0
1998 0.0103118659234 0.0 0.0
1999 0.0103118659234 0.0 0.0
2000 0.0103118659234 0.0 0.0
2001 0.0103118659234 0.0 0.0
2002 0.0103118659234 0.0 0.0
2003 0.0103118659234 0.0 0.0
2004 0.0103118659234 0.0 0.0
2005 0.0103118659234 0.0 0.0
2006 0.0103118659234 0.0 0.0
2007 0.0103118659234 0.0 0.0
2008 0.0103118659234 0.0 0.0
2009 0.0103118659234 0.0 0.0
2010 0.0103118659234 0.0 0.0
2011 0.0103118659234 0.0 0.0
2012 0.0103118659234 0.0 0.0
2013 0.0103118659234 0.0 0.0
2014 0.0103118659234 0.0 0.0
2015 0.0103118659234 0.0 0.0
2016 0.0103118659234 0.0 0.0
2017 0.0103118659234 0.0 0.0
2018 0.0103118659234 0.0 0.0
2019 0.0103118659234 0.0 0.0
2020 0.0103118659234 0.0 0.0
2021 0.0103118659234 0.0 0.0
2022 0.0103118659234 0.0 0.0
2023 0.0103118659234 0.0 0.0
2024 0.0103118659234 0.0 0.0
2025 0.0103118659234 0.0 0.0
2026 0.0103118659234 0.0 0.0
2027 0.0103118659234 0.0 0.0
2028 0.0103118659234 0.0 0.0
2029 0.0103118659234 0.0 0.0
2030 0.0103118659234 0.0 0.0
2031 0.0103118659234 0.0 0.0
2032 0.0103118659234 0.0 0.0
2033 0.0103118659234 0.0 0.0
2034 0.0103118659234 0.0 0.0
2035 0.0103118659234 0.0 0.0
2036 0.0103118659234 0.0 0.0
2037 0.0103118659234 0.0 0.0
2038 0.0103118659234 0.0 0.0
2039 0.0103118659234 0.0 0.0
2040 0.0103118659234 0.0 0.0
2041 0.0103118659234 0.0 0.0
2042 0.0103118659234 0.0 0.0
2043 0.0103118659234 0.0 0.0
2044 0.0103118659234 0.0 0.0
2045 0.0103118659234 0.0 0.0
2046 0.0103118659234 0.0 0.0
2047 0.0103118659234 0.0 0.0
2048 0.0103118659234 0.0 0.0
2049 0.0103118659234 0.0 0.0
2050 0.0103118659234 0.0 0.0
2051 0.0103118659234 0.0 0.0
2052 0.0103118659234 0.0 0.0
2053 0.0103118659234 0.0 0.0
2054 0.0103118659234 0.0 0.0
2055 0.0103118659234 0.0 0.0
2056 0.0103118659234 0.0 0.0
2057 0.0103118659234 0.0 0.0
2058 0.0103118659234 0.0 0.0
2059 0.0103118659234 0.0 0.0
2060 0.0103118659234 0.0 0.0
2061 0.0103118659234 0.0 0.0
2062 0.0103118659234 0.0 0.0
2063 0.0103118659234 0.0 0.0
2064 0.0103118659234 0.0 0.0
2065 0.0103118659234 0.0 0.0
2066 0.0103118659234 0.0 0.0
2067 0.0103118659234 0.0 0.0
2068 0.0103118659234 0.0 0.0
2069 0.0103118659234 0.0 0.0
2070 0.0103118659234 0.0 0.0
2071 0.0103118659234 0.0 0.0
2072 0.0103118659234 0.0 0.0
2073 0.0103118659234 0.0 0.0
2074 0.0103118659234 0.0 0.0
2075 0.0103118659234 0.0 0.0
2076 0.0103118659234 0.0 0.0
2077 0.0103118659234 0.0 0.0
2078 0.0103118659234 0.0 0.0
2079 0.0103118659234 0.0 0.0
2080 0.0103118659234 0.0 0.0
2081 0.0103118659234 0.0 0.0
2082 0.0103118659234 0.0 0.0
2083 0.0103118659234 0.0 0.0
2084 0.0103118659234 0.0 0.0
2085 0.0103118659234 0.0 0.0
2086 0.0103118659234 0.0 0.0
2087 0.0103118659234 0.0 0.0
2088 0.0103118659234 0.0 0.0
2089 0.0103118659234 0.0 0.0
2090 0.0103118659234 0.0 0.0
2091 0.0103118659234 0.0 0.0
2092 0.0103118659234 0.0 0.0
2093 0.0103118659234 0.0 0.0
2094 0.0103118659234 0.0 0.0
2095 0.0103118659234 0.0 0.0
2096 0.0103118659234 0.0 0.0
2097 0.0103118659234 0.0 0.0
2098 0.0103118659234 0.0 0.0
2099 0.0103118659234 0.0 0.0
2100 0.0103118659234 0.0 0.0
2101 -0.00423717142729 0.0 0.0
2102 -0.00423717142729 0.0 0.0
2103 -0.00423717142729 0.0 0.0
2104 -0.00423717142729 0.0 0.0
2105 -0.00423717142729 0.0 0.0
2106 -0.00423717142729 0.0 0.0
2107 -0.00423717142729 0.0 0.0
2108 -0.00423717142729 0.0 0.0
2109 -0.00423717142729 0.0 0.0
2110 -0.00423717142729 0.0 0.0
2111 -0.00423717142729 0.0 0.0
2112 -0.00423717142729 0.0 0.0
2113 -0.00423717142729 0.0 0.0
2114 -0.00423717142729 0.0 0.0
2115 -0.00423717142729 0.0 0.0
2116 -0.00423717142729 0.0 0.0
2117 -0.00423717142729 0.0 0.0
2118 -0.00423717142729 0.0 0.0
2119 -0.00423717142729 0.0 0.0
2120 -0.00423717142729 0.0 0.0
2121 -0.00423717142729 0.0 0.0
2122 -0.00423717142729 0.0 0.0
2123 -0.00423717142729 0.0 0.0
2124 -0.00423717142729 0.0 0.0
2125 -0.00423717142729 0.0 0.0
2126 -0.00423717142729 0.0 0.0
2127 -0.00423717142729 0.0 0.0
2128 -0.00423717142729 0.0 0.0
2129 -0.00423717142729 0.0 0.0
2130 -0.00423717142729 0.0 0.0
2131 -0.00423717142729 0.0 0.0
2132 -0.00423717142729 0.0 0.0
2133 -0.00423717142729 0.0 0.0
2134 -0.00423717142729 0.0 0.0
2135 -0.00423717142729 0.0 0.0
2136 -0.00423717142729 0.0 0.0
2137 -0.00423717142729 0.0 0.0
2138 -0.00423717142729 0.0 0.0
2139 -0.00423717142729 0.0 0.0
2140 -0.00423717142729 0.0 0.0
2141 -0.00423717142729 0.0 0.0
2142 -0.00423717142729 0.0 0.0
2143 -0.00423717142729 0.0 0.0
2144 -0.00423717142729 0.0 0.0
2145 -0.00423717142729 0.0 0.0
2146 -0.00423717142729 0.0 0.0
2147 -0.00423717142729 0.0 0.0
2148 -0.00423717142729 0.0 0.0
2149 -0.00423717142729 0.0 0.0
2150 -0.00423717142729 0.0 0.0
2151 -0.00423717142729 0.0 0.0
2152 -0.00423717142729 0.0 0.0
2153 -0.00423717142729 0.0 0.0
2154 -0.00423717142729 0.0 0.0
2155 -0.00423717142729 0.0 0.0
2156 -0.00423717142729 0.0 0.0
2157 -0.00423717142729 0.0 0.0
2158 -0.00423717142729 0.0 0.0
2159 -0.00423717142729 0.0 0.0
2160 -0.00423717142729 0.0 0.0
2161 -0.00423717142729 0.0 0.0
2162 -0.00423717142729 0.0 0.0
2163 -0.00423717142729 0.0 0.0
2164 -0.00423717142729 0.0 0.0
2165 -0.00423717142729 0.0 0.0
2166 -0.00423717142729 0.0 0.0
2167 -0.00423717142729 0.0 0.0
2168 -0.00423717142729 0.0 0.0
2169 -0.00423717142729 0.0 0.0
2170 -0.00423717142729 0.0 0.0
2171 -0.00423717142729 0.0 0.0
2172 -0.00423717142729 0.0 0.0
2173 -0.00423717142729 0.0 0.0
2174 -0.00423717142729 0.0 0.0
2175 -0.00423717142729 0.0 0.0
2176 -0.00423717142729 0.0 0.0
2177 -0.00423717142729 0.0 0.0
2178 -0.00423717142729 0.0 0.0
2179 -0.00423717142729 0.0 0.0
2180 -0.00423717142729 0.0 0.0
2181 -0.00423717142729 0.0 0.0
2182 -0.00423717142729 0.0 0.0
2183 -0.00423717142729 0.0 0.0
2184 -0.00423717142729 0.0 0.0
2185 -0.00423717142729 0.0 0.0
2186 -0.00423717142729 0.0 0.0
2187 -0.00423717142729 0.0 0.0
2188 -0.00423717142729 0.0 0.0
2189 -0.00423717142729 0.0 0.0
2190 -0.00423717142729 0.0 0.0
2191 -0.00423717142729 0.0 0.0
2192 -0.00423717142729 0.0 0.0
2193 -0.00423717142729 0.0 0.0
2194 -0.00423717142729 0.0 0.0
2195 -0.00423717142729 0.0 0.0
2196 -0.00423717142729 0.0 0.0
2197 -0.00423717142729 0.0 0.0
2198 -0.00423717142729 0.0 0.0
2199 -0.00423717142729 0.0 0.0
2200 -0.00423717142729 0.0 0.0
2201 -0.00423717142729 0.0 0.0
2202 -0.00423717142729 0.0 0.0
2203 -0.00423717142729 0.0 0.0
2204 -0.00423717142729 0.0 0.0
2205 -0.00423717142729 0.0 0.0
2206 -0.00423717142729 0.0 0.0
2207 -0.00423717142729 0.0 0.0
2208 -0.00423717142729 0.0 0.0
2209 -0.00423717142729 0.0 0.0
2210 -0.00423717142729 0.0 0.0
2211 -0.00423717142729 0.0 0.0
2212 -0.00423717142729 0.0 0.0
2213 -0.00423717142729 0.0 0.0
2214 -0.00423717142729 0.0 0.0
2215 -0.00423717142729 0.0 0.0
2216 -0.00423717142729 0.0 0.0
2217 -0.00423717142729 0.0 0.0
2218 -0.00423717142729 0.0 0.0
2219 -0.00423717142729 0.0 0.0
2220 -0.00423717142729 0.0 0.0
2221 -0.00423717142729 0.0 0.0
2222 -0.00423717142729 0.0 0.0
2223 -0.00423717142729 0.0 0.0
2224 -0.00423717142729 0.0 0.0
2225 -0.00423717142729 0.0 0.0
2226 -0.00423717142729 0.0 0.0
2227 -0.00423717142729 0.0 0.0
2228 -0.00423717142729 0.0 0.0
2229 -0.00423717142729 0.0 0.0
2230 -0.00423717142729 0.0 0.0
2231 -0.00423717142729 0.0 0.0
2232 -0.00423717142729 0.0 0.0
2233 -0.00423717142729 0.0 0.0
2234 -0.00423717142729 0.0 0.0
2235 -0.00423717142729 0.0 0.0
2236 -0.00423717142729 0.0 0.0
2237 -0.00423717142729 0.0 0.0
2238 -0.00423717142729 0.0 0.0
2239 -0.00423717142729 0.0 0.0
2240 -0.00423717142729 0.0 0.0
2241 -0.00423717142729 0.0 0.0
2242 -0.00423717142729 0.0 0.0
2243 -0.00423717142729 0.0 0.0
2244 -0.00423717142729 0.0 0.0
2245 -0.00423717142729 0.0 0.0
2246 -0.00423717142729 0.0 0.0
2247 -0.00423717142729 0.0 0.0
2248 -0.00423717142729 0.0 0.0
2249 -0.00423717142729 0.0 0.0
2250 -0.00423717142729 0.0 0.0
2251 -0.00423717142729 0.0 0.0
2252 -0.00423717142729 0.0 0.0
2253 -0.00423717142729 0.0 0.0
2254 -0.00423717142729 0.0 0.0
2255 -0.00423717142729 0.0 0.0
2256 -0.00423717142729 0.0 0.0
2257 -0.00423717142729 0.0 0.0
2258 -0.00423717142729 0.0 0.0
2259 -0.00423717142729 0.0 0.0
2260 -0.00423717142729 0.0 0.0
2261 -0.00423717142729 0.0 0.0
2262 -0.00423717142729 0.0 0.0
2263 -0.00423717142729 0.0 0.0
2264 -0.00423717142729 0.0 0.0
2265 -0.00423717142729 0.0 0.0
2266 -0.00423717142729 0.0 0.0
2267 -0.00423717142729 0.0 0.0
2268 -0.00423717142729 0.0 0.0
2269 -0.00423717142729 0.0 0.0
2270 -0.00423717142729 0.0 0.0
2271 -0.00423717142729 0.0 0.0
2272 -0.00423717142729 0.0 0.0
2273 -0.00423717142729 0.0 0.0
2274 -0.00423717142729 0.0 0.0
2275 -0.00423717142729 0.0 0.0
2276 -0.00423717142729 0.0 0.0
2277 -0.00423717142729 0.0 0.0
2278 -0.00423717142729 0.0 0.0
2279 -0.00423717142729 0.0 0.0
2280 -0.00423717142729 0.0 0.0
2281 -0.00423717142729 0.0 0.0
2282 -0.00423717142729 0.0 0.0
2283 -0.00423717142729 0.0 0.0
2284 -0.00423717142729 0.0 0.0
2285 -0.00423717142729 0.0 0.0
2286 -0.00423717142729 0.0 0.0
2287 -0.00423717142729 0.0 0.0
2288 -0.00423717142729 0.0 0.0
2289 -0.00423717142729 0.0 0.0
2290 -0.00423717142729 0.0 0.0
2291 -0.00423717142729 0.0 0.0
2292 -0.00423717142729 0.0 0.0
2293 -0.00423717142729 0.0 0.0
2294 -0.00423717142729 0.0 0.0
2295 -0.00423717142729 0.0 0.0
2296 -0.00423717142729 0.0 0.0
2297 -0.00423717142729 0.0 0.0
2298 -0.00423717142729 0.0 0.0
2299 -0.00423717142729 0.0 0.0
2300 -0.00423717142729 0.0 0.0
2301 0.00225129145374 0.0 0.0
2302 0.00225129145374 0.0 0.0
2303 0.00225129145374 0.0 0.0
2304 0.00225129145374 0.0 0.0
2305 0.00225129145374 0.0 0.0
2306 0.00225129145374 0.0 0.0
2307 0.00225129145374 0.0 0.0
2308 0.00225129145374 0.0 0.0
2309 0.00225129145374 0.0 0.0
2310 0.00225129145374 0.0 0.0
2311 0.00225129145374 0.0 0.0
2312 0.00225129145374 0.0 0.0
2313 0.00225129145374 0.0 0.0
2314 0.00225129145374 0.0 0.0
2315 0.00225129145374 0.0 0.0
2316 0.00225129145374 0.0 0.0
2317 0.00225129145374 0.0 0.0
2318 0.00225129145374 0.0 0.0
2319 0.00225129145374 0.0 0.0
2320 0.00225129145374 0.0 0.0
2321 0.00225129145374 0.0 0.0
2322 0.00225129145374 0.0 0.0
2323 0.00225129145374 0.0 0.0
2324 0.00225129145374 0.0 0.0
2325 0.00225129145374 0.0 0.0
2326 0.00225129145374 0.0 0.0
2327 0.00225129145374 0.0 0.0
2328 0.00225129145374 0.0 0.0
2329 0.00225129145374 0.0 0.0
2330 0.00225129145374 0.0 0.0
2331 0.00225129145374 0.0 0.0
2332 0.00225129145374 0.0 0.0
2333 0.00225129145374 0.0 0.0
2334 0.00225129145374 0.0 0.0
2335 0.00225129145374 0.0 0.0
2336 0.00225129145374 0.0 0.0
2337 0.00225129145374 0.0 0.0
2338 0.00225129145374 0.0 0.0
2339 0.00225129145374 0.0 0.0
2340 0.00225129145374 0.0 0.0
2341 0.00225129145374 0.0 0.0
2342 0.00225129145374 0.0 0.0
2343 0.00225129145374 0.0 0.0
2344 0.00225129145374 0.0 0.0
2345 0.00225129145374 0.0 0.0
2346 0.00225129145374 0.0 0.0
2347 0.00225129145374 0.0 0.0
2348 0.00225129145374 0.0 0.0
2349 0.00225129145374 0.0 0.0
2350 0.00225129145374 0.0 0.0
2351 0.00225129145374 0.0 0.0
2352 0.00225129145374 0.0 0.0
2353 0.00225129145374 0.0 0.0
2354 0.00225129145374 0.0 0.0
2355 0.00225129145374 0.0 0.0
2356 0.00225129145374 0.0 0.0
2357 0.00225129145374 0.0 0.0
2358 0.00225129145374 0.0 0.0
2359 0.00225129145374 0.0 0.0
2360 0.00225129145374 0.0 0.0
2361 0.00225129145374 0.0 0.0
2362 0.00225129145374 0.0 0.0
2363 0.00225129145374 0.0 0.0
2364 0.00225129145374 0.0 0.0
2365 0.00225129145374 0.0 0.0
2366 0.00225129145374 0.0 0.0
2367 0.00225129145374 0.0 0.0
2368 0.00225129145374 0.0 0.0
2369 0.00225129145374 0.0 0.0
2370 0.00225129145374 0.0 0.0
2371 0.00225129145374 0.0 0.0
2372 0.00225129145374 0.0 0.0
2373 0.00225129145374 0.0 0.0
2374 0.00225129145374 0.0 0.0
2375 0.00225129145374 0.0 0.0
2376 0.00225129145374 0.0 0.0
2377 0.00225129145374 0.0 0.0
2378 0.00225129145374 0.0 0.0
2379 0.00225129145374 0.0 0.0
2380 0.00225129145374 0.0 0.0
2381 0.00225129145374 0.0 0.0
2382 0.00225129145374 0.0 0.0
2383 0.00225129145374 0.0 0.0
2384 0.00225129145374 0.0 0.0
2385 0.00225129145374 0.0 0.0
2386 0.00225129145374 0.0 0.0
2387 0.00225129145374 0.0 0.0
2388 0.00225129145374 0.0 0.0
2389 0.00225129145374 0.0 0.0
2390 0.00225129145374 0.0 0.0
2391 0.00225129145374 0.0 0.0
2392 0.00225129145374 0.0 0.0
2393 0.00225129145374 0.0 0.0
2394 0.00225129145374 0.0 0.0
2395 0.00225129145374 0.0 0.0
2396 0.00225129145374 0.0 0.0
2397 0.00225129145374 0.0 0.0
2398 0.00225129145374 0.0 0.0
2399 0.00225129145374 0.0 0.0
2400 0.00225129145374 0.0 0.0
2401 0.00225129145374 0.0 0.0
2402 0.00225129145374 0.0 0.0
2403 0.00225129145374 0.0 0.0
2404 0.00225129145374 0.0 0.0
2405 0.00225129145374 0.0 0.0
2406 0.00225129145374 0.0 0.0
2407 0.00225129145374 0.0 0.0
2408 0.00225129145374 0.0 0.0
2409 0.00225129145374 0.0 0.0
2410 0.00225129145374 0.0 0.0
2411 0.00225129145374 0.0 0.0
2412 0.00225129145374 0.0 0.0
2413 0.00225129145374 0.0 0.0
2414 0.00225129145374 0.0 0.0
2415 0.00225129145374 0.0 0.0
2416 0.00225129145374 0.0 0.0
2417 0.00225129145374 0.0 0.0
2418 0.00225129145374 0.0 0.0
2419 0.00225129145374 0.0 0.0
2420 0.00225129145374 0.0 0.0
2421 0.00225129145374 0.0 0.0
2422 0.00225129145374 0.0 0.0
2423 0.00225129145374 0.0 0.0
2424 0.00225129145374 0.0 0.0
2425 0.00225129145374 0.0 0.0
2426 0.00225129145374 0.0 0.0
2427 0.00225129145374 0.0 0.0
2428 0.00225129145374 0.0 0.0
2429 0.00225129145374 0.0 0.0
2430 0.00225129145374 0.0 0.0
2431 0.00225129145374 0.0 0.0
2432 0.00225129145374 0.0 0.0
2433 0.00225129145374 0.0 0.0
2434 0.00225129145374 0.0 0.0
2435 0.00225129145374 0.0 0.0
2436 0.00225129145374 0.0 0.0
2437 0.00225129145374 0.0 0.0
2438 0.00225129145374 0.0 0.0
2439 0.00225129145374 0.0 0.0
2440 0.00225129145374 0.0 0.0
2441 0.00225129145374 0.0 0.0
2442 0.00225129145374 0.0 0.0
2443 0.00225129145374 0.0 0.0
2444 0.00225129145374 0.0 0.0
2445 0.00225129145374 0.0 0.0
2446 0.00225129145374 0.0 0.0
2447 0.00225129145374 0.0 0.0
2448 0.00225129145374 0.0 0.0
2449 0.00225129145374 0.0 0.0
2450 0.00225129145374 0.0 0.0
2451 0.00225129145374 0.0 0.0
2452 0.00225129145374 0.0 0.0
2453 0.00225129145374 0.0 0.0
2454 0.00225129145374 0.0 0.0
2455 0.00225129145374 0.0 0.0
2456 0.00225129145374 0.0 0.0
2457 0.00225129145374 0.0 0.0
2458 0.00225129145374 0.0 0.0
2459 0.00225129145374 0.0 0.0
2460 0.00225129145374 0.0 0.0
2461 0.00225129145374 0.0 0.0
2462 0.00225129145374 0.0 0.0
2463 0.00225129145374 0.0 0.0
2464 0.00225129145374 0.0 0.0
2465 0.00225129145374 0.0 0.0
2466 0.00225129145374 0.0 0.0
2467 0.00225129145374 0.0 0.0
2468 0.00225129145374 0.0 0.0
2469 0.00225129145374 0.0 0.0
2470 0.00225129145374 0.0 0.0
2471 0.00225129145374 0.0 0.0
2472 0.00225129145374 0.0 0.0
2473 0.00225129145374 0.0 0.0
2474 0.00225129145374 0.0 0.0
2475 0.00225129145374 0.0 0.0
2476 0.00225129145374 0.0 0.0
2477 0.00225129145374 0.0 0.0
2478 0.00225129145374 0.0 0.0
2479 0.00225129145374 0.0 0.0
2480 0.00225129145374 0.0 0.0
2481 0.00225129145374 0.0 0.0
2482 0.00225129145374 0.0 0.0
2483 0.00225129145374 0.0 0.0
2484 0.00225129145374 0.0 0.0
2485 0.00225129145374 0.0 0.0
2486 0.00225129145374 0.0 0.0
2487 0.00225129145374 0.0 0.0
2488 0.00225129145374 0.0 0.0
2489 0.00225129145374 0.0 0.0
2490 0.00225129145374 0.0 0.0
2491 0.00225129145374 0.0 0.0
2492 0.00225129145374 0.0 0.0
2493 0.00225129145374 0.0 0.0
2494 0.00225129145374 0.0 0.0
2495 0.00225129145374 0.0 0.0
2496 0.00225129145374 0.0 0.0
2497 0.00225129145374 0.0 0.0
2498 0.00225129145374 0.0 0.0
2499 0.00225129145374 0.0 0.0
2500 0.00225129145374 0.0 0.0
