1 -2.698239705093111 7.666420880844299
2 -1.3963402302291783 3.165330686532655
3 -5.435616798691758 -3.699917883844036e-16
4 1.3963402302291776 3.1653306865326543
5 -2.6982397050931155 -7.6664208808443
6 2.159292033171431 1.7335338441122583
7 -10.462842578601066 -2.0915366038219143
8 1.5890279237302631 11.020926554914654
9 0.7729671717909371 -1.317244050537248e-16
10 -1.5890279237302583 11.020926554914652
11 -10.46284257860107 2.091536603821914
12 -2.159292033171432 1.7335338441122607
13 4.402532683280033 1.0228485606688544
14 6.258957877195263 -0.12995444905402775
15 0.6452969565247942 11.80844193152316
16 -0.7395994445649575 -2.1472017514971693
17 3.286868014281343 2.2505545511462157e-16
18 0.7395994445649567 -2.1472017514971706
19 0.6452969565247932 -11.80844193152316
20 -6.258957877195262 -0.1299544490540256
21 4.402532683280032 -1.0228485606688544
22 0.05602042390737708 0.2396714975468244
23 -2.892811293652822 5.749981626214184
24 1.0775663906882154 -2.680240132774095
25 -1.1659998215095617 -6.918190120352305
26 -3.6900045953512772 0.41873812890449813
27 -0.5025646558581779 -1.609691619796841e-16
28 3.690004595351275 0.41873812890449846
29 -1.1659998215095617 6.918190120352307
30 -1.0775663906882145 -2.680240132774095
31 -2.892811293652822 -5.749981626214183
32 -0.056020423907376396 0.23967149754682382
33 2.5648768113578924 3.1537625492646164
34 0.8678872824048971 -1.537843981186398
35 2.457447862558169 -0.3782958637671057
36 -0.018964309250786394 2.3908785445552105
37 2.3380173239652904 -0.8049616416556469
38 -0.8585212362886157 -0.7968435038145126
39 -3.1700977767588747 -2.2779210869206097e-17
40 0.8585212362886163 -0.796843503814513
41 2.33801732396529 0.8049616416556467
42 0.018964309250786925 2.390878544555211
43 2.457447862558169 0.3782958637671065
44 -0.8678872824048969 -1.5378439811863984
45 2.56487681135789 -3.1537625492646164
46 -1.5270934701049794 3.195875398808792
47 -1.1999512533821235 -1.8080554474220278
48 0.9871102009297308 -0.5117003994488782
49 1.9435963711677449 -0.8015886181855584
50 2.11593171095065 2.2421165741891946
51 1.9064014519596904 2.6396561840666264
52 1.6828017636333705 -0.08873959987970041
53 0.17039150001926903 -9.331746656987143e-17
54 -1.6828017636333719 -0.08873959987969954
55 1.9064014519596912 -2.6396561840666264
56 -2.11593171095065 2.2421165741891906
57 1.9435963711677446 0.8015886181855586
58 -0.9871102009297289 -0.5117003994488781
59 -1.1999512533821222 1.8080554474220296
60 1.5270934701049796 3.1958753988087913
61 0.14103485815219235 -1.4503887793789494
62 2.331781039734548 -0.4882157798795234
63 0.7659241710922523 -0.1696821782813856
64 -3.8473920157418298 -1.0400276183492139
65 0.812069599113563 1.178931626545002
66 4.271667382911735 1.9601162296596895
67 -1.025511323834748 -1.3227992984500623
68 1.5857255099019154 2.5542226482456245
69 -1.618102337601274 -7.94875571324368e-17
70 -1.585725509901914 2.554222648245625
71 -1.025511323834749 1.3227992984500623
72 -4.271667382911731 1.960116229659689
73 0.8120695991135625 -1.1789316265449998
74 3.847392015741829 -1.0400276183492159
75 0.7659241710922493 0.16968217828138477
76 -2.3317810397345493 -0.48821577987952286
77 0.1410348581521937 1.4503887793789485
78 -0.4770942410638783 0.40867714936928623
79 -1.8895206861458516 0.5255729657103606
80 0.9901122089153156 1.1998762656477013
81 -1.8380337578090307 0.010622134598578687
82 -1.0365259891036929 -2.4577462291765273
83 2.7414340171828755 -0.0996184551534616
84 1.2794121883799021 -1.3885767079679059
85 3.8339416692239063 1.056688271984439
86 2.281859327869676 0.9936372957864514
87 0.31002330136524753 2.1703019503915678e-16
88 -2.2818593278696784 0.993637295786454
89 3.83394166922391 -1.0566882719844397
90 -1.2794121883799057 -1.3885767079679079
91 2.7414340171828764 0.09961845515345294
92 1.0365259891036922 -2.4577462291765273
93 -1.8380337578090307 -0.010622134598578067
94 -0.9901122089153178 1.1998762656477018
95 -1.889520686145851 -0.5255729657103602
96 0.4770942410638797 0.40867714936928645
97 0.5944407980913405 -4.254084417596585
98 -0.9709667636343178 0.28013563430895405
99 4.300735389225631 -0.31778226311863844
100 1.2677168651226858 -0.3109456848485303
101 -2.3254362584315924 0.4721662876778609
102 -1.1749526721888515 0.715895137750319
103 3.3827318979517353 -0.18199009654349008
104 -0.8703941409503527 -0.5229879759261282
105 -1.8199872275061324 0.6298153267689193
106 1.7328374111795923 1.2972027467709752
107 -2.738021936505112 -3.8630407753301264e-17
108 -1.7328374111795923 1.2972027467709744
109 -1.8199872275061302 -0.629815326768918
110 0.8703941409503522 -0.5229879759261286
111 3.3827318979517353 0.18199009654349044
112 1.1749526721888521 0.7158951377503184
113 -2.3254362584315924 -0.4721662876778605
114 -1.2677168651226867 -0.31094568484853163
115 4.300735389225632 0.31778226311863944
116 0.9709667636343167 0.2801356343089531
117 0.5944407980913424 4.2540844175965855
