1 -1.3507770419105403 2.6336433073076053
2 7.073849676764597 -5.536842909192466
3 2.534888075521467 -1.1662725031932415e-16
4 -7.073849676764599 -5.536842909192467
5 -1.3507770419105436 -2.633643307307611
6 1.3245061756191694 3.1423424106758513
7 8.906656368006907 4.131828949309191
8 -9.189139090702117 -1.4523691180714278
9 1.6534206153206819 -2.0874875567704787e-17
10 9.189139090702122 -1.4523691180714287
11 8.906656368006905 -4.131828949309192
12 -1.324506175619171 3.1423424106758526
13 -4.1361820259858755 -1.6911960773195778
14 -2.0213188159450337 -10.575046429316037
15 -4.3195300490154604 -2.9093372234844876
16 1.4085586365507412 -5.118908623336426
17 -0.6959144811105615 1.921890925085123e-16
18 -1.4085586365507416 -5.11890862333643
19 -4.319530049015461 2.9093372234844885
20 2.0213188159450355 -10.575046429316036
21 -4.136182025985876 1.6911960773195787
22 -1.556845411067458 -5.928671721122249
23 -1.6100899961098356 -6.512715767209614
24 -2.4552838183507935 2.714781600924231
25 3.614949376412147 -0.5734361831667676
26 -0.8469345042169993 0.04850873296273675
27 -3.1645479906413674 -2.1802478451946542e-16
28 0.8469345042169965 0.04850873296273693
29 3.614949376412148 0.5734361831667686
30 2.455283818350796 2.714781600924233
31 -1.6100899961098352 6.512715767209614
32 1.5568454110674612 -5.92867172112225
33 4.777625037450171 0.5851303674952962
34 1.6844761738180596 1.5782659184365448
35 2.3167113180630516 0.7810356762518604
36 -2.129492139537024 0.28643390575772454
37 -8.873063174321889 2.9404870029433887
38 2.954210161434634 -0.8919016741786059
39 4.653822761331949 -9.406778160079887e-17
40 -2.954210161434633 -0.8919016741786062
41 -8.87306317432189 -2.940487002943388
42 2.1294921395370254 0.2864339057577256
43 2.3167113180630516 -0.7810356762518595
44 -1.6844761738180603 1.5782659184365448
45 4.777625037450169 -0.5851303674952951
46 2.4580531457329484 0.053299363192357695
47 0.5388243542558216 -4.577591870060499
48 1.1764760552746998 0.15521591280507746
49 -1.2553284547651224 0.5994627292863316
50 0.6634687504216426 1.3169191030932492
51 -0.5501751201789188 2.0694425433923023
52 -1.3719329504038846 2.177092933950206
53 0.2879817085864205 -5.170141837870678e-17
54 1.3719329504038826 2.177092933950207
55 -0.5501751201789172 -2.0694425433923014
56 -0.6634687504216414 1.3169191030932457
57 -1.2553284547651231 -0.5994627292863307
58 -1.1764760552746982 0.1552159128050778
59 0.5388243542558229 4.5775918700605
60 -2.458053145732948 0.05329936319235869
61 -2.416941449086209 -1.6148111673286567
62 1.752640063618511 -4.75867838114365
63 2.4051109438150324 -3.6902933206073714
64 -1.3776804616378222 -0.28273113558851454
65 1.376851565953967 -0.3092192971465072
66 -3.084291407912915 1.0044813761303424
67 -0.6505772202742596 2.5915645404041494
68 -2.4921638338868926 -1.6264326399926234
69 -1.5697482044950541 -5.02661434102451e-17
70 2.4921638338868912 -1.6264326399926214
71 -0.6505772202742601 -2.5915645404041516
72 3.084291407912916 1.0044813761303388
73 1.3768515659539666 0.30921929714650875
74 1.3776804616378218 -0.28273113558851637
75 2.405110943815031 3.6902933206073714
76 -1.7526400636185127 -4.758678381143648
77 -2.416941449086208 1.6148111673286578
78 0.7680180477371477 1.6173970857606235
79 1.6391634664664312 -0.9433202322005858
80 -1.1357136526915232 0.4322517790339491
81 -1.978818472560676 -1.1905970107910506
82 2.834535073681783 3.4969145373628163
83 2.8795959443866237 1.4214817361111092
84 1.5087219751277121 0.0580320591278438
85 1.1146856536361889 0.2206172215136444
86 -3.2698505984322472 0.2324918850844587
87 -3.622218889618473 4.825320242952004e-16
88 3.269850598432245 0.23249188508447002
89 1.1146856536361902 -0.22061722151364413
90 -1.5087219751277225 0.05803205912784187
91 2.879595944386624 -1.4214817361111147
92 -2.8345350736817836 3.4969145373628163
93 -1.978818472560676 1.190597010791051
94 1.135713652691522 0.4322517790339488
95 1.6391634664664307 0.9433202322005859
96 -0.7680180477371471 1.617397085760624
97 0.9477274149950651 -0.30773294434779447
98 -2.486621011693204 -0.10694654608048447
99 -0.415998870273436 4.27349229440239
100 0.10070204258330959 2.724017749717167
101 0.9725070727057276 -1.5918881012906527
102 -1.7639240904447893 4.107802262837823
103 -0.6794637941473797 0.8389580753655089
104 -2.50140914039891 1.4734342885702543
105 -2.5172077457415085 -1.3065545393590434
106 -0.5956616042434415 -1.511318069721261
107 -0.35338637629993774 -6.0029239309163726e-18
108 0.5956616042434415 -1.511318069721263
109 -2.5172077457415036 1.3065545393590448
110 2.50140914039891 1.4734342885702525
111 -0.6794637941473806 -0.8389580753655084
112 1.7639240904447884 4.107802262837822
113 0.9725070727057277 1.591888101290654
114 -0.10070204258331136 2.7240177497171647
115 -0.4159988702734344 -4.273492294402386
116 2.486621011693202 -0.10694654608048529
117 0.9477274149950693 0.3077329443477957
