1 -2.0432757530018333 -2.564243411735914
2 6.545016530698934 4.398916693754322
3 0.11596870905381193 1.648840395787851e-16
4 -6.545016530698937 4.398916693754323
5 -2.0432757530018293 2.5642434117359203
6 -0.8680580599684867 0.07941243881415007
7 -9.515684388946054 2.833311335880383
8 1.793215617925918 5.591438716537386
9 -6.023850021019825 8.31350746575104e-17
10 -1.793215617925924 5.591438716537384
11 -9.515684388946054 -2.8333113358803823
12 0.8680580599684881 0.07941243881414665
13 5.798810790093073 1.0829554673879251
14 3.270175168899556 5.27075706504765
15 0.16345760832799616 8.733838401850265
16 -6.2812080714536656 3.4000086450888234
17 11.40094405315377 -1.6203276682784164e-16
18 6.281208071453666 3.4000086450888225
19 0.16345760832799622 -8.733838401850265
20 -3.2701751688995566 5.270757065047647
21 5.798810790093076 -1.0829554673879251
22 3.9681451607309857 1.7978999057709426
23 -4.010170828166346 1.120417246046047
24 5.134088400305007 -0.3604046199775452
25 6.722047593514796 -4.273607313994342
26 0.5433117937920559 5.242993424449327
27 -5.129181948224523 -3.398339397797944e-17
28 -0.5433117937920571 5.242993424449327
29 6.722047593514796 4.273607313994342
30 -5.134088400305008 -0.360404619977544
31 -4.010170828166346 -1.1204172460460489
32 -3.9681451607309857 1.7978999057709417
33 3.9610896568953047 -0.6123960048613329
34 2.3550475462485654 -0.5191150514098866
35 -1.7834243269235062 0.2403185722148501
36 -3.1813621098630827 -0.7894241110075284
37 -5.448839105801938 2.2817943122634614
38 1.6685597646380959 3.5815443098825486
39 2.825084853462156 -3.700275029603522e-17
40 -1.6685597646380967 3.5815443098825495
41 -5.448839105801938 -2.281794312263462
42 3.181362109863082 -0.7894241110075293
43 -1.7834243269235062 -0.24031857221485078
44 -2.3550475462485654 -0.5191150514098862
45 3.9610896568953033 0.6123960048613332
46 -0.6982497747173756 -3.503165378349676
47 1.6789050036981126 -0.2061957603078051
48 -2.0399112287365644 -1.7531817983566202
49 0.5339112727640798 -1.2824764879503905
50 0.30178576756451947 0.8185675113790315
51 -3.7363982055244884 -1.3939928413777316
52 -3.328911010847446 -0.4053310795363953
53 -4.690917385787724 -3.3610019725361794e-17
54 3.3289110108474484 -0.40533107953639685
55 -3.7363982055244906 1.3939928413777303
56 -0.30178576756452086 0.8185675113790357
57 0.5339112727640802 1.2824764879503894
58 2.039911228736562 -1.7531817983566202
59 1.678905003698111 0.20619576030780348
60 0.6982497747173756 -3.503165378349679
61 -2.383248448185244 -2.6456303339564116
62 -3.983917444412376 0.3534249342307236
63 -1.7062721312142286 0.36788231882197575
64 -2.6815315864519094 -0.00870088488242282
65 -2.712811413793567 0.8749013003218383
66 0.06379103261414083 -1.029513298256628
67 -0.7137705780230703 0.7625329310731044
68 -1.6470092925946356 0.0654264802982254
69 -2.082989125326167 1.0944201613196627e-17
70 1.6470092925946356 0.06542648029822563
71 -0.7137705780230689 -0.7625329310731044
72 -0.06379103261414053 -1.0295132982566269
73 -2.712811413793567 -0.8749013003218391
74 2.6815315864519103 -0.008700884882422643
75 -1.7062721312142284 -0.36788231882197786
76 3.98391744441238 0.3534249342307251
77 -2.3832484481852427 2.6456303339564124
78 -1.1291571193523526 4.241941916511248
79 -0.30298980898780614 -1.7736826455232237
80 -0.6833375891477808 -0.2076515404476594
81 -1.6658206743966708 1.4934590001941943
82 0.8890811868930453 4.814695006065973
83 3.6592053870662915 -0.3456771965229572
84 1.615234208699316 -2.0524419178217035
85 -0.07679471833217995 1.6298370713940726
86 1.5494692716526617 -3.108884716979023
87 -0.7825064703056723 1.12356856713507e-17
88 -1.5494692716526623 -3.108884716979016
89 -0.07679471833218114 -1.6298370713940733
90 -1.6152342086993197 -2.052441917821702
91 3.659205387066291 0.34567719652296247
92 -0.8890811868930453 4.814695006065973
93 -1.6658206743966706 -1.4934590001941939
94 0.6833375891477814 -0.20765154044765896
95 -0.30298980898780564 1.773682645523224
96 1.129157119352352 4.241941916511247
97 1.300633239798714 -0.7936159073818938
98 2.4141562096070057 -0.5103244605319935
99 0.3658108092373599 2.9195628908417834
100 -0.14078181944761042 0.897715765230885
101 -1.2641106884323583 -0.565571200820528
102 -0.5593056131437453 -1.621671646497867
103 0.9086434822621676 -0.5282167534109369
104 0.6888017156156295 -0.20566646818471804
105 -1.9328843117436392 1.6713129635524684
106 -0.26260535906475224 1.5630961478004963
107 0.06668450715692208 1.115283024581899e-16
108 0.2626053590647522 1.5630961478004965
109 -1.9328843117436398 -1.6713129635524697
110 -0.6888017156156291 -0.20566646818471854
111 0.9086434822621672 0.5282167534109363
112 0.5593056131437438 -1.6216716464978667
113 -1.264110688432358 0.5655712008205275
114 0.14078181944760979 0.8977157652308858
115 0.3658108092373599 -2.9195628908417857
116 -2.414156209607005 -0.510324460531992
117 1.3006332397987146 0.7936159073818914
