1 11.68905577618976 -3.062422652223431
2 5.687631786483641 -3.0795073227713954
3 4.168778524165003 7.35111838580586e-17
4 -5.687631786483639 -3.079507322771396
5 11.689055776189765 3.062422652223432
6 -2.099765893030295 -6.19175268173638
7 -3.026923016190996 -3.313034167400949
8 -6.247283275899489 -1.659863939174763
9 4.569165743887176 1.493339718846423e-16
10 6.247283275899485 -1.6598639391747627
11 -3.0269230161909944 3.313034167400949
12 2.099765893030295 -6.191752681736381
13 5.26038722166974 0.8594151584978291
14 3.8280663216343553 -6.936980284234621
15 3.341934011029536 1.5644795796052233
16 3.5377033864544005 -0.5392570653093736
17 9.621831872321952 2.324312897042725e-17
18 -3.5377033864544005 -0.5392570653093723
19 3.341934011029536 -1.5644795796052233
20 -3.8280663216343553 -6.936980284234621
21 5.260387221669741 -0.8594151584978282
22 -5.162960499259208 -4.288726148150443
23 0.7554952491911051 -7.081196018281817
24 -1.8984798646212926 2.373536343699799
25 4.743398218124483 13.901633942299247
26 0.5777985989738512 -0.8819929102621412
27 3.068868457643657 2.5723135020482433e-17
28 -0.5777985989738502 -0.881992910262141
29 4.743398218124482 -13.901633942299247
30 1.8984798646212924 2.3735363436997976
31 0.7554952491911054 7.081196018281817
32 5.162960499259209 -4.2887261481504435
33 -8.968612177975427 -1.5021980374747008
34 -0.4333348884102152 6.428811021533752
35 -1.0246233469020343 -0.6181455624860042
36 -0.1099717980871568 -1.5120919640280115
37 9.751599690474366 4.653089783367091
38 1.5973434606055428 3.332534234542455
39 2.4425868024806974 1.2442384248605152e-16
40 -1.5973434606055417 3.332534234542454
41 9.751599690474366 -4.65308978336709
42 0.1099717980871555 -1.5120919640280128
43 -1.0246233469020354 0.6181455624860035
44 0.433334888410215 6.428811021533752
45 -8.968612177975427 1.5021980374746993
46 2.6909288737651256 -1.7501898515545502
47 2.234258874201303 1.6729537257026235
48 0.07946544871620442 -0.7872387445129895
49 -4.356947105978498 -4.274435612904136
50 0.3123264725805649 -0.6636174718233955
51 1.2337403704924061 -0.1417203204826818
52 -0.6151823373371728 3.75869791560725
53 -0.7781946995170114 6.989546296272535e-17
54 0.6151823373371734 3.7586979156072506
55 1.233740370492405 0.14172032048268135
56 -0.31232647258056495 -0.6636174718233931
57 -4.356947105978498 4.274435612904136
58 -0.07946544871620465 -0.7872387445129895
59 2.234258874201303 -1.6729537257026235
60 -2.690928873765127 -1.7501898515545502
61 -3.0955736320455034 -2.3743290597632076
62 3.501583529826813 2.1401214479339066
63 0.635551161890769 4.716922923368005
64 -0.26833581114376365 1.7104812415579707
65 -0.2550104275624792 -0.04122537029201305
66 -4.485713639708039 0.4831691861620389
67 2.3165561544145836 -5.591499140424874
68 -0.44591104666481796 -3.213455325043905
69 -0.26434706308720635 2.0123152564909814e-17
70 0.44591104666481657 -3.213455325043904
71 2.3165561544145836 5.591499140424875
72 4.485713639708037 0.48316918616203847
73 -0.25501042756247927 0.04122537029201261
74 0.26833581114376365 1.7104812415579713
75 0.6355511618907697 -4.716922923368005
76 -3.5015835298268136 2.140121447933906
77 -3.0955736320455043 2.374329059763207
78 -3.351623666740112 0.7336271834147359
79 3.140138646508901 -0.1059705039457203
80 -2.886453897649051 0.6358333419314405
81 3.4720070554884006 1.461953854735931
82 -2.564118058586376 0.024250021798670238
83 1.3037859848146969 -0.4599043763190458
84 1.2290471327796297 -0.22967234402911013
85 0.13971535913748484 1.7103432167895716
86 -2.414875755814873 1.5376713869236118
87 4.841644994496733 -5.370703323964956e-17
88 2.414875755814874 1.537671386923609
89 0.13971535913748453 -1.7103432167895716
90 -1.2290471327796273 -0.2296723440291098
91 1.3037859848146973 0.4599043763190465
92 2.5641180585863754 0.024250021798670328
93 3.4720070554884006 -1.4619538547359308
94 2.8864538976490524 0.6358333419314404
95 3.140138646508902 0.10597050394572119
96 3.3516236667401116 0.7336271834147353
97 1.2369522762584266 0.5177254234150533
98 -1.3677940710861831 -0.8607177587425334
99 -1.165105658358051 -0.8561403313301116
100 -2.195626764614016 0.10201748519341583
101 -1.374525887298344 1.4871150775340927
102 1.9186338930471654 0.9133134085968283
103 1.0239459729970033 2.16424657275451
104 0.7204030879547847 0.8135325183586136
105 -0.5381475659524508 -1.9928459501976958
106 -1.5902233354692574 -0.09585744875729667
107 -2.5494213490394593 -5.726037386394886e-17
108 1.5902233354692576 -0.09585744875729689
109 -0.5381475659524514 1.9928459501976958
110 -0.720403087954784 0.8135325183586143
111 1.0239459729970044 -2.1642465727545104
112 -1.918633893047164 0.9133134085968283
113 -1.3745258872983446 -1.4871150775340927
114 2.195626764614016 0.10201748519341677
115 -1.16510565835805 0.8561403313301122
116 1.3677940710861825 -0.8607177587425332
117 1.236952276258426 -0.5177254234150536
