1 -4.371861671455919 -0.7924808315037221
2 -1.9447138174387457 5.745467706389531
3 -22.067021725550667 2.9835971910971873e-16
4 1.9447138174387273 5.745467706389535
5 -4.371861671455913 0.7924808315037252
6 2.6419633756376553 2.8806700576176456
7 4.846167895352105 1.9167987447497299
8 2.44990309131023 2.368645425089539
9 -3.619973750227676 3.1636829805265124e-17
10 -2.449903091310231 2.3686454250895403
11 4.846167895352106 -1.9167987447497308
12 -2.641963375637655 2.8806700576176443
13 4.350947896360596 -4.180285137059619
14 0.9245648255127271 -7.775493763884963
15 -1.5277507972201267 0.9273763647636539
16 2.5975357416784983 5.446447821935961
17 1.8547696071179898 -2.237291686496863e-16
18 -2.5975357416784974 5.446447821935963
19 -1.527750797220126 -0.9273763647636544
20 -0.9245648255127268 -7.775493763884963
21 4.350947896360597 4.180285137059619
22 -6.832880173815649 -4.294241590553014
23 1.8953612042872623 3.262845539989641
24 -3.0993017951306054 5.733134314612648
25 2.9555258132308744 -2.335247714320189
26 2.6529794783802934 -1.945935858562659
27 -0.7838595339054801 5.267759289408934e-17
28 -2.652979478380292 -1.9459358585626583
29 2.9555258132308735 2.33524771432019
30 3.0993017951306028 5.733134314612646
31 1.8953612042872627 -3.2628455399896406
32 6.832880173815648 -4.294241590553013
33 -4.792276285646189 0.864195625457718
34 0.20211010709396424 0.9413666959471749
35 -3.170135038562582 -2.5367014456064294
36 4.6213922494142174 3.023048721826289
37 3.641817352316295 -0.4685262709109596
38 -1.582751919665269 -1.9830153806484874
39 -4.78322219613374 2.817700641756216e-16
40 1.582751919665271 -1.9830153806484865
41 3.641817352316295 0.4685262709109601
42 -4.62139224941422 3.0230487218262874
43 -3.1701350385625817 2.536701445606428
44 -0.20211010709396443 0.9413666959471749
45 -4.792276285646184 -0.8641956254577209
46 0.17865092970726587 -0.3727562357583
47 3.0150863008565247 1.1506765576692009
48 -1.7299595528425007 -1.2968110040983136
49 1.7846207724143992 1.0337991135791595
50 -3.1435523001337717 -4.308919857799539
51 3.8412865181012865 4.832394808070053
52 -0.20978096680341005 3.561338731771585
53 1.2634391834195093 -3.341854676555826e-16
54 0.20978096680341077 3.5613387317715834
55 3.841286518101286 -4.832394808070053
56 3.1435523001337717 -4.3089198577995385
57 1.7846207724143983 -1.0337991135791613
58 1.7299595528424996 -1.2968110040983138
59 3.015086300856527 -1.150676557669201
60 -0.1786509297072662 -0.37275623575830374
61 -1.637671158737216 -0.3215549477223662
62 -0.2969978026219005 -1.0478591219255837
63 2.0614848963820824 1.3054583680595864
64 -0.9143250477362866 1.7208330241023337
65 0.6410025684372705 1.8649930697437491
66 1.1412483647234095 -1.6256944661131083
67 -0.2088822517885123 -1.5854881435916046
68 -2.421372700406394 -0.8692017532728742
69 -0.42641168700994525 -1.4269025819942215e-17
70 2.4213727004063945 -0.8692017532728744
71 -0.2088822517885114 1.5854881435916037
72 -1.1412483647234066 -1.6256944661131083
73 0.6410025684372702 -1.8649930697437485
74 0.9143250477362859 1.7208330241023313
75 2.0614848963820807 -1.3054583680595881
76 0.29699780262190095 -1.0478591219255824
77 -1.637671158737214 0.32155494772236715
78 -2.7605399335399605 -1.1377612218525988
79 3.6950224173741173 0.7573765384780592
80 -2.190972931484661 0.8464399569447272
81 1.2046280047140527 -1.6938872032350702
82 -0.15495498010316075 -0.28862457884361237
83 2.5273459913355496 -0.02636137566962036
84 0.25596685837432237 0.9173105009386454
85 0.08374309040461465 -1.4957465120044786
86 0.0859049588375892 2.5903893485445204
87 1.1424072326048795 9.928643353504109e-17
88 -0.08590495883758995 2.5903893485445213
89 0.083743090404616 1.4957465120044764
90 -0.2559668583743243 0.9173105009386443
91 2.5273459913355514 0.026361375669615907
92 0.15495498010316014 -0.28862457884361264
93 1.2046280047140534 1.6938872032350702
94 2.1909729314846595 0.8464399569447267
95 3.6950224173741177 -0.7573765384780576
96 2.7605399335399623 -1.1377612218525988
97 0.11956891712903887 1.1262592767092012
98 2.571300760851373 -3.318672354028544
99 0.8125499445311472 0.002834776056370106
100 0.18100734703551333 -1.0910099877702846
101 -1.291563881287345 0.07018989278089538
102 -0.22104070002263962 0.48150555012843976
103 0.6520136026213083 -0.510041969259543
104 1.8170942563299797 -0.8700830618245405
105 1.1630952809131598 -0.530875776843035
106 -0.8110913579402945 1.9993785984852204
107 1.2451832696702458 8.030816003527391e-17
108 0.8110913579402947 1.999378598485221
109 1.1630952809131587 0.5308757768430338
110 -1.8170942563299783 -0.8700830618245403
111 0.6520136026213089 0.5100419692595426
112 0.22104070002263979 0.4815055501284401
113 -1.2915638812873445 -0.07018989278089614
114 -0.1810073470355141 -1.0910099877702821
115 0.8125499445311472 -0.0028347760563715197
116 -2.571300760851372 -3.3186723540285423
117 0.11956891712903871 -1.1262592767092037
