8 1 1 -0.3060834657295107 0.
8 1 2 0.0014736353967299807 0.002518890680959184
8 1 3 -0.022829336336344378 0.
8 1 4 -0.0014736353967299807 0.002518890680959184
8 1 5 -0.04669441468273445 -0.017583440267223062
8 1 6 -0.011260089299785395 0.012530703098536855
8 1 7 -0.14695868489461036 0.
8 1 8 0.011260089299785395 0.012530703098536855
8 1 9 -0.04669441468273445 0.017583440267223062
8 1 10 0.013351903214636689 -0.011184218368419846
8 1 11 0.03289560458037669 1.3115597736572801e-16
8 1 12 0.01931071594961899 0.017982976368694524
8 1 13 0.019670679333965414 0.
8 1 14 -0.01931071594961899 0.017982976368694524
8 1 15 0.03289560458037669 -1.3115597736572801e-16
8 1 16 -0.013351903214636689 -0.011184218368419846
8 1 17 -0.18826359401024798 0.011573212819559146
8 1 18 0.021439179505781177 0.023521435076466132
8 1 19 0.007093390795820191 -0.034724512226392
8 1 20 0.006172698673019061 -0.007760830702386204
8 1 21 -0.34961041028785395 0.
8 1 22 -0.006172698673019061 -0.007760830702386204
8 1 23 0.007093390795820191 0.034724512226392
8 1 24 -0.021439179505781177 0.023521435076466132
8 1 25 -0.18826359401024798 -0.011573212819559146
8 1 26 0.00426962860604066 0.004436894041080329
8 1 27 -0.020517113446618485 0.12824521738059141
8 1 28 0.0027923567825896144 -0.00349341931193037
8 1 29 0.007233417202806484 -0.05762697924433412
8 1 30 -0.0020812885037698905 -0.0007933739879868654
8 1 31 -0.00817421365745306 0.
8 1 32 0.0020812885037698905 -0.0007933739879868654
8 1 33 0.007233417202806484 0.05762697924433412
8 1 34 -0.0027923567825896144 -0.00349341931193037
8 1 35 -0.020517113446618485 -0.12824521738059141
8 1 36 -0.00426962860604066 0.004436894041080329
8 1 37 -0.024486757639689005 -0.018441667733534853
8 1 38 0.007154276672216007 -0.0068845692622817815
8 1 39 0.3628306770718737 -0.022304453844587017
8 1 40 0.0075697757479493 0.009681645415482028
8 1 41 -0.016508968632849258 0.012433369849541916
8 1 42 -0.010319448516177623 0.010688492158307642
8 1 43 -0.2933033609626997 0.
8 1 44 0.010319448516177623 0.010688492158307642
8 1 45 -0.016508968632849258 -0.012433369849541916
8 1 46 -0.0075697757479493 0.009681645415482028
8 1 47 0.3628306770718737 0.022304453844587017
8 1 48 -0.007154276672216007 -0.0068845692622817815
8 1 49 -0.024486757639689005 0.018441667733534853
8 1 50 0.016329113772331583 -0.014264369562345105
8 1 51 -0.025252293539180272 0.03352987379854901
8 1 52 -0.006404442909061372 -0.00665534106162053
8 1 53 0.016220202375845254 -0.10138674648652066
8 1 54 -0.024895138481357063 0.022280285985778126
8 1 55 0.035898948801038666 -0.030842997966641122
8 1 56 0.00728857816926569 0.007228651938352839
8 1 57 0.0015092642200194974 0.
8 1 58 -0.00728857816926569 0.007228651938352839
8 1 59 0.035898948801038666 0.030842997966641122
8 1 60 0.024895138481357063 0.022280285985778126
8 1 61 0.016220202375845254 0.10138674648652066
8 1 62 0.006404442909061372 -0.00665534106162053
8 1 63 -0.025252293539180272 -0.03352987379854901
8 1 64 -0.016329113772331583 -0.014264369562345105
8 1 65 -0.11070483943293277 0.022104409858907454
8 1 66 -0.014264369562345315 -0.016329113772331826
8 1 67 0.022905264400171613 0.017250600574903192
8 1 68 -0.0035771383361080885 0.00344228463114074
8 1 69 -0.11800045234874058 0.007253895024238884
8 1 70 -0.010805643888920238 -0.012603425322216645
8 1 71 0.04205863359087437 0.02745213731844143
8 1 72 -0.01054667069957348 0.010051746484158632
8 1 73 -0.4319257645332042 0.
8 1 74 0.01054667069957348 0.010051746484158632
8 1 75 0.04205863359087437 -0.02745213731844143
8 1 76 0.010805643888920238 -0.012603425322216645
8 1 77 -0.11800045234874058 -0.007253895024238884
8 1 78 0.0035771383361080885 0.00344228463114074
8 1 79 0.022905264400171613 -0.017250600574903192
8 1 80 0.014264369562345315 -0.016329113772331826
8 1 81 -0.11070483943293277 -0.022104409858907454
8 2 1 -0.11717715655464 4.89106866052263e-22
8 2 2 -0.031772013476478796 0.07716687125877461
8 2 3 0.01667824463876808 3.648019706948154e-23
8 2 4 0.031772013476478796 0.07716687125877461
8 2 5 0.06208122768324742 0.022337387897940448
8 2 6 0.01601015642938338 -0.058061081547505694
8 2 7 0.33242513510058674 2.348330107823751e-22
8 2 8 -0.01601015642938338 -0.058061081547505694
8 2 9 0.06208122768324742 -0.022337387897940448
8 2 10 -0.044874656203453274 0.07090697525573701
8 2 11 -0.041789426214782224 -2.1033180300045312e-16
8 2 12 -0.10263783706268716 0.017037361748627366
8 2 13 -0.014370649996528635 -3.143281293951723e-23
8 2 14 0.10263783706268716 0.017037361748627366
8 2 15 -0.041789426214782224 2.103316978692202e-16
8 2 16 0.044874656203453274 0.07090697525573701
8 2 17 -0.10396067961210832 -0.008454949010228042
8 2 18 -0.010015815874003709 -0.11530929237230449
8 2 19 -0.00943081548475631 0.044112806560022144
8 2 20 -0.06292850902725192 0.01923184050013059
8 2 21 -0.09572677066307528 5.5866085973506945e-22
8 2 22 0.06292850902725192 0.01923184050013059
8 2 23 -0.00943081548475631 -0.044112806560022144
8 2 24 0.010015815874003709 -0.11530929237230449
8 2 25 -0.10396067961210832 0.008454949010228042
8 2 26 -0.03231512334612916 0.034259222880969054
8 2 27 0.014989022558632001 -0.29009468711781405
8 2 28 -0.03348779565028717 -0.06155531136483665
8 2 29 -0.009189080375125452 0.07661630718519559
8 2 30 -0.012840480140794027 0.07391364285333728
8 2 31 0.005971769529345296 1.3062005864673544e-23
8 2 32 0.012840480140794027 0.07391364285333728
8 2 33 -0.009189080375125452 -0.07661630718519559
8 2 34 0.03348779565028717 -0.06155531136483665
8 2 35 0.014989022558632001 0.29009468711781405
8 2 36 0.03231512334612916 0.034259222880969054
8 2 37 0.03255567044972771 0.023427650072368935
8 2 38 0.05524133702455606 0.052106570716911084
8 2 39 0.20035803507745753 0.01629478545821382
8 2 40 -0.08714976417968028 -0.021263403540043538
8 2 41 0.021949028539604946 -0.01579491845662806
8 2 42 -0.03363847160696513 -0.06444895791366397
8 2 43 0.11766453928330173 4.686848645716654e-22
8 2 44 0.03363847160696513 -0.06444895791366397
8 2 45 0.021949028539604946 0.01579491845662806
8 2 46 0.08714976417968028 -0.021263403540043538
8 2 47 0.20035803507745753 -0.01629478545821382
8 2 48 -0.05524133702455606 0.052106570716911084
8 2 49 0.03255567044972771 -0.023427650072368935
8 2 50 -0.06712207240035521 0.04792410182145627
8 2 51 0.032079631034934705 -0.04457868770005041
8 2 52 0.04847268501919409 -0.05138883432145366
8 2 53 -0.011849862796230402 0.22933998710154957
8 2 54 0.1134625244397636 -0.03779505056601081
8 2 55 -0.04560476973279765 0.04100642854634549
8 2 56 -0.04795143092112712 0.03562462388900054
8 2 57 -0.0011026110227286884 -2.4117326655955252e-24
8 2 58 0.04795143092112712 0.03562462388900054
8 2 59 -0.04560476973279765 -0.04100642854634549
8 2 60 -0.1134625244397636 -0.03779505056601081
8 2 61 -0.011849862796230402 -0.22933998710154957
8 2 62 -0.04847268501919409 -0.05138883432145366
8 2 63 0.032079631034934705 0.04457868770005041
8 2 64 0.06712207240035521 0.04792410182145627
8 2 65 -0.2555493929705045 -0.0161486409324808
8 2 66 0.047924101821456365 0.06712207240035536
8 2 67 -0.03045304120490048 -0.02191455998700843
8 2 68 -0.027620668512278006 -0.026053285358455386
8 2 69 -0.06516080437752403 -0.005299419747283491
8 2 70 0.05049676603735335 0.04754520419168561
8 2 71 -0.05591785710865327 -0.034874235678022114
8 2 72 -0.08734683172826876 -0.0781894049039909
8 2 73 0.09395316933372524 6.901968930420896e-22
8 2 74 0.08734683172826876 -0.0781894049039909
8 2 75 -0.05591785710865327 0.034874235678022114
8 2 76 -0.05049676603735335 0.04754520419168561
8 2 77 -0.06516080437752403 0.005299419747283491
8 2 78 0.027620668512278006 -0.026053285358455386
8 2 79 -0.03045304120490048 0.02191455998700843
8 2 80 -0.047924101821456365 0.06712207240035536
8 2 81 -0.2555493929705045 0.0161486409324808
8 3 1 0.022976001232237565 1.5714584489843823e-21
8 3 2 0.030721017102253192 0.18201660377027357
8 3 3 0.07400510474306919 -1.6272714849672396e-22
8 3 4 -0.030721017102253192 0.18201660377027357
8 3 5 -0.08710517595371264 0.01657794658114474
8 3 6 0.045168579299095166 0.06310147954056156
8 3 7 -0.04060303691315448 -3.5261977299445905e-21
8 3 8 -0.045168579299095166 0.06310147954056156
8 3 9 -0.08710517595371264 -0.01657794658114474
8 3 10 0.05136508215911978 0.17573437554107674
8 3 11 -0.0310144981414417 -1.1580664727118871e-16
8 3 12 0.10953813340166706 0.029234894436265757
8 3 13 -0.06376579078034206 1.4021229131894395e-22
8 3 14 -0.10953813340166706 0.029234894436265757
8 3 15 -0.0310144981414417 1.1580750735877805e-16
8 3 16 -0.05136508215911978 0.17573437554107674
8 3 17 0.018368064764173787 -0.037516501325612614
8 3 18 -0.037303521848718296 0.12435399743546394
8 3 19 0.013232226114761308 0.03273882129986401
8 3 20 -0.15360211166885998 -0.023455931217550154
8 3 21 0.02118015829680984 1.3751726860503501e-21
8 3 22 0.15360211166885998 -0.023455931217550154
8 3 23 0.013232226114761308 -0.03273882129986401
8 3 24 0.037303521848718296 0.12435399743546394
8 3 25 0.018368064764173787 0.037516501325612614
8 3 26 0.03320673465906032 0.07872304860288035
8 3 27 0.06650964825574726 0.03543271565728759
8 3 28 0.03325683745501424 -0.14426029916697852
8 3 29 -0.006819780552887336 -0.10749911313514639
8 3 30 0.010521632040133353 0.1763579241748571
8 3 31 0.026498078130678757 -5.826566572426522e-23
8 3 32 -0.010521632040133353 0.1763579241748571
8 3 33 -0.006819780552887336 0.10749911313514639
8 3 34 -0.03325683745501424 -0.14426029916697852
8 3 35 0.06650964825574726 -0.03543271565728759
8 3 36 -0.03320673465906032 0.07872304860288035
8 3 37 -0.04567833963083594 0.017387097058796656
8 3 38 0.1269371017136511 -0.05354425076014063
8 3 39 -0.03539982018255991 0.07230361052492579
8 3 40 -0.21210861692640717 0.026712754148036883
8 3 41 -0.030796330296658674 -0.011722378445675596
8 3 42 -0.07354925991119779 0.06776488950332353
8 3 43 -0.008530663710705835 -1.026649639961723e-21
8 3 44 0.07354925991119779 0.06776488950332353
8 3 45 -0.030796330296658674 0.011722378445675596
8 3 46 0.21210861692640717 0.026712754148036883
8 3 47 -0.03539982018255991 -0.07230361052492579
8 3 48 -0.1269371017136511 -0.05354425076014063
8 3 49 -0.04567833963083594 -0.017387097058796656
8 3 50 0.07425305942961183 0.12298798804059959
8 3 51 0.02380826317158657 0.06254764251297741
8 3 52 -0.04981010198859016 -0.11808457290432069
8 3 53 -0.05258049371620139 -0.028012021290534584
8 3 54 -0.12360093737973626 -0.10392596712630611
8 3 55 -0.03384609874395492 -0.05753546292588284
8 3 56 0.04994879674304424 0.08021721730627208
8 3 57 -0.004892531917788084 1.0758011500361195e-23
8 3 58 -0.04994879674304424 0.08021721730627208
8 3 59 -0.03384609874395492 0.05753546292588284
8 3 60 0.12360093737973626 -0.10392596712630611
8 3 61 -0.05258049371620139 0.028012021290534584
8 3 62 0.04981010198859016 -0.11808457290432069
8 3 63 0.02380826317158657 -0.06254764251297741
8 3 64 -0.07425305942961183 0.12298798804059959
8 3 65 0.03662813845345419 -0.07165513455106001
8 3 66 0.12298798804059943 -0.07425305942961156
8 3 67 0.04272817422382154 -0.016264140036150326
8 3 68 -0.06346855085682554 0.026772125380070365
8 3 69 0.011512793869352535 -0.023514711647985638
8 3 70 0.12693538982074787 -0.05333003573521283
8 3 71 0.07845744944438539 -0.025882310804201256
8 3 72 -0.20119229501617183 0.0801493163969368
8 3 73 -0.0020249528624494877 -6.382683466250941e-22
8 3 74 0.20119229501617183 0.0801493163969368
8 3 75 0.07845744944438539 0.025882310804201256
8 3 76 -0.12693538982074787 -0.05333003573521283
8 3 77 0.011512793869352535 0.023514711647985638
8 3 78 0.06346855085682554 0.026772125380070365
8 3 79 0.04272817422382154 0.016264140036150326
8 3 80 -0.12298798804059943 -0.07425305942961156
8 3 81 0.03662813845345419 0.07165513455106001
8 4 1 -0.044175804876126566 -1.0147989805551537e-21
8 4 2 -0.06135359455296159 -0.1069001439571726
8 4 3 0.11929560242947353 1.9877495814337988e-22
8 4 4 0.06135359455296159 -0.1069001439571726
8 4 5 0.01827203043605138 0.022484302375103418
8 4 6 0.057376017656578446 0.09465361613703203
8 4 7 0.12095776565880265 -2.258589953412739e-21
8 4 8 -0.057376017656578446 0.09465361613703203
8 4 9 0.01827203043605138 -0.022484302375103418
8 4 10 0.15023258519480606 -0.007086457054603794
8 4 11 -0.042064278034132 1.2902470633904932e-16
8 4 12 0.10762167782679245 -0.14126558526835903
8 4 13 -0.10278991499225107 -1.7127254177055534e-22
8 4 14 -0.10762167782679245 -0.14126558526835903
8 4 15 -0.042064278034132 -1.290243615392165e-16
8 4 16 -0.15023258519480606 -0.007086457054603794
8 4 17 -0.03883495321642159 -0.060476282578388725
8 4 18 -0.13308668373146756 0.15930173997272631
8 4 19 -0.0027757206808711834 0.0444029394055259
8 4 20 0.031629274642974846 -0.10723353931159997
8 4 21 -0.03651718255785646 -1.3328055957642436e-21
8 4 22 -0.031629274642974846 -0.10723353931159997
8 4 23 -0.0027757206808711834 -0.0444029394055259
8 4 24 0.13308668373146756 0.15930173997272631
8 4 25 -0.03883495321642159 0.060476282578388725
8 4 26 -0.0041647043540362395 -0.06986640451372621
8 4 27 0.10721299001721786 -0.10555521071727231
8 4 28 -0.038622192767443345 0.09529385952759718
8 4 29 -0.009249517564338878 0.022550061411938677
8 4 30 -0.08105864068873853 -0.08074646775986717
8 4 31 0.042714677653620234 7.117285205651539e-23
8 4 32 0.08105864068873853 -0.08074646775986717
8 4 33 -0.009249517564338878 -0.022550061411938677
8 4 34 0.038622192767443345 0.09529385952759718
8 4 35 0.10721299001721786 0.10555521071727231
8 4 36 0.0041647043540362395 -0.06986640451372621
8 4 37 0.009581933597682656 0.02358173527594144
8 4 38 -0.1126561922273101 0.006715383989540178
8 4 39 0.07484459458901942 0.11655280815212875
8 4 40 0.05041214772843614 0.14170230668689185
8 4 41 0.006460138313689519 -0.015898802679684486
8 4 42 0.10886144716755083 0.03737074423308731
8 4 43 0.04177625763060649 -2.0203771692878218e-21
8 4 44 -0.10886144716755083 0.03737074423308731
8 4 45 0.006460138313689519 0.015898802679684486
8 4 46 -0.05041214772843614 0.14170230668689185
8 4 47 0.07484459458901942 -0.11655280815212875
8 4 48 0.1126561922273101 0.006715383989540178
8 4 49 0.009581933597682656 -0.02358173527594144
8 4 50 0.148159364875281 0.040483409409020996
8 4 51 0.03229062088937123 -0.013120602939918456
8 4 52 0.006247056531054022 0.10479960677058944
8 4 53 -0.08475931080282577 0.08344872119139908
8 4 54 -0.19354126115603665 -0.10640522800291949
8 4 55 -0.04590471531873803 0.012069199312480542
8 4 56 0.013850718557603935 -0.09030653236314178
8 4 57 -0.00788672003862854 -1.3141158715328167e-23
8 4 58 -0.013850718557603935 -0.09030653236314178
8 4 59 -0.04590471531873803 -0.012069199312480542
8 4 60 0.19354126115603665 -0.10640522800291949
8 4 61 -0.08475931080282577 -0.08344872119139908
8 4 62 -0.006247056531054022 0.10479960677058944
8 4 63 0.03229062088937123 0.013120602939918456
8 4 64 -0.148159364875281 0.040483409409020996
8 4 65 -0.09394738342473617 -0.11550747037128331
8 4 66 0.04048340940902107 -0.14815936487528095
8 4 67 -0.008963078156336719 -0.022058693497043605
8 4 68 0.05632809611365484 -0.0033576919947701993
8 4 69 -0.024341095104295447 -0.03790551613623015
8 4 70 0.014133649860244285 -0.1267404241732898
8 4 71 -0.016457999062473482 -0.035103605831975845
8 4 72 0.17296136882681154 -0.015941242487561215
8 4 73 0.0325072647800052 -2.613759767083061e-21
8 4 74 -0.17296136882681154 -0.015941242487561215
8 4 75 -0.016457999062473482 0.035103605831975845
8 4 76 -0.014133649860244285 -0.1267404241732898
8 4 77 -0.024341095104295447 0.03790551613623015
8 4 78 -0.05632809611365484 -0.0033576919947701993
8 4 79 -0.008963078156336719 0.022058693497043605
8 4 80 -0.04048340940902107 -0.14815936487528095
8 4 81 -0.09394738342473617 0.11550747037128331
8 5 1 -0.0021525710825434645 -2.2619686216557227e-21
8 5 2 -0.05726761618118107 -0.006791313824313293
8 5 3 0.05117625203458357 -8.117950570716003e-22
8 5 4 0.05726761618118107 -0.006791313824313293
8 5 5 0.043500063584484334 0.07745976568577399
8 5 6 0.07933316638601065 -0.07069682084558046
8 5 7 -0.20745484935018296 5.126883639100844e-21
8 5 8 -0.07933316638601065 -0.07069682084558046
8 5 9 0.043500063584484334 -0.07745976568577399
8 5 10 -0.04198345183916675 0.08626140820961962
8 5 11 -0.14491395222797726 1.2618738635748926e-16
8 5 12 -0.13477897105570322 -0.12091873723097098
8 5 13 -0.044095528159696855 6.994754476121566e-22
8 5 14 0.13477897105570322 -0.12091873723097098
8 5 15 -0.14491395222797726 -1.2618735783880636e-16
8 5 16 0.04198345183916675 0.08626140820961962
8 5 17 0.01561108045892665 -0.025943533678669965
8 5 18 -0.14827319753714152 -0.14511366575942403
8 5 19 -0.0066081340293977385 0.15297078044636658
8 5 20 -0.050836944758974344 0.010956279211221737
8 5 21 -0.022699957942296133 -1.97440808148103e-21
8 5 22 0.050836944758974344 0.010956279211221737
8 5 23 -0.0066081340293977385 -0.15297078044636658
8 5 24 0.14827319753714152 -0.14511366575942403
8 5 25 0.01561108045892665 0.025943533678669965
8 5 26 -0.04868292605588186 -0.025756157691012506
8 5 27 0.045992969453723824 0.18103790375268866
8 5 28 -0.05608325451706323 0.015587483499930466
8 5 29 -0.031865140900857104 0.05368473463780681
8 5 30 -0.032383719993785996 0.015464954531547805
8 5 31 0.018324037639777715 -2.906692575203252e-22
8 5 32 0.032383719993785996 0.015464954531547805
8 5 33 -0.031865140900857104 -0.05368473463780681
8 5 34 0.05608325451706323 0.015587483499930466
8 5 35 0.045992969453723824 -0.18103790375268866
8 5 36 0.04868292605588186 -0.025756157691012506
8 5 37 0.022811625791685778 0.0812404876284262
8 5 38 -0.041530556382152604 0.07849885956077587
8 5 39 -0.03008642707855412 0.04999962918882997
8 5 40 -0.06369679840817781 -0.008313483927559248
8 5 41 0.01537959497131714 -0.0547723255855318
8 5 42 0.066151219219567 -0.08959182942184725
8 5 43 -0.12418320714245308 1.5080863311423992e-21
8 5 44 -0.066151219219567 -0.08959182942184725
8 5 45 0.01537959497131714 0.0547723255855318
8 5 46 0.06369679840817781 -0.008313483927559248
8 5 47 -0.03008642707855412 -0.04999962918882997
8 5 48 0.041530556382152604 0.07849885956077587
8 5 49 0.022811625791685778 -0.0812404876284262
8 5 50 -0.07536893203703765 0.10425026361330164
8 5 51 0.1112431191420215 -0.03123610504868211
8 5 52 0.07302438908382271 0.03863423653651847
8 5 53 -0.036360634957079356 -0.14312302967021
8 5 54 0.13674786868832975 -0.15780593335244644
8 5 55 -0.15814448823632937 0.028733037597772803
8 5 56 -0.06894975001446313 -0.04470172910219771
8 5 57 -0.003383299670762081 5.366836843504084e-23
8 5 58 0.06894975001446313 -0.04470172910219771
8 5 59 -0.15814448823632937 -0.028733037597772803
8 5 60 -0.13674786868832975 -0.15780593335244644
8 5 61 -0.036360634957079356 0.14312302967021
8 5 62 -0.07302438908382271 0.03863423653651847
8 5 63 0.1112431191420215 0.03123610504868211
8 5 64 0.07536893203703765 0.10425026361330164
8 5 65 0.11243020026338876 -0.049551192962813594
8 5 66 0.10425026361330147 0.07536893203703747
8 5 67 -0.02133832203694593 -0.07599351766000458
8 5 68 0.02076527819107627 -0.03924942978038786
8 5 69 0.009784762505413993 -0.016260970293817033
8 5 70 0.08089801946935266 0.04980794365567161
8 5 71 -0.039181414906053834 -0.12093402041601667
8 5 72 0.06042137299738652 -0.11875583277726745
8 5 73 -0.14074894143382152 9.529183124471041e-22
8 5 74 -0.06042137299738652 -0.11875583277726745
8 5 75 -0.039181414906053834 0.12093402041601667
8 5 76 -0.08089801946935266 0.04980794365567161
8 5 77 0.009784762505413993 0.016260970293817033
8 5 78 -0.02076527819107627 -0.03924942978038786
8 5 79 -0.02133832203694593 0.07599351766000458
8 5 80 -0.10425026361330147 0.07536893203703747
8 5 81 0.11243020026338876 0.049551192962813594
8 6 1 0.017226637856385514 -5.4765370265701985e-22
8 6 2 -0.0329550249478349 -0.010311843773029988
8 6 3 0.038782379430141393 -7.421186994341359e-22
8 6 4 0.0329550249478349 -0.010311843773029988
8 6 5 -0.07693116359510578 -0.1217400086428553
8 6 6 0.07921910564173376 -0.04136789606149612
8 6 7 0.010605709926188086 9.729690968985944e-22
8 6 8 -0.07921910564173376 -0.04136789606149612
8 6 9 -0.07693116359510578 0.1217400086428553
8 6 10 -0.02494435814985025 0.08373259746903255
8 6 11 0.22775470130223147 -1.5138579983476147e-16
8 6 12 -0.07857249268427333 -0.1226076286224676
8 6 13 -0.033416466354475954 6.394394803789326e-22
8 6 14 0.07857249268427333 -0.1226076286224676
8 6 15 0.22775470130223147 1.5138662766134123e-16
8 6 16 0.02494435814985025 0.08373259746903255
8 6 17 0.010404089385294737 -0.019660524694244817
8 6 18 -0.1489548507930221 -0.08477190968822296
8 6 19 0.011686682689247663 -0.2404172536383648
8 6 20 -0.04839635111847587 0.006783101084302894
8 6 21 0.01990531241167185 -5.043422751751987e-22
8 6 22 0.04839635111847587 0.006783101084302894
8 6 23 0.011686682689247663 0.2404172536383648
8 6 24 0.1489548507930221 -0.08477190968822296
8 6 25 0.010404089385294737 0.019660524694244817
8 6 26 -0.028207824419894938 -0.027492739982429258
8 6 27 0.03485438502350354 -0.00925519696869176
8 6 28 -0.032359750770392 0.01847341353341003
8 6 29 0.050081000043466356 -0.09494305899024215
8 6 30 -0.01844904962232469 0.012260555780501638
8 6 31 0.013886319380282685 -2.6572111948378927e-22
8 6 32 0.01844904962232469 0.012260555780501638
8 6 33 0.050081000043466356 0.09494305899024215
8 6 34 0.032359750770392 0.01847341353341003
8 6 35 0.03485438502350354 0.00925519696869176
8 6 36 0.028207824419894938 -0.027492739982429258
8 6 37 -0.04034304253928608 -0.12768199824093732
8 6 38 -0.04433071118905975 0.04548375019838867
8 6 39 -0.020051262783059902 0.037890711286500414
8 6 40 -0.060265615815688636 -0.005389462398080692
8 6 41 -0.027199273731335516 0.08608318565307188
8 6 42 0.06816826108494398 -0.05209226129943765
8 6 43 0.017888619481453514 2.0638822936539454e-22
8 6 44 -0.06816826108494398 -0.05209226129943765
8 6 45 -0.027199273731335516 -0.08608318565307188
8 6 46 0.060265615815688636 -0.005389462398080692
8 6 47 -0.020051262783059902 -0.037890711286500414
8 6 48 0.04433071118905975 0.04548375019838867
8 6 49 -0.04034304253928608 0.12768199824093732
8 6 50 -0.04429169476874665 0.10289186489822351
8 6 51 -0.17483577655974084 0.055241986092893845
8 6 52 0.042311736629842306 0.0412391099736442
8 6 53 -0.02755481077968335 0.007316875653637889
8 6 54 0.08005936405613542 -0.1573116666713833
8 6 55 0.24854853605949606 -0.050815236435815835
8 6 56 -0.04003019959944279 -0.04664431108517587
8 6 57 -0.0025639316351012994 4.9062013172933995e-23
8 6 58 0.04003019959944279 -0.04664431108517587
8 6 59 0.24854853605949606 0.050815236435815835
8 6 60 -0.08005936405613542 -0.1573116666713833
8 6 61 -0.02755481077968335 -0.007316875653637889
8 6 62 -0.042311736629842306 0.0412391099736442
8 6 63 -0.17483577655974084 -0.055241986092893845
8 6 64 0.04429169476874665 0.10289186489822351
8 6 65 0.004950103228659038 -0.03755087741480875
8 6 66 0.10289186489822348 0.044291694768746705
8 6 67 0.03773746078051389 0.11943557296906505
8 6 68 0.022165355594530044 -0.022741875099194397
8 6 69 0.006521108131371743 -0.012322886002103182
8 6 70 0.07924571491885293 0.029386276888611534
8 6 71 0.06929350423065793 0.19006652757490852
8 6 72 0.06480889123783523 -0.06878617314335309
8 6 73 0.025866748273948553 5.170840994549106e-23
8 6 74 -0.06480889123783523 -0.06878617314335309
8 6 75 0.06929350423065793 -0.19006652757490852
8 6 76 -0.07924571491885293 0.029386276888611534
8 6 77 0.006521108131371743 0.012322886002103182
8 6 78 -0.022165355594530044 -0.022741875099194397
8 6 79 0.03773746078051389 -0.11943557296906505
8 6 80 -0.10289186489822348 0.044291694768746705
8 6 81 0.004950103228659038 0.03755087741480875
8 7 1 -0.009260497605751865 -9.852720869613403e-22
8 7 2 0.024821992419470404 0.03970419062090112
8 7 3 -0.09103228981554205 4.647757470729127e-22
8 7 4 -0.024821992419470404 0.03970419062090112
8 7 5 0.2634863137632697 -0.040963204215314866
8 7 6 0.038708550794317446 0.03639796241740749
8 7 7 -0.06296864056820811 -2.9881520014313655e-21
8 7 8 -0.038708550794317446 0.03639796241740749
8 7 9 0.2634863137632697 0.040963204215314866
8 7 10 0.024790696450756704 0.07139217768176508
8 7 11 0.07663513781908086 -1.4431672999778048e-16
8 7 12 0.06693050894252492 -0.036301006872746934
8 7 13 0.07843710196460431 -4.004695777476595e-22
8 7 14 -0.06693050894252492 -0.036301006872746934
8 7 15 0.07663513781908086 1.44321887823189e-16
8 7 16 -0.024790696450756704 0.07139217768176508
8 7 17 -0.000894625100104903 0.046148343866213845
8 7 18 -0.061442208702302645 0.07352947534486197
8 7 19 -0.040026444395373395 -0.08089584654593672
8 7 20 -0.05365339378648754 -0.008767247924742984
8 7 21 -0.016315993827754383 -1.372009374949783e-21
8 7 22 0.05365339378648754 -0.008767247924742984
8 7 23 -0.040026444395373395 0.08089584654593672
8 7 24 0.061442208702302645 0.07352947534486197
8 7 25 -0.000894625100104903 -0.046148343866213845
8 7 26 0.02272202078816594 0.009045032628733763
8 7 27 -0.08181226952609674 0.05495032160652096
8 7 28 0.0250335615550148 -0.027833616525325976
8 7 29 0.016851306772172406 0.3251763714690386
8 7 30 0.012470352586049683 0.04632147412064027
8 7 31 -0.03259478837738896 1.6641641278584735e-22
8 7 32 -0.012470352586049683 0.04632147412064027
8 7 33 0.016851306772172406 -0.3251763714690386
8 7 34 -0.0250335615550148 -0.027833616525325976
8 7 35 -0.08181226952609674 -0.05495032160652096
8 7 36 -0.02272202078816594 0.009045032628733763
8 7 37 0.13817338862332698 -0.042962571030422954
8 7 38 0.014584676878924892 -0.03663815763127828
8 7 39 0.0017241646347135355 -0.08893931372526796
8 7 40 -0.0717733908399015 0.008690341545484016
8 7 41 0.09315647960592725 0.028965359479778477
8 7 42 0.006539492442447685 0.043336736338980164
8 7 43 -0.04349617635562329 -2.4320848699678812e-21
8 7 44 -0.006539492442447685 0.043336736338980164
8 7 45 0.09315647960592725 -0.028965359479778477
8 7 46 0.0717733908399015 0.008690341545484016
8 7 47 0.0017241646347135355 0.08893931372526796
8 7 48 -0.014584676878924892 -0.03663815763127828
8 7 49 0.13817338862332698 0.042962571030422954
8 7 50 0.04039930597437858 0.0655923481395395
8 7 51 -0.058828923204451544 -0.18920170448980952
8 7 52 -0.034083031182248445 -0.01356754894310101
8 7 53 0.06467827806251226 -0.04344204360884214
8 7 54 -0.07075716496311743 -0.08025543553578512
8 7 55 0.08363186887797344 0.17404025502525872
8 7 56 0.032848302479180226 0.002643126128761855
8 7 57 0.006018211649292985 -3.0726666559857853e-23
8 7 58 -0.032848302479180226 0.002643126128761855
8 7 59 0.08363186887797344 -0.17404025502525872
8 7 60 0.07075716496311743 -0.08025543553578512
8 7 61 0.06467827806251226 0.04344204360884214
8 7 62 0.034083031182248445 -0.01356754894310101
8 7 63 -0.058828923204451544 0.18920170448980952
8 7 64 -0.04039930597437858 0.0655923481395395
8 7 65 0.02874641265318757 0.08814163560568011
8 7 66 0.06559234813953928 -0.04039930597437896
8 7 67 -0.12924937004951437 0.040187805312695474
8 7 68 -0.007292338439462266 0.01831907881563893
8 7 69 -0.0005607359566777173 0.028925005283082016
8 7 70 0.058188689048539424 -0.027671798777677403
8 7 71 -0.23732762048898887 0.06395378208315634
8 7 72 -0.025040914569336294 0.05523220060376559
8 7 73 -0.05211032804774686 -3.0682690514136026e-21
8 7 74 0.025040914569336294 0.05523220060376559
8 7 75 -0.23732762048898887 -0.06395378208315634
8 7 76 -0.058188689048539424 -0.027671798777677403
8 7 77 -0.0005607359566777173 -0.028925005283082016
8 7 78 0.007292338439462266 0.01831907881563893
8 7 79 -0.12924937004951437 -0.040187805312695474
8 7 80 -0.06559234813953928 -0.04039930597437896
8 7 81 0.02874641265318757 -0.08814163560568013
8 8 1 0.028538335837393857 3.246959700441238e-21
8 8 2 -0.20339979000929884 0.046184113247692275
8 8 3 -0.13104936223132768 5.3384901404417164e-20
8 8 4 0.20339979000929884 0.046184113247692275
8 8 5 -0.02421022485552307 -0.005188769827815166
8 8 6 -0.02313447029491621 0.02464402118923888
8 8 7 -0.02425229665099884 3.821593226879226e-20
8 8 8 0.02313447029491621 0.02464402118923888
8 8 9 -0.02421022485552307 0.005188769827815164
8 8 10 0.1667864796762459 0.004956132653029016
8 8 11 0.009707299477257163 -2.3917786043937665e-17
8 8 12 -0.07087385341895881 0.05858515264714379
8 8 13 0.112917429722614 -4.599858976758053e-20
8 8 14 0.07087385341895881 0.05858515264714379
8 8 15 0.009707299477257163 2.3831876341639357e-17
8 8 16 -0.1667864796762459 0.004956132653029016
8 8 17 0.02066697094016456 0.06643478972080942
8 8 18 0.05444259620803612 -0.006031445587046508
8 8 19 0.0036777971695703786 -0.010246999369160393
8 8 20 -0.014819451701711579 -0.1536117160816469
8 8 21 0.02887493688545203 7.303210077172063e-21
8 8 22 0.014819451701711579 -0.1536117160816469
8 8 23 0.0036777971695703786 0.010246999369160393
8 8 24 -0.05444259620803612 -0.006031445587046508
8 8 25 0.02066697094016456 -0.06643478972080942
8 8 26 -0.09524666974057176 0.02971864232458742
8 8 27 -0.11777629416789634 0.021164050686874297
8 8 28 -0.16446150966667236 -0.040961547079683
8 8 29 0.0021345388822395597 -0.029878565450050854
8 8 30 -0.19004773357378715 0.035334905548401165
8 8 31 -0.046923198763617516 1.911486097241584e-20
8 8 32 0.19004773357378715 0.035334905548401165
8 8 33 0.0021345388822395597 0.029878565450050854
8 8 34 0.16446150966667236 -0.040961547079683
8 8 35 -0.11777629416789634 -0.021164050686874297
8 8 36 0.09524666974057176 0.02971864232458742
8 8 37 -0.012695949022330792 -0.005442027706530796
8 8 38 0.04791987087006362 0.15358064022311183
8 8 39 -0.03983038302581479 -0.1280363304559924
8 8 40 -0.023241271665663945 0.21419545838324644
8 8 41 -0.008559607084695699 0.0036690143312642946
8 8 42 -0.045737219758175664 -0.102405678620123
8 8 43 0.004892689905430082 2.479795021223177e-20
8 8 44 0.045737219758175664 -0.102405678620123
8 8 45 -0.008559607084695699 -0.0036690143312642955
8 8 46 0.023241271665663945 0.21419545838324644
8 8 47 -0.03983038302581479 0.1280363304559924
8 8 48 -0.04791987087006362 0.15358064022311183
8 8 49 -0.012695949022330792 0.005442027706530796
8 8 50 0.10273560554981126 -0.015268486510892774
8 8 51 -0.007451803333587299 0.017384644171165548
8 8 52 0.1428700046108577 -0.04457796348688121
8 8 53 0.0931103359861396 -0.016731651171443294
8 8 54 -0.06458592232880346 0.04267007903850486
8 8 55 0.010593568696356538 -0.01599154676344896
8 8 56 -0.10293897034926708 0.03816382826403306
8 8 57 0.00866376974600029 -3.529315105436007e-21
8 8 58 0.10293897034926708 0.03816382826403306
8 8 59 0.010593568696356538 0.01599154676344896
8 8 60 0.06458592232880346 0.04267007903850486
8 8 61 0.0931103359861396 0.016731651171443294
8 8 62 -0.1428700046108577 -0.04457796348688121
8 8 63 -0.007451803333587299 -0.017384644171165548
8 8 64 -0.10273560554981126 -0.015268486510892774
8 8 65 0.031137274862432392 0.12688799936325915
8 8 66 -0.015268486510892803 -0.10273560554981126
8 8 67 0.011875972860377388 0.005090550791792368
8 8 68 -0.02395993543503183 -0.07679032011155597
8 8 69 0.012953709571086693 0.04164020813457052
8 8 70 -0.0043582387129789705 -0.11454512909687388
8 8 71 0.021806654677429888 0.008100964297213806
8 8 72 -0.07364450169070642 -0.2416988626696604
8 8 73 0.014950780634247741 2.903714386349975e-20
8 8 74 0.07364450169070642 -0.2416988626696604
8 8 75 0.021806654677429888 -0.008100964297213806
8 8 76 0.0043582387129789705 -0.11454512909687388
8 8 77 0.012953709571086693 -0.04164020813457052
8 8 78 0.02395993543503183 -0.07679032011155597
8 8 79 0.011875972860377388 -0.005090550791792368
8 8 80 0.015268486510892803 -0.10273560554981126
8 8 81 0.031137274862432392 -0.12688799936325915
8 9 1 0.0035432595784370535 1.3258603061175861e-21
8 9 2 -0.05901405969487893 0.03427752564726949
8 9 3 0.24702161347827367 1.0847524650828553e-19
8 9 4 0.05901405969487893 0.03427752564726949
8 9 5 0.09608664345596235 -0.03374113780357343
8 9 6 -0.07024406712767194 -0.011909283066136653
8 9 7 -0.07703421082910321 6.147251009170825e-20
8 9 8 0.07024406712767194 -0.011909283066136653
8 9 9 0.09608664345596235 0.03374113780357343
8 9 10 0.026555787486947972 -0.057125298349268654
8 9 11 0.06312388875044897 2.198086439371299e-16
8 9 12 -0.04875253204798739 0.12197873633591509
8 9 13 -0.21284381095012805 -9.346665878938856e-20
8 9 14 0.04875253204798739 0.12197873633591509
8 9 15 0.06312388875044897 -2.1993517758637974e-16
8 9 16 -0.026555787486947972 -0.057125298349268654
8 9 17 0.008638916050981483 -0.1252263167748644
8 9 18 0.13844994277492814 -0.036958397542752285
8 9 19 -0.014596608971817807 -0.0666334081605537
8 9 20 0.02605788839498769 -0.031261093759693125
8 9 21 -0.0036735105765885547 7.479859486494987e-21
8 9 22 -0.02605788839498769 -0.031261093759693125
8 9 23 -0.014596608971817807 0.0666334081605537
8 9 24 -0.13844994277492814 -0.036958397542752285
8 9 25 0.008638916050981483 0.1252263167748644
8 9 26 -0.03300280500237371 0.03700523011517256
8 9 27 0.2220025318665052 0.06722480621411028
8 9 28 -0.05011726355961969 -0.03708643947339492
8 9 29 0.013880317100721096 0.11858341186450154
8 9 30 -0.04995403750063033 0.011783926761412706
8 9 31 0.08844792581050591 3.8840368744838596e-20
8 9 32 0.049954037500630336 0.011783926761412706
8 9 33 0.013880317100721094 -0.11858341186450154
8 9 34 0.05011726355961969 -0.03708643947339492
8 9 35 0.2220025318665052 -0.06722480621411028
8 9 36 0.03300280500237371 0.03700523011517256
8 9 37 0.050388260923791915 -0.03538800387571618
8 9 38 0.05966914064472373 0.053215424069194606
8 9 39 -0.0166493356106553 0.24134219651712205
8 9 40 0.029661567921785422 0.045299957546192746
8 9 41 0.033971758584582484 0.023858587345856542
8 9 42 -0.07548268274719386 -0.04462818865048135
8 9 43 -0.04318518860885512 3.726152225302411e-20
8 9 44 0.07548268274719386 -0.04462818865048135
8 9 45 0.033971758584582484 -0.023858587345856542
8 9 46 -0.029661567921785422 0.045299957546192746
8 9 47 -0.0166493356106553 -0.24134219651712205
8 9 48 -0.05966914064472373 0.053215424069194606
8 9 49 0.050388260923791915 0.03538800387571618
8 9 50 0.004203311281791046 -0.08263082825923247
8 9 51 -0.04845701996952486 -0.06899696785354256
8 9 52 0.04950420750356034 -0.05550784517275859
8 9 53 -0.17550841175556678 -0.053145875725007355
8 9 54 0.019296933820493085 0.13758559084421607
8 9 55 0.06888705282305779 0.06346797939046532
8 9 56 -0.03967843364324233 0.055647589119044105
8 9 57 -0.016330780593066738 -7.171378348484019e-21
8 9 58 0.03967843364324233 0.055647589119044105
8 9 59 0.06888705282305779 -0.06346797939046532
8 9 60 -0.019296933820493085 0.13758559084421607
8 9 61 -0.17550841175556678 0.053145875725007355
8 9 62 -0.04950420750356034 -0.05550784517275859
8 9 63 -0.04845701996952486 0.06899696785354256
8 9 64 -0.004203311281791046 -0.08263082825923247
8 9 65 0.04446281577628809 -0.23917764878865996
8 9 66 -0.08263082825923239 -0.0042033112817908645
8 9 67 -0.04713390217304971 0.033102446526189655
8 9 68 -0.029834570322361878 -0.026607712034597348
8 9 69 0.005414727192359692 -0.07848974786169385
8 9 70 -0.05933214344939122 -0.013088632778630632
8 9 71 -0.08654724462336133 0.052678334511750156
8 9 72 -0.0893218790573181 -0.08257415063645374
8 9 73 -0.04752730815282289 4.245688596951964e-20
8 9 74 0.0893218790573181 -0.08257415063645374
8 9 75 -0.08654724462336133 -0.052678334511750156
8 9 76 0.05933214344939122 -0.013088632778630632
8 9 77 0.005414727192359692 0.07848974786169385
8 9 78 0.029834570322361878 -0.026607712034597348
8 9 79 -0.04713390217304971 -0.033102446526189655
8 9 80 0.08263082825923239 -0.0042033112817908645
8 9 81 0.04446281577628809 0.23917764878865996
