0 0.0 0.0 0.0
1 0.0 0.0 0.0
2 0.000609247856148 0.0 0.0
3 0.000609247856148 0.0 0.0
4 0.000609247856148 0.0 0.0
5 0.000609247856148 0.0 0.0
6 0.000609247856148 0.0 0.0
7 0.000609247856148 0.0 0.0
8 0.000609247856148 0.0 0.0
9 0.000609247856148 0.0 0.0
10 0.000609247856148 0.0 0.0
11 0.000609247856148 0.0 0.0
12 0.000609247856148 0.0 0.0
13 0.000609247856148 0.0 0.0
14 0.000609247856148 0.0 0.0
15 0.000609247856148 0.0 0.0
16 0.000609247856148 0.0 0.0
17 0.000609247856148 0.0 0.0
18 0.000609247856148 0.0 0.0
19 0.000609247856148 0.0 0.0
20 0.000609247856148 0.0 0.0
21 0.000609247856148 0.0 0.0
22 0.000609247856148 0.0 0.0
23 0.000609247856148 0.0 0.0
24 0.000609247856148 0.0 0.0
25 0.000609247856148 0.0 0.0
26 0.000609247856148 0.0 0.0
27 0.000609247856148 0.0 0.0
28 0.000609247856148 0.0 0.0
29 0.000609247856148 0.0 0.0
30 0.000609247856148 0.0 0.0
31 0.000609247856148 0.0 0.0
32 0.000609247856148 0.0 0.0
33 0.000609247856148 0.0 0.0
34 0.000609247856148 0.0 0.0
35 0.000609247856148 0.0 0.0
36 0.000609247856148 0.0 0.0
37 0.000609247856148 0.0 0.0
38 0.000609247856148 0.0 0.0
39 0.000609247856148 0.0 0.0
40 0.000609247856148 0.0 0.0
41 0.000609247856148 0.0 0.0
42 0.000609247856148 0.0 0.0
43 0.000609247856148 0.0 0.0
44 0.000609247856148 0.0 0.0
45 0.000609247856148 0.0 0.0
46 0.000609247856148 0.0 0.0
47 0.000609247856148 0.0 0.0
48 0.000609247856148 0.0 0.0
49 0.000609247856148 0.0 0.0
50 0.000609247856148 0.0 0.0
51 -0.000450530427072 0.0 0.0
52 -0.000450530427072 0.0 0.0
53 -0.000450530427072 0.0 0.0
54 -0.000450530427072 0.0 0.0
55 -0.000450530427072 0.0 0.0
56 -0.000450530427072 0.0 0.0
57 -0.000450530427072 0.0 0.0
58 -0.000450530427072 0.0 0.0
59 -0.000450530427072 0.0 0.0
60 -0.000450530427072 0.0 0.0
61 -0.000450530427072 0.0 0.0
62 -0.000450530427072 0.0 0.0
63 -0.000450530427072 0.0 0.0
64 -0.000450530427072 0.0 0.0
65 -0.000450530427072 0.0 0.0
66 -0.000450530427072 0.0 0.0
67 -0.000450530427072 0.0 0.0
68 -0.000450530427072 0.0 0.0
69 -0.000450530427072 0.0 0.0
70 -0.000450530427072 0.0 0.0
71 -0.000450530427072 0.0 0.0
72 -0.000450530427072 0.0 0.0
73 -0.000450530427072 0.0 0.0
74 -0.000450530427072 0.0 0.0
75 -0.000450530427072 0.0 0.0
76 -0.000450530427072 0.0 0.0
77 -0.000450530427072 0.0 0.0
78 -0.000450530427072 0.0 0.0
79 -0.000450530427072 0.0 0.0
80 -0.000450530427072 0.0 0.0
81 -0.000450530427072 0.0 0.0
82 -0.000450530427072 0.0 0.0
83 -0.000450530427072 0.0 0.0
84 -0.000450530427072 0.0 0.0
85 -0.000450530427072 0.0 0.0
86 -0.000450530427072 0.0 0.0
87 -0.000450530427072 0.0 0.0
88 -0.000450530427072 0.0 0.0
89 -0.000450530427072 0.0 0.0
90 -0.000450530427072 0.0 0.0
91 -0.000450530427072 0.0 0.0
92 -0.000450530427072 0.0 0.0
93 -0.000450530427072 0.0 0.0
94 -0.000450530427072 0.0 0.0
95 -0.000450530427072 0.0 0.0
96 -0.000450530427072 0.0 0.0
97 -0.000450530427072 0.0 0.0
98 -0.000450530427072 0.0 0.0
99 -0.000450530427072 0.0 0.0
100 -0.000450530427072 0.0 0.0
101 -0.00146295835039 -0.00530338777601 0.0539895332029
102 -0.00146295835039 -0.00530338777601 0.0539895332029
103 -0.00146295835039 -0.00530338777601 0.0539895332029
104 -0.00146295835039 -0.00530338777601 0.0539895332029
105 -0.00146295835039 -0.00530338777601 0.0539895332029
106 -0.00146295835039 -0.00530338777601 0.0539895332029
107 -0.00146295835039 -0.00530338777601 0.0539895332029
108 -0.00146295835039 -0.00530338777601 0.0539895332029
109 -0.00146295835039 -0.00530338777601 0.0539895332029
110 -0.00146295835039 -0.00530338777601 0.0539895332029
111 -0.00146295835039 -0.00530338777601 0.0539895332029
112 -0.00146295835039 -0.00530338777601 0.0539895332029
113 -0.00146295835039 -0.00530338777601 0.0539895332029
114 -0.00146295835039 -0.00530338777601 0.0539895332029
115 -0.00146295835039 -0.00530338777601 0.0539895332029
116 -0.00146295835039 -0.00530338777601 0.0539895332029
117 -0.00146295835039 -0.00530338777601 0.0539895332029
118 -0.00146295835039 -0.00530338777601 0.0539895332029
119 -0.00146295835039 -0.00530338777601 0.0539895332029
120 -0.00146295835039 -0.00530338777601 0.0539895332029
121 -0.00146295835039 -0.00530338777601 0.0539895332029
122 -0.00146295835039 -0.00530338777601 0.0539895332029
123 -0.00146295835039 -0.00530338777601 0.0539895332029
124 -0.00146295835039 -0.00530338777601 0.0539895332029
125 -0.00146295835039 -0.00530338777601 0.0539895332029
126 -0.00146295835039 -0.00530338777601 0.0539895332029
127 -0.00146295835039 -0.00530338777601 0.0539895332029
128 -0.00146295835039 -0.00530338777601 0.0539895332029
129 -0.00146295835039 -0.00530338777601 0.0539895332029
130 -0.00146295835039 -0.00530338777601 0.0539895332029
131 -0.00146295835039 -0.00530338777601 0.0539895332029
132 -0.00146295835039 -0.00530338777601 0.0539895332029
133 -0.00146295835039 -0.00530338777601 0.0539895332029
134 -0.00146295835039 -0.00530338777601 0.0539895332029
135 -0.00146295835039 -0.00530338777601 0.0539895332029
136 -0.00146295835039 -0.00530338777601 0.0539895332029
137 -0.00146295835039 -0.00530338777601 0.0539895332029
138 -0.00146295835039 -0.00530338777601 0.0539895332029
139 -0.00146295835039 -0.00530338777601 0.0539895332029
140 -0.00146295835039 -0.00530338777601 0.0539895332029
141 -0.00146295835039 -0.00530338777601 0.0539895332029
142 -0.00146295835039 -0.00530338777601 0.0539895332029
143 -0.00146295835039 -0.00530338777601 0.0539895332029
144 -0.00146295835039 -0.00530338777601 0.0539895332029
145 -0.00146295835039 -0.00530338777601 0.0539895332029
146 -0.00146295835039 -0.00530338777601 0.0539895332029
147 -0.00146295835039 -0.00530338777601 0.0539895332029
148 -0.00146295835039 -0.00530338777601 0.0539895332029
149 -0.00146295835039 -0.00530338777601 0.0539895332029
150 -0.00146295835039 -0.00530338777601 0.0539895332029
151 0.00538628304353 -0.00530338777601 0.0539895332029
152 0.00538628304353 -0.00530338777601 0.0539895332029
153 0.00538628304353 -0.00530338777601 0.0539895332029
154 0.00538628304353 -0.00530338777601 0.0539895332029
155 0.00538628304353 -0.00530338777601 0.0539895332029
156 0.00538628304353 -0.00530338777601 0.0539895332029
157 0.00538628304353 -0.00530338777601 0.0539895332029
158 0.00538628304353 -0.00530338777601 0.0539895332029
159 0.00538628304353 -0.00530338777601 0.0539895332029
160 0.00538628304353 -0.00530338777601 0.0539895332029
161 0.00538628304353 -0.00530338777601 0.0539895332029
162 0.00538628304353 -0.00530338777601 0.0539895332029
163 0.00538628304353 -0.00530338777601 0.0539895332029
164 0.00538628304353 -0.00530338777601 0.0539895332029
165 0.00538628304353 -0.00530338777601 0.0539895332029
166 0.00538628304353 -0.00530338777601 0.0539895332029
167 0.00538628304353 -0.00530338777601 0.0539895332029
168 0.00538628304353 -0.00530338777601 0.0539895332029
169 0.00538628304353 -0.00530338777601 0.0539895332029
170 0.00538628304353 -0.00530338777601 0.0539895332029
171 0.00538628304353 -0.00530338777601 0.0539895332029
172 0.00538628304353 -0.00530338777601 0.0539895332029
173 0.00538628304353 -0.00530338777601 0.0539895332029
174 0.00538628304353 -0.00530338777601 0.0539895332029
175 0.00538628304353 -0.00530338777601 0.0539895332029
176 0.00538628304353 -0.00530338777601 0.0539895332029
177 0.00538628304353 -0.00530338777601 0.0539895332029
178 0.00538628304353 -0.00530338777601 0.0539895332029
179 0.00538628304353 -0.00530338777601 0.0539895332029
180 0.00538628304353 -0.00530338777601 0.0539895332029
181 0.00538628304353 -0.00530338777601 0.0539895332029
182 0.00538628304353 -0.00530338777601 0.0539895332029
183 0.00538628304353 -0.00530338777601 0.0539895332029
184 0.00538628304353 -0.00530338777601 0.0539895332029
185 0.00538628304353 -0.00530338777601 0.0539895332029
186 0.00538628304353 -0.00530338777601 0.0539895332029
187 0.00538628304353 -0.00530338777601 0.0539895332029
188 0.00538628304353 -0.00530338777601 0.0539895332029
189 0.00538628304353 -0.00530338777601 0.0539895332029
190 0.00538628304353 -0.00530338777601 0.0539895332029
191 0.00538628304353 -0.00530338777601 0.0539895332029
192 0.00538628304353 -0.00530338777601 0.0539895332029
193 0.00538628304353 -0.00530338777601 0.0539895332029
194 0.00538628304353 -0.00530338777601 0.0539895332029
195 0.00538628304353 -0.00530338777601 0.0539895332029
196 0.00538628304353 -0.00530338777601 0.0539895332029
197 0.00538628304353 -0.00530338777601 0.0539895332029
198 0.00538628304353 -0.00530338777601 0.0539895332029
199 0.00538628304353 -0.00530338777601 0.0539895332029
200 0.00538628304353 -0.00530338777601 0.0539895332029
201 0.0204081632653 -0.0160598193483 -0.0634816757456
202 0.0204081632653 -0.0160598193483 -0.0634816757456
203 0.0204081632653 -0.0160598193483 -0.0634816757456
204 0.0204081632653 -0.0160598193483 -0.0634816757456
205 0.0204081632653 -0.0160598193483 -0.0634816757456
206 0.0204081632653 -0.0160598193483 -0.0634816757456
207 0.0204081632653 -0.0160598193483 -0.0634816757456
208 0.0204081632653 -0.0160598193483 -0.0634816757456
209 0.0204081632653 -0.0160598193483 -0.0634816757456
210 0.0204081632653 -0.0160598193483 -0.0634816757456
211 0.0204081632653 -0.0160598193483 -0.0634816757456
212 0.0204081632653 -0.0160598193483 -0.0634816757456
213 0.0204081632653 -0.0160598193483 -0.0634816757456
214 0.0204081632653 -0.0160598193483 -0.0634816757456
215 0.0204081632653 -0.0160598193483 -0.0634816757456
216 0.0204081632653 -0.0160598193483 -0.0634816757456
217 0.0204081632653 -0.0160598193483 -0.0634816757456
218 0.0204081632653 -0.0160598193483 -0.0634816757456
219 0.0204081632653 -0.0160598193483 -0.0634816757456
220 0.0204081632653 -0.0160598193483 -0.0634816757456
221 0.0204081632653 -0.0160598193483 -0.0634816757456
222 0.0204081632653 -0.0160598193483 -0.0634816757456
223 0.0204081632653 -0.0160598193483 -0.0634816757456
224 0.0204081632653 -0.0160598193483 -0.0634816757456
225 0.0204081632653 -0.0160598193483 -0.0634816757456
226 0.0204081632653 -0.0160598193483 -0.0634816757456
227 0.0204081632653 -0.0160598193483 -0.0634816757456
228 0.0204081632653 -0.0160598193483 -0.0634816757456
229 0.0204081632653 -0.0160598193483 -0.0634816757456
230 0.0204081632653 -0.0160598193483 -0.0634816757456
231 0.0204081632653 -0.0160598193483 -0.0634816757456
232 0.0204081632653 -0.0160598193483 -0.0634816757456
233 0.0204081632653 -0.0160598193483 -0.0634816757456
234 0.0204081632653 -0.0160598193483 -0.0634816757456
235 0.0204081632653 -0.0160598193483 -0.0634816757456
236 0.0204081632653 -0.0160598193483 -0.0634816757456
237 0.0204081632653 -0.0160598193483 -0.0634816757456
238 0.0204081632653 -0.0160598193483 -0.0634816757456
239 0.0204081632653 -0.0160598193483 -0.0634816757456
240 0.0204081632653 -0.0160598193483 -0.0634816757456
241 0.0204081632653 -0.0160598193483 -0.0634816757456
242 0.0204081632653 -0.0160598193483 -0.0634816757456
243 0.0204081632653 -0.0160598193483 -0.0634816757456
244 0.0204081632653 -0.0160598193483 -0.0634816757456
245 0.0204081632653 -0.0160598193483 -0.0634816757456
246 0.0204081632653 -0.0160598193483 -0.0634816757456
247 0.0204081632653 -0.0160598193483 -0.0634816757456
248 0.0204081632653 -0.0160598193483 -0.0634816757456
249 0.0204081632653 -0.0160598193483 -0.0634816757456
250 0.0204081632653 -0.0160598193483 -0.0634816757456
251 0.00610033026213 -0.0160598193483 -0.0634816757456
252 0.00610033026213 -0.0160598193483 -0.0634816757456
253 0.00610033026213 -0.0160598193483 -0.0634816757456
254 0.00610033026213 -0.0160598193483 -0.0634816757456
255 0.00610033026213 -0.0160598193483 -0.0634816757456
256 0.00610033026213 -0.0160598193483 -0.0634816757456
257 0.00610033026213 -0.0160598193483 -0.0634816757456
258 0.00610033026213 -0.0160598193483 -0.0634816757456
259 0.00610033026213 -0.0160598193483 -0.0634816757456
260 0.00610033026213 -0.0160598193483 -0.0634816757456
261 0.00610033026213 -0.0160598193483 -0.0634816757456
262 0.00610033026213 -0.0160598193483 -0.0634816757456
263 0.00610033026213 -0.0160598193483 -0.0634816757456
264 0.00610033026213 -0.0160598193483 -0.0634816757456
265 0.00610033026213 -0.0160598193483 -0.0634816757456
266 0.00610033026213 -0.0160598193483 -0.0634816757456
267 0.00610033026213 -0.0160598193483 -0.0634816757456
268 0.00610033026213 -0.0160598193483 -0.0634816757456
269 0.00610033026213 -0.0160598193483 -0.0634816757456
270 0.00610033026213 -0.0160598193483 -0.0634816757456
271 0.00610033026213 -0.0160598193483 -0.0634816757456
272 0.00610033026213 -0.0160598193483 -0.0634816757456
273 0.00610033026213 -0.0160598193483 -0.0634816757456
274 0.00610033026213 -0.0160598193483 -0.0634816757456
275 0.00610033026213 -0.0160598193483 -0.0634816757456
276 0.00610033026213 -0.0160598193483 -0.0634816757456
277 0.00610033026213 -0.0160598193483 -0.0634816757456
278 0.00610033026213 -0.0160598193483 -0.0634816757456
279 0.00610033026213 -0.0160598193483 -0.0634816757456
280 0.00610033026213 -0.0160598193483 -0.0634816757456
281 0.00610033026213 -0.0160598193483 -0.0634816757456
282 0.00610033026213 -0.0160598193483 -0.0634816757456
283 0.00610033026213 -0.0160598193483 -0.0634816757456
284 0.00610033026213 -0.0160598193483 -0.0634816757456
285 0.00610033026213 -0.0160598193483 -0.0634816757456
286 0.00610033026213 -0.0160598193483 -0.0634816757456
287 0.00610033026213 -0.0160598193483 -0.0634816757456
288 0.00610033026213 -0.0160598193483 -0.0634816757456
289 0.00610033026213 -0.0160598193483 -0.0634816757456
290 0.00610033026213 -0.0160598193483 -0.0634816757456
291 0.00610033026213 -0.0160598193483 -0.0634816757456
292 0.00610033026213 -0.0160598193483 -0.0634816757456
293 0.00610033026213 -0.0160598193483 -0.0634816757456
294 0.00610033026213 -0.0160598193483 -0.0634816757456
295 0.00610033026213 -0.0160598193483 -0.0634816757456
296 0.00610033026213 -0.0160598193483 -0.0634816757456
297 0.00610033026213 -0.0160598193483 -0.0634816757456
298 0.00610033026213 -0.0160598193483 -0.0634816757456
299 0.00610033026213 -0.0160598193483 -0.0634816757456
300 0.00610033026213 -0.0160598193483 -0.0634816757456
301 -0.00218047969734 -0.00119732005935 -0.0332085566477
302 -0.00218047969734 -0.00119732005935 -0.0332085566477
303 -0.00218047969734 -0.00119732005935 -0.0332085566477
304 -0.00218047969734 -0.00119732005935 -0.0332085566477
305 -0.00218047969734 -0.00119732005935 -0.0332085566477
306 -0.00218047969734 -0.00119732005935 -0.0332085566477
307 -0.00218047969734 -0.00119732005935 -0.0332085566477
308 -0.00218047969734 -0.00119732005935 -0.0332085566477
309 -0.00218047969734 -0.00119732005935 -0.0332085566477
310 -0.00218047969734 -0.00119732005935 -0.0332085566477
311 -0.00218047969734 -0.00119732005935 -0.0332085566477
312 -0.00218047969734 -0.00119732005935 -0.0332085566477
313 -0.00218047969734 -0.00119732005935 -0.0332085566477
314 -0.00218047969734 -0.00119732005935 -0.0332085566477
315 -0.00218047969734 -0.00119732005935 -0.0332085566477
316 -0.00218047969734 -0.00119732005935 -0.0332085566477
317 -0.00218047969734 -0.00119732005935 -0.0332085566477
318 -0.00218047969734 -0.00119732005935 -0.0332085566477
319 -0.00218047969734 -0.00119732005935 -0.0332085566477
320 -0.00218047969734 -0.00119732005935 -0.0332085566477
321 -0.00218047969734 -0.00119732005935 -0.0332085566477
322 -0.00218047969734 -0.00119732005935 -0.0332085566477
323 -0.00218047969734 -0.00119732005935 -0.0332085566477
324 -0.00218047969734 -0.00119732005935 -0.0332085566477
325 -0.00218047969734 -0.00119732005935 -0.0332085566477
326 -0.00218047969734 -0.00119732005935 -0.0332085566477
327 -0.00218047969734 -0.00119732005935 -0.0332085566477
328 -0.00218047969734 -0.00119732005935 -0.0332085566477
329 -0.00218047969734 -0.00119732005935 -0.0332085566477
330 -0.00218047969734 -0.00119732005935 -0.0332085566477
331 -0.00218047969734 -0.00119732005935 -0.0332085566477
332 -0.00218047969734 -0.00119732005935 -0.0332085566477
333 -0.00218047969734 -0.00119732005935 -0.0332085566477
334 -0.00218047969734 -0.00119732005935 -0.0332085566477
335 -0.00218047969734 -0.00119732005935 -0.0332085566477
336 -0.00218047969734 -0.00119732005935 -0.0332085566477
337 -0.00218047969734 -0.00119732005935 -0.0332085566477
338 -0.00218047969734 -0.00119732005935 -0.0332085566477
339 -0.00218047969734 -0.00119732005935 -0.0332085566477
340 -0.00218047969734 -0.00119732005935 -0.0332085566477
341 -0.00218047969734 -0.00119732005935 -0.0332085566477
342 -0.00218047969734 -0.00119732005935 -0.0332085566477
343 -0.00218047969734 -0.00119732005935 -0.0332085566477
344 -0.00218047969734 -0.00119732005935 -0.0332085566477
345 -0.00218047969734 -0.00119732005935 -0.0332085566477
346 -0.00218047969734 -0.00119732005935 -0.0332085566477
347 -0.00218047969734 -0.00119732005935 -0.0332085566477
348 -0.00218047969734 -0.00119732005935 -0.0332085566477
349 -0.00218047969734 -0.00119732005935 -0.0332085566477
350 -0.00218047969734 -0.00119732005935 -0.0332085566477
351 -0.0052919583737 -0.00119732005935 -0.0332085566477
352 -0.0052919583737 -0.00119732005935 -0.0332085566477
353 -0.0052919583737 -0.00119732005935 -0.0332085566477
354 -0.0052919583737 -0.00119732005935 -0.0332085566477
355 -0.0052919583737 -0.00119732005935 -0.0332085566477
356 -0.0052919583737 -0.00119732005935 -0.0332085566477
357 -0.0052919583737 -0.00119732005935 -0.0332085566477
358 -0.0052919583737 -0.00119732005935 -0.0332085566477
359 -0.0052919583737 -0.00119732005935 -0.0332085566477
360 -0.0052919583737 -0.00119732005935 -0.0332085566477
361 -0.0052919583737 -0.00119732005935 -0.0332085566477
362 -0.0052919583737 -0.00119732005935 -0.0332085566477
363 -0.0052919583737 -0.00119732005935 -0.0332085566477
364 -0.0052919583737 -0.00119732005935 -0.0332085566477
365 -0.0052919583737 -0.00119732005935 -0.0332085566477
366 -0.0052919583737 -0.00119732005935 -0.0332085566477
367 -0.0052919583737 -0.00119732005935 -0.0332085566477
368 -0.0052919583737 -0.00119732005935 -0.0332085566477
369 -0.0052919583737 -0.00119732005935 -0.0332085566477
370 -0.0052919583737 -0.00119732005935 -0.0332085566477
371 -0.0052919583737 -0.00119732005935 -0.0332085566477
372 -0.0052919583737 -0.00119732005935 -0.0332085566477
373 -0.0052919583737 -0.00119732005935 -0.0332085566477
374 -0.0052919583737 -0.00119732005935 -0.0332085566477
375 -0.0052919583737 -0.00119732005935 -0.0332085566477
376 -0.0052919583737 -0.00119732005935 -0.0332085566477
377 -0.0052919583737 -0.00119732005935 -0.0332085566477
378 -0.0052919583737 -0.00119732005935 -0.0332085566477
379 -0.0052919583737 -0.00119732005935 -0.0332085566477
380 -0.0052919583737 -0.00119732005935 -0.0332085566477
381 -0.0052919583737 -0.00119732005935 -0.0332085566477
382 -0.0052919583737 -0.00119732005935 -0.0332085566477
383 -0.0052919583737 -0.00119732005935 -0.0332085566477
384 -0.0052919583737 -0.00119732005935 -0.0332085566477
385 -0.0052919583737 -0.00119732005935 -0.0332085566477
386 -0.0052919583737 -0.00119732005935 -0.0332085566477
387 -0.0052919583737 -0.00119732005935 -0.0332085566477
388 -0.0052919583737 -0.00119732005935 -0.0332085566477
389 -0.0052919583737 -0.00119732005935 -0.0332085566477
390 -0.0052919583737 -0.00119732005935 -0.0332085566477
391 -0.0052919583737 -0.00119732005935 -0.0332085566477
392 -0.0052919583737 -0.00119732005935 -0.0332085566477
393 -0.0052919583737 -0.00119732005935 -0.0332085566477
394 -0.0052919583737 -0.00119732005935 -0.0332085566477
395 -0.0052919583737 -0.00119732005935 -0.0332085566477
396 -0.0052919583737 -0.00119732005935 -0.0332085566477
397 -0.0052919583737 -0.00119732005935 -0.0332085566477
398 -0.0052919583737 -0.00119732005935 -0.0332085566477
399 -0.0052919583737 -0.00119732005935 -0.0332085566477
400 -0.0052919583737 -0.00119732005935 -0.0332085566477
401 -0.00636700464933 0.00466030617361 -0.00450495597801
402 -0.00636700464933 0.00466030617361 -0.00450495597801
403 -0.00636700464933 0.00466030617361 -0.00450495597801
404 -0.00636700464933 0.00466030617361 -0.00450495597801
405 -0.00636700464933 0.00466030617361 -0.00450495597801
406 -0.00636700464933 0.00466030617361 -0.00450495597801
407 -0.00636700464933 0.00466030617361 -0.00450495597801
408 -0.00636700464933 0.00466030617361 -0.00450495597801
409 -0.00636700464933 0.00466030617361 -0.00450495597801
410 -0.00636700464933 0.00466030617361 -0.00450495597801
411 -0.00636700464933 0.00466030617361 -0.00450495597801
412 -0.00636700464933 0.00466030617361 -0.00450495597801
413 -0.00636700464933 0.00466030617361 -0.00450495597801
414 -0.00636700464933 0.00466030617361 -0.00450495597801
415 -0.00636700464933 0.00466030617361 -0.00450495597801
416 -0.00636700464933 0.00466030617361 -0.00450495597801
417 -0.00636700464933 0.00466030617361 -0.00450495597801
418 -0.00636700464933 0.00466030617361 -0.00450495597801
419 -0.00636700464933 0.00466030617361 -0.00450495597801
420 -0.00636700464933 0.00466030617361 -0.00450495597801
421 -0.00636700464933 0.00466030617361 -0.00450495597801
422 -0.00636700464933 0.00466030617361 -0.00450495597801
423 -0.00636700464933 0.00466030617361 -0.00450495597801
424 -0.00636700464933 0.00466030617361 -0.00450495597801
425 -0.00636700464933 0.00466030617361 -0.00450495597801
426 -0.00636700464933 0.00466030617361 -0.00450495597801
427 -0.00636700464933 0.00466030617361 -0.00450495597801
428 -0.00636700464933 0.00466030617361 -0.00450495597801
429 -0.00636700464933 0.00466030617361 -0.00450495597801
430 -0.00636700464933 0.00466030617361 -0.00450495597801
431 -0.00636700464933 0.00466030617361 -0.00450495597801
432 -0.00636700464933 0.00466030617361 -0.00450495597801
433 -0.00636700464933 0.00466030617361 -0.00450495597801
434 -0.00636700464933 0.00466030617361 -0.00450495597801
435 -0.00636700464933 0.00466030617361 -0.00450495597801
436 -0.00636700464933 0.00466030617361 -0.00450495597801
437 -0.00636700464933 0.00466030617361 -0.00450495597801
438 -0.00636700464933 0.00466030617361 -0.00450495597801
439 -0.00636700464933 0.00466030617361 -0.00450495597801
440 -0.00636700464933 0.00466030617361 -0.00450495597801
441 -0.00636700464933 0.00466030617361 -0.00450495597801
442 -0.00636700464933 0.00466030617361 -0.00450495597801
443 -0.00636700464933 0.00466030617361 -0.00450495597801
444 -0.00636700464933 0.00466030617361 -0.00450495597801
445 -0.00636700464933 0.00466030617361 -0.00450495597801
446 -0.00636700464933 0.00466030617361 -0.00450495597801
447 -0.00636700464933 0.00466030617361 -0.00450495597801
448 -0.00636700464933 0.00466030617361 -0.00450495597801
449 -0.00636700464933 0.00466030617361 -0.00450495597801
450 -0.00636700464933 0.00466030617361 -0.00450495597801
451 -0.00832374303137 0.00466030617361 -0.00450495597801
452 -0.00832374303137 0.00466030617361 -0.00450495597801
453 -0.00832374303137 0.00466030617361 -0.00450495597801
454 -0.00832374303137 0.00466030617361 -0.00450495597801
455 -0.00832374303137 0.00466030617361 -0.00450495597801
456 -0.00832374303137 0.00466030617361 -0.00450495597801
457 -0.00832374303137 0.00466030617361 -0.00450495597801
458 -0.00832374303137 0.00466030617361 -0.00450495597801
459 -0.00832374303137 0.00466030617361 -0.00450495597801
460 -0.00832374303137 0.00466030617361 -0.00450495597801
461 -0.00832374303137 0.00466030617361 -0.00450495597801
462 -0.00832374303137 0.00466030617361 -0.00450495597801
463 -0.00832374303137 0.00466030617361 -0.00450495597801
464 -0.00832374303137 0.00466030617361 -0.00450495597801
465 -0.00832374303137 0.00466030617361 -0.00450495597801
466 -0.00832374303137 0.00466030617361 -0.00450495597801
467 -0.00832374303137 0.00466030617361 -0.00450495597801
468 -0.00832374303137 0.00466030617361 -0.00450495597801
469 -0.00832374303137 0.00466030617361 -0.00450495597801
470 -0.00832374303137 0.00466030617361 -0.00450495597801
471 -0.00832374303137 0.00466030617361 -0.00450495597801
472 -0.00832374303137 0.00466030617361 -0.00450495597801
473 -0.00832374303137 0.00466030617361 -0.00450495597801
474 -0.00832374303137 0.00466030617361 -0.00450495597801
475 -0.00832374303137 0.00466030617361 -0.00450495597801
476 -0.00832374303137 0.00466030617361 -0.00450495597801
477 -0.00832374303137 0.00466030617361 -0.00450495597801
478 -0.00832374303137 0.00466030617361 -0.00450495597801
479 -0.00832374303137 0.00466030617361 -0.00450495597801
480 -0.00832374303137 0.00466030617361 -0.00450495597801
481 -0.00832374303137 0.00466030617361 -0.00450495597801
482 -0.00832374303137 0.00466030617361 -0.00450495597801
483 -0.00832374303137 0.00466030617361 -0.00450495597801
484 -0.00832374303137 0.00466030617361 -0.00450495597801
485 -0.00832374303137 0.00466030617361 -0.00450495597801
486 -0.00832374303137 0.00466030617361 -0.00450495597801
487 -0.00832374303137 0.00466030617361 -0.00450495597801
488 -0.00832374303137 0.00466030617361 -0.00450495597801
489 -0.00832374303137 0.00466030617361 -0.00450495597801
490 -0.00832374303137 0.00466030617361 -0.00450495597801
491 -0.00832374303137 0.00466030617361 -0.00450495597801
492 -0.00832374303137 0.00466030617361 -0.00450495597801
493 -0.00832374303137 0.00466030617361 -0.00450495597801
494 -0.00832374303137 0.00466030617361 -0.00450495597801
495 -0.00832374303137 0.00466030617361 -0.00450495597801
496 -0.00832374303137 0.00466030617361 -0.00450495597801
497 -0.00832374303137 0.00466030617361 -0.00450495597801
498 -0.00832374303137 0.00466030617361 -0.00450495597801
499 -0.00832374303137 0.00466030617361 -0.00450495597801
500 -0.00832374303137 0.00466030617361 -0.00450495597801
501 -0.00648962171185 0.0243974967205 0.006956312661
502 -0.00648962171185 0.0243974967205 0.006956312661
503 -0.00648962171185 0.0243974967205 0.006956312661
504 -0.00648962171185 0.0243974967205 0.006956312661
505 -0.00648962171185 0.0243974967205 0.006956312661
506 -0.00648962171185 0.0243974967205 0.006956312661
507 -0.00648962171185 0.0243974967205 0.006956312661
508 -0.00648962171185 0.0243974967205 0.006956312661
509 -0.00648962171185 0.0243974967205 0.006956312661
510 -0.00648962171185 0.0243974967205 0.006956312661
511 -0.00648962171185 0.0243974967205 0.006956312661
512 -0.00648962171185 0.0243974967205 0.006956312661
513 -0.00648962171185 0.0243974967205 0.006956312661
514 -0.00648962171185 0.0243974967205 0.006956312661
515 -0.00648962171185 0.0243974967205 0.006956312661
516 -0.00648962171185 0.0243974967205 0.006956312661
517 -0.00648962171185 0.0243974967205 0.006956312661
518 -0.00648962171185 0.0243974967205 0.006956312661
519 -0.00648962171185 0.0243974967205 0.006956312661
520 -0.00648962171185 0.0243974967205 0.006956312661
521 -0.00648962171185 0.0243974967205 0.006956312661
522 -0.00648962171185 0.0243974967205 0.006956312661
523 -0.00648962171185 0.0243974967205 0.006956312661
524 -0.00648962171185 0.0243974967205 0.006956312661
525 -0.00648962171185 0.0243974967205 0.006956312661
526 -0.00648962171185 0.0243974967205 0.006956312661
527 -0.00648962171185 0.0243974967205 0.006956312661
528 -0.00648962171185 0.0243974967205 0.006956312661
529 -0.00648962171185 0.0243974967205 0.006956312661
530 -0.00648962171185 0.0243974967205 0.006956312661
531 -0.00648962171185 0.0243974967205 0.006956312661
532 -0.00648962171185 0.0243974967205 0.006956312661
533 -0.00648962171185 0.0243974967205 0.006956312661
534 -0.00648962171185 0.0243974967205 0.006956312661
535 -0.00648962171185 0.0243974967205 0.006956312661
536 -0.00648962171185 0.0243974967205 0.006956312661
537 -0.00648962171185 0.0243974967205 0.006956312661
538 -0.00648962171185 0.0243974967205 0.006956312661
539 -0.00648962171185 0.0243974967205 0.006956312661
540 -0.00648962171185 0.0243974967205 0.006956312661
541 -0.00648962171185 0.0243974967205 0.006956312661
542 -0.00648962171185 0.0243974967205 0.006956312661
543 -0.00648962171185 0.0243974967205 0.006956312661
544 -0.00648962171185 0.0243974967205 0.006956312661
545 -0.00648962171185 0.0243974967205 0.006956312661
546 -0.00648962171185 0.0243974967205 0.006956312661
547 -0.00648962171185 0.0243974967205 0.006956312661
548 -0.00648962171185 0.0243974967205 0.006956312661
549 -0.00648962171185 0.0243974967205 0.006956312661
550 -0.00648962171185 0.0243974967205 0.006956312661
551 -0.00395925901631 0.0243974967205 0.006956312661
552 -0.00395925901631 0.0243974967205 0.006956312661
553 -0.00395925901631 0.0243974967205 0.006956312661
554 -0.00395925901631 0.0243974967205 0.006956312661
555 -0.00395925901631 0.0243974967205 0.006956312661
556 -0.00395925901631 0.0243974967205 0.006956312661
557 -0.00395925901631 0.0243974967205 0.006956312661
558 -0.00395925901631 0.0243974967205 0.006956312661
559 -0.00395925901631 0.0243974967205 0.006956312661
560 -0.00395925901631 0.0243974967205 0.006956312661
561 -0.00395925901631 0.0243974967205 0.006956312661
562 -0.00395925901631 0.0243974967205 0.006956312661
563 -0.00395925901631 0.0243974967205 0.006956312661
564 -0.00395925901631 0.0243974967205 0.006956312661
565 -0.00395925901631 0.0243974967205 0.006956312661
566 -0.00395925901631 0.0243974967205 0.006956312661
567 -0.00395925901631 0.0243974967205 0.006956312661
568 -0.00395925901631 0.0243974967205 0.006956312661
569 -0.00395925901631 0.0243974967205 0.006956312661
570 -0.00395925901631 0.0243974967205 0.006956312661
571 -0.00395925901631 0.0243974967205 0.006956312661
572 -0.00395925901631 0.0243974967205 0.006956312661
573 -0.00395925901631 0.0243974967205 0.006956312661
574 -0.00395925901631 0.0243974967205 0.006956312661
575 -0.00395925901631 0.0243974967205 0.006956312661
576 -0.00395925901631 0.0243974967205 0.006956312661
577 -0.00395925901631 0.0243974967205 0.006956312661
578 -0.00395925901631 0.0243974967205 0.006956312661
579 -0.00395925901631 0.0243974967205 0.006956312661
580 -0.00395925901631 0.0243974967205 0.006956312661
581 -0.00395925901631 0.0243974967205 0.006956312661
582 -0.00395925901631 0.0243974967205 0.006956312661
583 -0.00395925901631 0.0243974967205 0.006956312661
584 -0.00395925901631 0.0243974967205 0.006956312661
585 -0.00395925901631 0.0243974967205 0.006956312661
586 -0.00395925901631 0.0243974967205 0.006956312661
587 -0.00395925901631 0.0243974967205 0.006956312661
588 -0.00395925901631 0.0243974967205 0.006956312661
589 -0.00395925901631 0.0243974967205 0.006956312661
590 -0.00395925901631 0.0243974967205 0.006956312661
591 -0.00395925901631 0.0243974967205 0.006956312661
592 -0.00395925901631 0.0243974967205 0.006956312661
593 -0.00395925901631 0.0243974967205 0.006956312661
594 -0.00395925901631 0.0243974967205 0.006956312661
595 -0.00395925901631 0.0243974967205 0.006956312661
596 -0.00395925901631 0.0243974967205 0.006956312661
597 -0.00395925901631 0.0243974967205 0.006956312661
598 -0.00395925901631 0.0243974967205 0.006956312661
599 -0.00395925901631 0.0243974967205 0.006956312661
600 -0.00395925901631 0.0243974967205 0.006956312661
601 1.13510445123e-05 -0.00016603888694 -0.00359892210375
602 1.13510445123e-05 -0.00016603888694 -0.00359892210375
603 1.13510445123e-05 -0.00016603888694 -0.00359892210375
604 1.13510445123e-05 -0.00016603888694 -0.00359892210375
605 1.13510445123e-05 -0.00016603888694 -0.00359892210375
606 1.13510445123e-05 -0.00016603888694 -0.00359892210375
607 1.13510445123e-05 -0.00016603888694 -0.00359892210375
608 1.13510445123e-05 -0.00016603888694 -0.00359892210375
609 1.13510445123e-05 -0.00016603888694 -0.00359892210375
610 1.13510445123e-05 -0.00016603888694 -0.00359892210375
611 1.13510445123e-05 -0.00016603888694 -0.00359892210375
612 1.13510445123e-05 -0.00016603888694 -0.00359892210375
613 1.13510445123e-05 -0.00016603888694 -0.00359892210375
614 1.13510445123e-05 -0.00016603888694 -0.00359892210375
615 1.13510445123e-05 -0.00016603888694 -0.00359892210375
616 1.13510445123e-05 -0.00016603888694 -0.00359892210375
617 1.13510445123e-05 -0.00016603888694 -0.00359892210375
618 1.13510445123e-05 -0.00016603888694 -0.00359892210375
619 1.13510445123e-05 -0.00016603888694 -0.00359892210375
620 1.13510445123e-05 -0.00016603888694 -0.00359892210375
621 1.13510445123e-05 -0.00016603888694 -0.00359892210375
622 1.13510445123e-05 -0.00016603888694 -0.00359892210375
623 1.13510445123e-05 -0.00016603888694 -0.00359892210375
624 1.13510445123e-05 -0.00016603888694 -0.00359892210375
625 1.13510445123e-05 -0.00016603888694 -0.00359892210375
626 1.13510445123e-05 -0.00016603888694 -0.00359892210375
627 1.13510445123e-05 -0.00016603888694 -0.00359892210375
628 1.13510445123e-05 -0.00016603888694 -0.00359892210375
629 1.13510445123e-05 -0.00016603888694 -0.00359892210375
630 1.13510445123e-05 -0.00016603888694 -0.00359892210375
631 1.13510445123e-05 -0.00016603888694 -0.00359892210375
632 1.13510445123e-05 -0.00016603888694 -0.00359892210375
633 1.13510445123e-05 -0.00016603888694 -0.00359892210375
634 1.13510445123e-05 -0.00016603888694 -0.00359892210375
635 1.13510445123e-05 -0.00016603888694 -0.00359892210375
636 1.13510445123e-05 -0.00016603888694 -0.00359892210375
637 1.13510445123e-05 -0.00016603888694 -0.00359892210375
638 1.13510445123e-05 -0.00016603888694 -0.00359892210375
639 1.13510445123e-05 -0.00016603888694 -0.00359892210375
640 1.13510445123e-05 -0.00016603888694 -0.00359892210375
641 1.13510445123e-05 -0.00016603888694 -0.00359892210375
642 1.13510445123e-05 -0.00016603888694 -0.00359892210375
643 1.13510445123e-05 -0.00016603888694 -0.00359892210375
644 1.13510445123e-05 -0.00016603888694 -0.00359892210375
645 1.13510445123e-05 -0.00016603888694 -0.00359892210375
646 1.13510445123e-05 -0.00016603888694 -0.00359892210375
647 1.13510445123e-05 -0.00016603888694 -0.00359892210375
648 1.13510445123e-05 -0.00016603888694 -0.00359892210375
649 1.13510445123e-05 -0.00016603888694 -0.00359892210375
650 1.13510445123e-05 -0.00016603888694 -0.00359892210375
651 -0.00476131147444 -0.00016603888694 -0.00359892210375
652 -0.00476131147444 -0.00016603888694 -0.00359892210375
653 -0.00476131147444 -0.00016603888694 -0.00359892210375
654 -0.00476131147444 -0.00016603888694 -0.00359892210375
655 -0.00476131147444 -0.00016603888694 -0.00359892210375
656 -0.00476131147444 -0.00016603888694 -0.00359892210375
657 -0.00476131147444 -0.00016603888694 -0.00359892210375
658 -0.00476131147444 -0.00016603888694 -0.00359892210375
659 -0.00476131147444 -0.00016603888694 -0.00359892210375
660 -0.00476131147444 -0.00016603888694 -0.00359892210375
661 -0.00476131147444 -0.00016603888694 -0.00359892210375
662 -0.00476131147444 -0.00016603888694 -0.00359892210375
663 -0.00476131147444 -0.00016603888694 -0.00359892210375
664 -0.00476131147444 -0.00016603888694 -0.00359892210375
665 -0.00476131147444 -0.00016603888694 -0.00359892210375
666 -0.00476131147444 -0.00016603888694 -0.00359892210375
667 -0.00476131147444 -0.00016603888694 -0.00359892210375
668 -0.00476131147444 -0.00016603888694 -0.00359892210375
669 -0.00476131147444 -0.00016603888694 -0.00359892210375
670 -0.00476131147444 -0.00016603888694 -0.00359892210375
671 -0.00476131147444 -0.00016603888694 -0.00359892210375
672 -0.00476131147444 -0.00016603888694 -0.00359892210375
673 -0.00476131147444 -0.00016603888694 -0.00359892210375
674 -0.00476131147444 -0.00016603888694 -0.00359892210375
675 -0.00476131147444 -0.00016603888694 -0.00359892210375
676 -0.00476131147444 -0.00016603888694 -0.00359892210375
677 -0.00476131147444 -0.00016603888694 -0.00359892210375
678 -0.00476131147444 -0.00016603888694 -0.00359892210375
679 -0.00476131147444 -0.00016603888694 -0.00359892210375
680 -0.00476131147444 -0.00016603888694 -0.00359892210375
681 -0.00476131147444 -0.00016603888694 -0.00359892210375
682 -0.00476131147444 -0.00016603888694 -0.00359892210375
683 -0.00476131147444 -0.00016603888694 -0.00359892210375
684 -0.00476131147444 -0.00016603888694 -0.00359892210375
685 -0.00476131147444 -0.00016603888694 -0.00359892210375
686 -0.00476131147444 -0.00016603888694 -0.00359892210375
687 -0.00476131147444 -0.00016603888694 -0.00359892210375
688 -0.00476131147444 -0.00016603888694 -0.00359892210375
689 -0.00476131147444 -0.00016603888694 -0.00359892210375
690 -0.00476131147444 -0.00016603888694 -0.00359892210375
691 -0.00476131147444 -0.00016603888694 -0.00359892210375
692 -0.00476131147444 -0.00016603888694 -0.00359892210375
693 -0.00476131147444 -0.00016603888694 -0.00359892210375
694 -0.00476131147444 -0.00016603888694 -0.00359892210375
695 -0.00476131147444 -0.00016603888694 -0.00359892210375
696 -0.00476131147444 -0.00016603888694 -0.00359892210375
697 -0.00476131147444 -0.00016603888694 -0.00359892210375
698 -0.00476131147444 -0.00016603888694 -0.00359892210375
699 -0.00476131147444 -0.00016603888694 -0.00359892210375
700 -0.00476131147444 -0.00016603888694 -0.00359892210375
701 -0.00219964601918 0.0028280075228 0.00750356771271
702 -0.00219964601918 0.0028280075228 0.00750356771271
703 -0.00219964601918 0.0028280075228 0.00750356771271
704 -0.00219964601918 0.0028280075228 0.00750356771271
705 -0.00219964601918 0.0028280075228 0.00750356771271
706 -0.00219964601918 0.0028280075228 0.00750356771271
707 -0.00219964601918 0.0028280075228 0.00750356771271
708 -0.00219964601918 0.0028280075228 0.00750356771271
709 -0.00219964601918 0.0028280075228 0.00750356771271
710 -0.00219964601918 0.0028280075228 0.00750356771271
711 -0.00219964601918 0.0028280075228 0.00750356771271
712 -0.00219964601918 0.0028280075228 0.00750356771271
713 -0.00219964601918 0.0028280075228 0.00750356771271
714 -0.00219964601918 0.0028280075228 0.00750356771271
715 -0.00219964601918 0.0028280075228 0.00750356771271
716 -0.00219964601918 0.0028280075228 0.00750356771271
717 -0.00219964601918 0.0028280075228 0.00750356771271
718 -0.00219964601918 0.0028280075228 0.00750356771271
719 -0.00219964601918 0.0028280075228 0.00750356771271
720 -0.00219964601918 0.0028280075228 0.00750356771271
721 -0.00219964601918 0.0028280075228 0.00750356771271
722 -0.00219964601918 0.0028280075228 0.00750356771271
723 -0.00219964601918 0.0028280075228 0.00750356771271
724 -0.00219964601918 0.0028280075228 0.00750356771271
725 -0.00219964601918 0.0028280075228 0.00750356771271
726 -0.00219964601918 0.0028280075228 0.00750356771271
727 -0.00219964601918 0.0028280075228 0.00750356771271
728 -0.00219964601918 0.0028280075228 0.00750356771271
729 -0.00219964601918 0.0028280075228 0.00750356771271
730 -0.00219964601918 0.0028280075228 0.00750356771271
731 -0.00219964601918 0.0028280075228 0.00750356771271
732 -0.00219964601918 0.0028280075228 0.00750356771271
733 -0.00219964601918 0.0028280075228 0.00750356771271
734 -0.00219964601918 0.0028280075228 0.00750356771271
735 -0.00219964601918 0.0028280075228 0.00750356771271
736 -0.00219964601918 0.0028280075228 0.00750356771271
737 -0.00219964601918 0.0028280075228 0.00750356771271
738 -0.00219964601918 0.0028280075228 0.00750356771271
739 -0.00219964601918 0.0028280075228 0.00750356771271
740 -0.00219964601918 0.0028280075228 0.00750356771271
741 -0.00219964601918 0.0028280075228 0.00750356771271
742 -0.00219964601918 0.0028280075228 0.00750356771271
743 -0.00219964601918 0.0028280075228 0.00750356771271
744 -0.00219964601918 0.0028280075228 0.00750356771271
745 -0.00219964601918 0.0028280075228 0.00750356771271
746 -0.00219964601918 0.0028280075228 0.00750356771271
747 -0.00219964601918 0.0028280075228 0.00750356771271
748 -0.00219964601918 0.0028280075228 0.00750356771271
749 -0.00219964601918 0.0028280075228 0.00750356771271
750 -0.00219964601918 0.0028280075228 0.00750356771271
751 -0.00118326739243 0.0028280075228 0.00750356771271
752 -0.00118326739243 0.0028280075228 0.00750356771271
753 -0.00118326739243 0.0028280075228 0.00750356771271
754 -0.00118326739243 0.0028280075228 0.00750356771271
755 -0.00118326739243 0.0028280075228 0.00750356771271
756 -0.00118326739243 0.0028280075228 0.00750356771271
757 -0.00118326739243 0.0028280075228 0.00750356771271
758 -0.00118326739243 0.0028280075228 0.00750356771271
759 -0.00118326739243 0.0028280075228 0.00750356771271
760 -0.00118326739243 0.0028280075228 0.00750356771271
761 -0.00118326739243 0.0028280075228 0.00750356771271
762 -0.00118326739243 0.0028280075228 0.00750356771271
763 -0.00118326739243 0.0028280075228 0.00750356771271
764 -0.00118326739243 0.0028280075228 0.00750356771271
765 -0.00118326739243 0.0028280075228 0.00750356771271
766 -0.00118326739243 0.0028280075228 0.00750356771271
767 -0.00118326739243 0.0028280075228 0.00750356771271
768 -0.00118326739243 0.0028280075228 0.00750356771271
769 -0.00118326739243 0.0028280075228 0.00750356771271
770 -0.00118326739243 0.0028280075228 0.00750356771271
771 -0.00118326739243 0.0028280075228 0.00750356771271
772 -0.00118326739243 0.0028280075228 0.00750356771271
773 -0.00118326739243 0.0028280075228 0.00750356771271
774 -0.00118326739243 0.0028280075228 0.00750356771271
775 -0.00118326739243 0.0028280075228 0.00750356771271
776 -0.00118326739243 0.0028280075228 0.00750356771271
777 -0.00118326739243 0.0028280075228 0.00750356771271
778 -0.00118326739243 0.0028280075228 0.00750356771271
779 -0.00118326739243 0.0028280075228 0.00750356771271
780 -0.00118326739243 0.0028280075228 0.00750356771271
781 -0.00118326739243 0.0028280075228 0.00750356771271
782 -0.00118326739243 0.0028280075228 0.00750356771271
783 -0.00118326739243 0.0028280075228 0.00750356771271
784 -0.00118326739243 0.0028280075228 0.00750356771271
785 -0.00118326739243 0.0028280075228 0.00750356771271
786 -0.00118326739243 0.0028280075228 0.00750356771271
787 -0.00118326739243 0.0028280075228 0.00750356771271
788 -0.00118326739243 0.0028280075228 0.00750356771271
789 -0.00118326739243 0.0028280075228 0.00750356771271
790 -0.00118326739243 0.0028280075228 0.00750356771271
791 -0.00118326739243 0.0028280075228 0.00750356771271
792 -0.00118326739243 0.0028280075228 0.00750356771271
793 -0.00118326739243 0.0028280075228 0.00750356771271
794 -0.00118326739243 0.0028280075228 0.00750356771271
795 -0.00118326739243 0.0028280075228 0.00750356771271
796 -0.00118326739243 0.0028280075228 0.00750356771271
797 -0.00118326739243 0.0028280075228 0.00750356771271
798 -0.00118326739243 0.0028280075228 0.00750356771271
799 -0.00118326739243 0.0028280075228 0.00750356771271
800 -0.00118326739243 0.0028280075228 0.00750356771271
801 0.000130092592976 0.00765469988005 0.00814558369256
802 0.000130092592976 0.00765469988005 0.00814558369256
803 0.000130092592976 0.00765469988005 0.00814558369256
804 0.000130092592976 0.00765469988005 0.00814558369256
805 0.000130092592976 0.00765469988005 0.00814558369256
806 0.000130092592976 0.00765469988005 0.00814558369256
807 0.000130092592976 0.00765469988005 0.00814558369256
808 0.000130092592976 0.00765469988005 0.00814558369256
809 0.000130092592976 0.00765469988005 0.00814558369256
810 0.000130092592976 0.00765469988005 0.00814558369256
811 0.000130092592976 0.00765469988005 0.00814558369256
812 0.000130092592976 0.00765469988005 0.00814558369256
813 0.000130092592976 0.00765469988005 0.00814558369256
814 0.000130092592976 0.00765469988005 0.00814558369256
815 0.000130092592976 0.00765469988005 0.00814558369256
816 0.000130092592976 0.00765469988005 0.00814558369256
817 0.000130092592976 0.00765469988005 0.00814558369256
818 0.000130092592976 0.00765469988005 0.00814558369256
819 0.000130092592976 0.00765469988005 0.00814558369256
820 0.000130092592976 0.00765469988005 0.00814558369256
821 0.000130092592976 0.00765469988005 0.00814558369256
822 0.000130092592976 0.00765469988005 0.00814558369256
823 0.000130092592976 0.00765469988005 0.00814558369256
824 0.000130092592976 0.00765469988005 0.00814558369256
825 0.000130092592976 0.00765469988005 0.00814558369256
826 0.000130092592976 0.00765469988005 0.00814558369256
827 0.000130092592976 0.00765469988005 0.00814558369256
828 0.000130092592976 0.00765469988005 0.00814558369256
829 0.000130092592976 0.00765469988005 0.00814558369256
830 0.000130092592976 0.00765469988005 0.00814558369256
831 0.000130092592976 0.00765469988005 0.00814558369256
832 0.000130092592976 0.00765469988005 0.00814558369256
833 0.000130092592976 0.00765469988005 0.00814558369256
834 0.000130092592976 0.00765469988005 0.00814558369256
835 0.000130092592976 0.00765469988005 0.00814558369256
836 0.000130092592976 0.00765469988005 0.00814558369256
837 0.000130092592976 0.00765469988005 0.00814558369256
838 0.000130092592976 0.00765469988005 0.00814558369256
839 0.000130092592976 0.00765469988005 0.00814558369256
840 0.000130092592976 0.00765469988005 0.00814558369256
841 0.000130092592976 0.00765469988005 0.00814558369256
842 0.000130092592976 0.00765469988005 0.00814558369256
843 0.000130092592976 0.00765469988005 0.00814558369256
844 0.000130092592976 0.00765469988005 0.00814558369256
845 0.000130092592976 0.00765469988005 0.00814558369256
846 0.000130092592976 0.00765469988005 0.00814558369256
847 0.000130092592976 0.00765469988005 0.00814558369256
848 0.000130092592976 0.00765469988005 0.00814558369256
849 0.000130092592976 0.00765469988005 0.00814558369256
850 0.000130092592976 0.00765469988005 0.00814558369256
851 -0.00225486891536 0.00765469988005 0.00814558369256
852 -0.00225486891536 0.00765469988005 0.00814558369256
853 -0.00225486891536 0.00765469988005 0.00814558369256
854 -0.00225486891536 0.00765469988005 0.00814558369256
855 -0.00225486891536 0.00765469988005 0.00814558369256
856 -0.00225486891536 0.00765469988005 0.00814558369256
857 -0.00225486891536 0.00765469988005 0.00814558369256
858 -0.00225486891536 0.00765469988005 0.00814558369256
859 -0.00225486891536 0.00765469988005 0.00814558369256
860 -0.00225486891536 0.00765469988005 0.00814558369256
861 -0.00225486891536 0.00765469988005 0.00814558369256
862 -0.00225486891536 0.00765469988005 0.00814558369256
863 -0.00225486891536 0.00765469988005 0.00814558369256
864 -0.00225486891536 0.00765469988005 0.00814558369256
865 -0.00225486891536 0.00765469988005 0.00814558369256
866 -0.00225486891536 0.00765469988005 0.00814558369256
867 -0.00225486891536 0.00765469988005 0.00814558369256
868 -0.00225486891536 0.00765469988005 0.00814558369256
869 -0.00225486891536 0.00765469988005 0.00814558369256
870 -0.00225486891536 0.00765469988005 0.00814558369256
871 -0.00225486891536 0.00765469988005 0.00814558369256
872 -0.00225486891536 0.00765469988005 0.00814558369256
873 -0.00225486891536 0.00765469988005 0.00814558369256
874 -0.00225486891536 0.00765469988005 0.00814558369256
875 -0.00225486891536 0.00765469988005 0.00814558369256
876 -0.00225486891536 0.00765469988005 0.00814558369256
877 -0.00225486891536 0.00765469988005 0.00814558369256
878 -0.00225486891536 0.00765469988005 0.00814558369256
879 -0.00225486891536 0.00765469988005 0.00814558369256
880 -0.00225486891536 0.00765469988005 0.00814558369256
881 -0.00225486891536 0.00765469988005 0.00814558369256
882 -0.00225486891536 0.00765469988005 0.00814558369256
883 -0.00225486891536 0.00765469988005 0.00814558369256
884 -0.00225486891536 0.00765469988005 0.00814558369256
885 -0.00225486891536 0.00765469988005 0.00814558369256
886 -0.00225486891536 0.00765469988005 0.00814558369256
887 -0.00225486891536 0.00765469988005 0.00814558369256
888 -0.00225486891536 0.00765469988005 0.00814558369256
889 -0.00225486891536 0.00765469988005 0.00814558369256
890 -0.00225486891536 0.00765469988005 0.00814558369256
891 -0.00225486891536 0.00765469988005 0.00814558369256
892 -0.00225486891536 0.00765469988005 0.00814558369256
893 -0.00225486891536 0.00765469988005 0.00814558369256
894 -0.00225486891536 0.00765469988005 0.00814558369256
895 -0.00225486891536 0.00765469988005 0.00814558369256
896 -0.00225486891536 0.00765469988005 0.00814558369256
897 -0.00225486891536 0.00765469988005 0.00814558369256
898 -0.00225486891536 0.00765469988005 0.00814558369256
899 -0.00225486891536 0.00765469988005 0.00814558369256
900 -0.00225486891536 0.00765469988005 0.00814558369256
901 -0.00413306726614 -0.00171498105161 -0.00104007002024
902 -0.00413306726614 -0.00171498105161 -0.00104007002024
903 -0.00413306726614 -0.00171498105161 -0.00104007002024
904 -0.00413306726614 -0.00171498105161 -0.00104007002024
905 -0.00413306726614 -0.00171498105161 -0.00104007002024
906 -0.00413306726614 -0.00171498105161 -0.00104007002024
907 -0.00413306726614 -0.00171498105161 -0.00104007002024
908 -0.00413306726614 -0.00171498105161 -0.00104007002024
909 -0.00413306726614 -0.00171498105161 -0.00104007002024
910 -0.00413306726614 -0.00171498105161 -0.00104007002024
911 -0.00413306726614 -0.00171498105161 -0.00104007002024
912 -0.00413306726614 -0.00171498105161 -0.00104007002024
913 -0.00413306726614 -0.00171498105161 -0.00104007002024
914 -0.00413306726614 -0.00171498105161 -0.00104007002024
915 -0.00413306726614 -0.00171498105161 -0.00104007002024
916 -0.00413306726614 -0.00171498105161 -0.00104007002024
917 -0.00413306726614 -0.00171498105161 -0.00104007002024
918 -0.00413306726614 -0.00171498105161 -0.00104007002024
919 -0.00413306726614 -0.00171498105161 -0.00104007002024
920 -0.00413306726614 -0.00171498105161 -0.00104007002024
921 -0.00413306726614 -0.00171498105161 -0.00104007002024
922 -0.00413306726614 -0.00171498105161 -0.00104007002024
923 -0.00413306726614 -0.00171498105161 -0.00104007002024
924 -0.00413306726614 -0.00171498105161 -0.00104007002024
925 -0.00413306726614 -0.00171498105161 -0.00104007002024
926 -0.00413306726614 -0.00171498105161 -0.00104007002024
927 -0.00413306726614 -0.00171498105161 -0.00104007002024
928 -0.00413306726614 -0.00171498105161 -0.00104007002024
929 -0.00413306726614 -0.00171498105161 -0.00104007002024
930 -0.00413306726614 -0.00171498105161 -0.00104007002024
931 -0.00413306726614 -0.00171498105161 -0.00104007002024
932 -0.00413306726614 -0.00171498105161 -0.00104007002024
933 -0.00413306726614 -0.00171498105161 -0.00104007002024
934 -0.00413306726614 -0.00171498105161 -0.00104007002024
935 -0.00413306726614 -0.00171498105161 -0.00104007002024
936 -0.00413306726614 -0.00171498105161 -0.00104007002024
937 -0.00413306726614 -0.00171498105161 -0.00104007002024
938 -0.00413306726614 -0.00171498105161 -0.00104007002024
939 -0.00413306726614 -0.00171498105161 -0.00104007002024
940 -0.00413306726614 -0.00171498105161 -0.00104007002024
941 -0.00413306726614 -0.00171498105161 -0.00104007002024
942 -0.00413306726614 -0.00171498105161 -0.00104007002024
943 -0.00413306726614 -0.00171498105161 -0.00104007002024
944 -0.00413306726614 -0.00171498105161 -0.00104007002024
945 -0.00413306726614 -0.00171498105161 -0.00104007002024
946 -0.00413306726614 -0.00171498105161 -0.00104007002024
947 -0.00413306726614 -0.00171498105161 -0.00104007002024
948 -0.00413306726614 -0.00171498105161 -0.00104007002024
949 -0.00413306726614 -0.00171498105161 -0.00104007002024
950 -0.00413306726614 -0.00171498105161 -0.00104007002024
951 -0.00413306726614 -0.00171498105161 -0.00104007002024
952 -0.00413306726614 -0.00171498105161 -0.00104007002024
953 -0.00413306726614 -0.00171498105161 -0.00104007002024
954 -0.00413306726614 -0.00171498105161 -0.00104007002024
955 -0.00413306726614 -0.00171498105161 -0.00104007002024
956 -0.00413306726614 -0.00171498105161 -0.00104007002024
957 -0.00413306726614 -0.00171498105161 -0.00104007002024
958 -0.00413306726614 -0.00171498105161 -0.00104007002024
959 -0.00413306726614 -0.00171498105161 -0.00104007002024
960 -0.00413306726614 -0.00171498105161 -0.00104007002024
961 -0.00413306726614 -0.00171498105161 -0.00104007002024
962 -0.00413306726614 -0.00171498105161 -0.00104007002024
963 -0.00413306726614 -0.00171498105161 -0.00104007002024
964 -0.00413306726614 -0.00171498105161 -0.00104007002024
965 -0.00413306726614 -0.00171498105161 -0.00104007002024
966 -0.00413306726614 -0.00171498105161 -0.00104007002024
967 -0.00413306726614 -0.00171498105161 -0.00104007002024
968 -0.00413306726614 -0.00171498105161 -0.00104007002024
969 -0.00413306726614 -0.00171498105161 -0.00104007002024
970 -0.00413306726614 -0.00171498105161 -0.00104007002024
971 -0.00244442669293 -0.00171498105161 -0.00104007002024
972 -0.00244442669293 -0.00171498105161 -0.00104007002024
973 -0.00244442669293 -0.00171498105161 -0.00104007002024
974 -0.00244442669293 -0.00171498105161 -0.00104007002024
975 -0.00244442669293 -0.00171498105161 -0.00104007002024
976 -0.00244442669293 -0.00171498105161 -0.00104007002024
977 -0.00244442669293 -0.00171498105161 -0.00104007002024
978 -0.00244442669293 -0.00171498105161 -0.00104007002024
979 -0.00244442669293 -0.00171498105161 -0.00104007002024
980 -0.00244442669293 -0.00171498105161 -0.00104007002024
981 -0.00244442669293 -0.00171498105161 -0.00104007002024
982 -0.00244442669293 -0.00171498105161 -0.00104007002024
983 -0.00244442669293 -0.00171498105161 -0.00104007002024
984 -0.00244442669293 -0.00171498105161 -0.00104007002024
985 -0.00244442669293 -0.00171498105161 -0.00104007002024
986 -0.00244442669293 -0.00171498105161 -0.00104007002024
987 -0.00244442669293 -0.00171498105161 -0.00104007002024
988 -0.00244442669293 -0.00171498105161 -0.00104007002024
989 -0.00244442669293 -0.00171498105161 -0.00104007002024
990 -0.00244442669293 -0.00171498105161 -0.00104007002024
991 -0.00244442669293 -0.00171498105161 -0.00104007002024
992 -0.00244442669293 -0.00171498105161 -0.00104007002024
993 -0.00244442669293 -0.00171498105161 -0.00104007002024
994 -0.00244442669293 -0.00171498105161 -0.00104007002024
995 -0.00244442669293 -0.00171498105161 -0.00104007002024
996 -0.00244442669293 -0.00171498105161 -0.00104007002024
997 -0.00244442669293 -0.00171498105161 -0.00104007002024
998 -0.00244442669293 -0.00171498105161 -0.00104007002024
999 -0.00244442669293 -0.00171498105161 -0.00104007002024
1000 -0.00244442669293 -0.00171498105161 -0.00104007002024
1001 -0.00244442669293 0.0 0.0
1002 -0.00244442669293 0.0 0.0
1003 -0.00244442669293 0.0 0.0
1004 -0.00244442669293 0.0 0.0
1005 -0.00244442669293 0.0 0.0
1006 -0.00244442669293 0.0 0.0
1007 -0.00244442669293 0.0 0.0
1008 -0.00244442669293 0.0 0.0
1009 -0.00244442669293 0.0 0.0
1010 -0.00244442669293 0.0 0.0
1011 -0.00244442669293 0.0 0.0
1012 -0.00244442669293 0.0 0.0
1013 -0.00244442669293 0.0 0.0
1014 -0.00244442669293 0.0 0.0
1015 -0.00244442669293 0.0 0.0
1016 -0.00244442669293 0.0 0.0
1017 -0.00244442669293 0.0 0.0
1018 -0.00244442669293 0.0 0.0
1019 -0.00244442669293 0.0 0.0
1020 -0.00244442669293 0.0 0.0
1021 -0.00244442669293 0.0 0.0
1022 -0.00244442669293 0.0 0.0
1023 -0.00244442669293 0.0 0.0
1024 -0.00244442669293 0.0 0.0
1025 -0.00244442669293 0.0 0.0
1026 -0.00244442669293 0.0 0.0
1027 -0.00244442669293 0.0 0.0
1028 -0.00244442669293 0.0 0.0
1029 -0.00244442669293 0.0 0.0
1030 -0.00244442669293 0.0 0.0
1031 -0.000475729783274 0.0 0.0
1032 -0.000475729783274 0.0 0.0
1033 -0.000475729783274 0.0 0.0
1034 -0.000475729783274 0.0 0.0
1035 -0.000475729783274 0.0 0.0
1036 -0.000475729783274 0.0 0.0
1037 -0.000475729783274 0.0 0.0
1038 -0.000475729783274 0.0 0.0
1039 -0.000475729783274 0.0 0.0
1040 -0.000475729783274 0.0 0.0
1041 -0.000475729783274 0.0 0.0
1042 -0.000475729783274 0.0 0.0
1043 -0.000475729783274 0.0 0.0
1044 -0.000475729783274 0.0 0.0
1045 -0.000475729783274 0.0 0.0
1046 -0.000475729783274 0.0 0.0
1047 -0.000475729783274 0.0 0.0
1048 -0.000475729783274 0.0 0.0
1049 -0.000475729783274 0.0 0.0
1050 -0.000475729783274 0.0 0.0
1051 -0.000475729783274 0.0 0.0
1052 -0.000475729783274 0.0 0.0
1053 -0.000475729783274 0.0 0.0
1054 -0.000475729783274 0.0 0.0
1055 -0.000475729783274 0.0 0.0
1056 -0.000475729783274 0.0 0.0
1057 -0.000475729783274 0.0 0.0
1058 -0.000475729783274 0.0 0.0
1059 -0.000475729783274 0.0 0.0
1060 -0.000475729783274 0.0 0.0
1061 -0.000475729783274 0.0 0.0
1062 -0.000475729783274 0.0 0.0
1063 -0.000475729783274 0.0 0.0
1064 -0.000475729783274 0.0 0.0
1065 -0.000475729783274 0.0 0.0
1066 -0.000475729783274 0.0 0.0
1067 -0.000475729783274 0.0 0.0
1068 -0.000475729783274 0.0 0.0
1069 -0.000475729783274 0.0 0.0
1070 -0.000475729783274 0.0 0.0
1071 -0.000475729783274 0.0 0.0
1072 -0.000475729783274 0.0 0.0
1073 -0.000475729783274 0.0 0.0
1074 -0.000475729783274 0.0 0.0
1075 -0.000475729783274 0.0 0.0
1076 -0.000475729783274 0.0 0.0
1077 -0.000475729783274 0.0 0.0
1078 -0.000475729783274 0.0 0.0
1079 -0.000475729783274 0.0 0.0
1080 -0.000475729783274 0.0 0.0
1081 -0.000475729783274 0.0 0.0
1082 -0.000475729783274 0.0 0.0
1083 -0.000475729783274 0.0 0.0
1084 -0.000475729783274 0.0 0.0
1085 -0.000475729783274 0.0 0.0
1086 -0.000475729783274 0.0 0.0
1087 -0.000475729783274 0.0 0.0
1088 -0.000475729783274 0.0 0.0
1089 -0.000475729783274 0.0 0.0
1090 -0.000475729783274 0.0 0.0
1091 -0.00359804887978 0.0 0.0
1092 -0.00359804887978 0.0 0.0
1093 -0.00359804887978 0.0 0.0
1094 -0.00359804887978 0.0 0.0
1095 -0.00359804887978 0.0 0.0
1096 -0.00359804887978 0.0 0.0
1097 -0.00359804887978 0.0 0.0
1098 -0.00359804887978 0.0 0.0
1099 -0.00359804887978 0.0 0.0
1100 -0.00359804887978 0.0 0.0
1101 -0.00359804887978 0.0 0.0
1102 -0.00359804887978 0.0 0.0
1103 -0.00359804887978 0.0 0.0
1104 -0.00359804887978 0.0 0.0
1105 -0.00359804887978 0.0 0.0
1106 -0.00359804887978 0.0 0.0
1107 -0.00359804887978 0.0 0.0
1108 -0.00359804887978 0.0 0.0
1109 -0.00359804887978 0.0 0.0
1110 -0.00359804887978 0.0 0.0
1111 -0.00359804887978 0.0 0.0
1112 -0.00359804887978 0.0 0.0
1113 -0.00359804887978 0.0 0.0
1114 -0.00359804887978 0.0 0.0
1115 -0.00359804887978 0.0 0.0
1116 -0.00359804887978 0.0 0.0
1117 -0.00359804887978 0.0 0.0
1118 -0.00359804887978 0.0 0.0
1119 -0.00359804887978 0.0 0.0
1120 -0.00359804887978 0.0 0.0
1121 -0.00359804887978 0.0 0.0
1122 -0.00359804887978 0.0 0.0
1123 -0.00359804887978 0.0 0.0
1124 -0.00359804887978 0.0 0.0
1125 -0.00359804887978 0.0 0.0
1126 -0.00359804887978 0.0 0.0
1127 -0.00359804887978 0.0 0.0
1128 -0.00359804887978 0.0 0.0
1129 -0.00359804887978 0.0 0.0
1130 -0.00359804887978 0.0 0.0
1131 -0.00359804887978 0.0 0.0
1132 -0.00359804887978 0.0 0.0
1133 -0.00359804887978 0.0 0.0
1134 -0.00359804887978 0.0 0.0
1135 -0.00359804887978 0.0 0.0
1136 -0.00359804887978 0.0 0.0
1137 -0.00359804887978 0.0 0.0
1138 -0.00359804887978 0.0 0.0
1139 -0.00359804887978 0.0 0.0
1140 -0.00359804887978 0.0 0.0
1141 -0.00359804887978 0.0 0.0
1142 -0.00359804887978 0.0 0.0
1143 -0.00359804887978 0.0 0.0
1144 -0.00359804887978 0.0 0.0
1145 -0.00359804887978 0.0 0.0
1146 -0.00359804887978 0.0 0.0
1147 -0.00359804887978 0.0 0.0
1148 -0.00359804887978 0.0 0.0
1149 -0.00359804887978 0.0 0.0
1150 -0.00359804887978 0.0 0.0
1151 -0.0029553004503 0.0 0.0
1152 -0.0029553004503 0.0 0.0
1153 -0.0029553004503 0.0 0.0
1154 -0.0029553004503 0.0 0.0
1155 -0.0029553004503 0.0 0.0
1156 -0.0029553004503 0.0 0.0
1157 -0.0029553004503 0.0 0.0
1158 -0.0029553004503 0.0 0.0
1159 -0.0029553004503 0.0 0.0
1160 -0.0029553004503 0.0 0.0
1161 -0.0029553004503 0.0 0.0
1162 -0.0029553004503 0.0 0.0
1163 -0.0029553004503 0.0 0.0
1164 -0.0029553004503 0.0 0.0
1165 -0.0029553004503 0.0 0.0
1166 -0.0029553004503 0.0 0.0
1167 -0.0029553004503 0.0 0.0
1168 -0.0029553004503 0.0 0.0
1169 -0.0029553004503 0.0 0.0
1170 -0.0029553004503 0.0 0.0
1171 -0.0029553004503 0.0 0.0
1172 -0.0029553004503 0.0 0.0
1173 -0.0029553004503 0.0 0.0
1174 -0.0029553004503 0.0 0.0
1175 -0.0029553004503 0.0 0.0
1176 -0.0029553004503 0.0 0.0
1177 -0.0029553004503 0.0 0.0
1178 -0.0029553004503 0.0 0.0
1179 -0.0029553004503 0.0 0.0
1180 -0.0029553004503 0.0 0.0
1181 -0.0029553004503 0.0 0.0
1182 -0.0029553004503 0.0 0.0
1183 -0.0029553004503 0.0 0.0
1184 -0.0029553004503 0.0 0.0
1185 -0.0029553004503 0.0 0.0
1186 -0.0029553004503 0.0 0.0
1187 -0.0029553004503 0.0 0.0
1188 -0.0029553004503 0.0 0.0
1189 -0.0029553004503 0.0 0.0
1190 -0.0029553004503 0.0 0.0
1191 -0.0029553004503 0.0 0.0
1192 -0.0029553004503 0.0 0.0
1193 -0.0029553004503 0.0 0.0
1194 -0.0029553004503 0.0 0.0
1195 -0.0029553004503 0.0 0.0
1196 -0.0029553004503 0.0 0.0
1197 -0.0029553004503 0.0 0.0
1198 -0.0029553004503 0.0 0.0
1199 -0.0029553004503 0.0 0.0
1200 -0.0029553004503 0.0 0.0
1201 -0.0029553004503 0.0 0.0
1202 -0.0029553004503 0.0 0.0
1203 -0.0029553004503 0.0 0.0
1204 -0.0029553004503 0.0 0.0
1205 -0.0029553004503 0.0 0.0
1206 -0.0029553004503 0.0 0.0
1207 -0.0029553004503 0.0 0.0
1208 -0.0029553004503 0.0 0.0
1209 -0.0029553004503 0.0 0.0
1210 -0.0029553004503 0.0 0.0
1211 7.11395770649e-05 0.0 0.0
1212 7.11395770649e-05 0.0 0.0
1213 7.11395770649e-05 0.0 0.0
1214 7.11395770649e-05 0.0 0.0
1215 7.11395770649e-05 0.0 0.0
1216 7.11395770649e-05 0.0 0.0
1217 7.11395770649e-05 0.0 0.0
1218 7.11395770649e-05 0.0 0.0
1219 7.11395770649e-05 0.0 0.0
1220 7.11395770649e-05 0.0 0.0
1221 7.11395770649e-05 0.0 0.0
1222 7.11395770649e-05 0.0 0.0
1223 7.11395770649e-05 0.0 0.0
1224 7.11395770649e-05 0.0 0.0
1225 7.11395770649e-05 0.0 0.0
1226 7.11395770649e-05 0.0 0.0
1227 7.11395770649e-05 0.0 0.0
1228 7.11395770649e-05 0.0 0.0
1229 7.11395770649e-05 0.0 0.0
1230 7.11395770649e-05 0.0 0.0
1231 7.11395770649e-05 0.0 0.0
1232 7.11395770649e-05 0.0 0.0
1233 7.11395770649e-05 0.0 0.0
1234 7.11395770649e-05 0.0 0.0
1235 7.11395770649e-05 0.0 0.0
1236 7.11395770649e-05 0.0 0.0
1237 7.11395770649e-05 0.0 0.0
1238 7.11395770649e-05 0.0 0.0
1239 7.11395770649e-05 0.0 0.0
1240 7.11395770649e-05 0.0 0.0
1241 7.11395770649e-05 0.0 0.0
1242 7.11395770649e-05 0.0 0.0
1243 7.11395770649e-05 0.0 0.0
1244 7.11395770649e-05 0.0 0.0
1245 7.11395770649e-05 0.0 0.0
1246 7.11395770649e-05 0.0 0.0
1247 7.11395770649e-05 0.0 0.0
1248 7.11395770649e-05 0.0 0.0
1249 7.11395770649e-05 0.0 0.0
1250 7.11395770649e-05 0.0 0.0
1251 7.11395770649e-05 0.0 0.0
1252 7.11395770649e-05 0.0 0.0
1253 7.11395770649e-05 0.0 0.0
1254 7.11395770649e-05 0.0 0.0
1255 7.11395770649e-05 0.0 0.0
1256 7.11395770649e-05 0.0 0.0
1257 7.11395770649e-05 0.0 0.0
1258 7.11395770649e-05 0.0 0.0
1259 7.11395770649e-05 0.0 0.0
1260 7.11395770649e-05 0.0 0.0
1261 7.11395770649e-05 0.0 0.0
1262 7.11395770649e-05 0.0 0.0
1263 7.11395770649e-05 0.0 0.0
1264 7.11395770649e-05 0.0 0.0
1265 7.11395770649e-05 0.0 0.0
1266 7.11395770649e-05 0.0 0.0
1267 7.11395770649e-05 0.0 0.0
1268 7.11395770649e-05 0.0 0.0
1269 7.11395770649e-05 0.0 0.0
1270 7.11395770649e-05 0.0 0.0
1271 0.00274023877396 0.0 0.0
1272 0.00274023877396 0.0 0.0
1273 0.00274023877396 0.0 0.0
1274 0.00274023877396 0.0 0.0
1275 0.00274023877396 0.0 0.0
1276 0.00274023877396 0.0 0.0
1277 0.00274023877396 0.0 0.0
1278 0.00274023877396 0.0 0.0
1279 0.00274023877396 0.0 0.0
1280 0.00274023877396 0.0 0.0
1281 0.00274023877396 0.0 0.0
1282 0.00274023877396 0.0 0.0
1283 0.00274023877396 0.0 0.0
1284 0.00274023877396 0.0 0.0
1285 0.00274023877396 0.0 0.0
1286 0.00274023877396 0.0 0.0
1287 0.00274023877396 0.0 0.0
1288 0.00274023877396 0.0 0.0
1289 0.00274023877396 0.0 0.0
1290 0.00274023877396 0.0 0.0
1291 0.00274023877396 0.0 0.0
1292 0.00274023877396 0.0 0.0
1293 0.00274023877396 0.0 0.0
1294 0.00274023877396 0.0 0.0
1295 0.00274023877396 0.0 0.0
1296 0.00274023877396 0.0 0.0
1297 0.00274023877396 0.0 0.0
1298 0.00274023877396 0.0 0.0
1299 0.00274023877396 0.0 0.0
1300 0.00274023877396 0.0 0.0
1301 0.00274023877396 0.0 0.0
1302 0.00274023877396 0.0 0.0
1303 0.00274023877396 0.0 0.0
1304 0.00274023877396 0.0 0.0
1305 0.00274023877396 0.0 0.0
1306 0.00274023877396 0.0 0.0
1307 0.00274023877396 0.0 0.0
1308 0.00274023877396 0.0 0.0
1309 0.00274023877396 0.0 0.0
1310 0.00274023877396 0.0 0.0
1311 0.00274023877396 0.0 0.0
1312 0.00274023877396 0.0 0.0
1313 0.00274023877396 0.0 0.0
1314 0.00274023877396 0.0 0.0
1315 0.00274023877396 0.0 0.0
1316 0.00274023877396 0.0 0.0
1317 0.00274023877396 0.0 0.0
1318 0.00274023877396 0.0 0.0
1319 0.00274023877396 0.0 0.0
1320 0.00274023877396 0.0 0.0
1321 0.00274023877396 0.0 0.0
1322 0.00274023877396 0.0 0.0
1323 0.00274023877396 0.0 0.0
1324 0.00274023877396 0.0 0.0
1325 0.00274023877396 0.0 0.0
1326 0.00274023877396 0.0 0.0
1327 0.00274023877396 0.0 0.0
1328 0.00274023877396 0.0 0.0
1329 0.00274023877396 0.0 0.0
1330 0.00274023877396 0.0 0.0
1331 0.00688315126853 0.0 0.0
1332 0.00688315126853 0.0 0.0
1333 0.00688315126853 0.0 0.0
1334 0.00688315126853 0.0 0.0
1335 0.00688315126853 0.0 0.0
1336 0.00688315126853 0.0 0.0
1337 0.00688315126853 0.0 0.0
1338 0.00688315126853 0.0 0.0
1339 0.00688315126853 0.0 0.0
1340 0.00688315126853 0.0 0.0
1341 0.00688315126853 0.0 0.0
1342 0.00688315126853 0.0 0.0
1343 0.00688315126853 0.0 0.0
1344 0.00688315126853 0.0 0.0
1345 0.00688315126853 0.0 0.0
1346 0.00688315126853 0.0 0.0
1347 0.00688315126853 0.0 0.0
1348 0.00688315126853 0.0 0.0
1349 0.00688315126853 0.0 0.0
1350 0.00688315126853 0.0 0.0
1351 0.00688315126853 0.0 0.0
1352 0.00688315126853 0.0 0.0
1353 0.00688315126853 0.0 0.0
1354 0.00688315126853 0.0 0.0
1355 0.00688315126853 0.0 0.0
1356 0.00688315126853 0.0 0.0
1357 0.00688315126853 0.0 0.0
1358 0.00688315126853 0.0 0.0
1359 0.00688315126853 0.0 0.0
1360 0.00688315126853 0.0 0.0
1361 0.00688315126853 0.0 0.0
1362 0.00688315126853 0.0 0.0
1363 0.00688315126853 0.0 0.0
1364 0.00688315126853 0.0 0.0
1365 0.00688315126853 0.0 0.0
1366 0.00688315126853 0.0 0.0
1367 0.00688315126853 0.0 0.0
1368 0.00688315126853 0.0 0.0
1369 0.00688315126853 0.0 0.0
1370 0.00688315126853 0.0 0.0
1371 0.00688315126853 0.0 0.0
1372 0.00688315126853 0.0 0.0
1373 0.00688315126853 0.0 0.0
1374 0.00688315126853 0.0 0.0
1375 0.00688315126853 0.0 0.0
1376 0.00688315126853 0.0 0.0
1377 0.00688315126853 0.0 0.0
1378 0.00688315126853 0.0 0.0
1379 0.00688315126853 0.0 0.0
1380 0.00688315126853 0.0 0.0
1381 0.00688315126853 0.0 0.0
1382 0.00688315126853 0.0 0.0
1383 0.00688315126853 0.0 0.0
1384 0.00688315126853 0.0 0.0
1385 0.00688315126853 0.0 0.0
1386 0.00688315126853 0.0 0.0
1387 0.00688315126853 0.0 0.0
1388 0.00688315126853 0.0 0.0
1389 0.00688315126853 0.0 0.0
1390 0.00688315126853 0.0 0.0
1391 0.000922487852848 0.0 0.0
1392 0.000922487852848 0.0 0.0
1393 0.000922487852848 0.0 0.0
1394 0.000922487852848 0.0 0.0
1395 0.000922487852848 0.0 0.0
1396 0.000922487852848 0.0 0.0
1397 0.000922487852848 0.0 0.0
1398 0.000922487852848 0.0 0.0
1399 0.000922487852848 0.0 0.0
1400 0.000922487852848 0.0 0.0
1401 0.000922487852848 0.0 0.0
1402 0.000922487852848 0.0 0.0
1403 0.000922487852848 0.0 0.0
1404 0.000922487852848 0.0 0.0
1405 0.000922487852848 0.0 0.0
1406 0.000922487852848 0.0 0.0
1407 0.000922487852848 0.0 0.0
1408 0.000922487852848 0.0 0.0
1409 0.000922487852848 0.0 0.0
1410 0.000922487852848 0.0 0.0
1411 0.000922487852848 0.0 0.0
1412 0.000922487852848 0.0 0.0
1413 0.000922487852848 0.0 0.0
1414 0.000922487852848 0.0 0.0
1415 0.000922487852848 0.0 0.0
1416 0.000922487852848 0.0 0.0
1417 0.000922487852848 0.0 0.0
1418 0.000922487852848 0.0 0.0
1419 0.000922487852848 0.0 0.0
1420 0.000922487852848 0.0 0.0
1421 0.000922487852848 0.0 0.0
1422 0.000922487852848 0.0 0.0
1423 0.000922487852848 0.0 0.0
1424 0.000922487852848 0.0 0.0
1425 0.000922487852848 0.0 0.0
1426 0.000922487852848 0.0 0.0
1427 0.000922487852848 0.0 0.0
1428 0.000922487852848 0.0 0.0
1429 0.000922487852848 0.0 0.0
1430 0.000922487852848 0.0 0.0
1431 0.000922487852848 0.0 0.0
1432 0.000922487852848 0.0 0.0
1433 0.000922487852848 0.0 0.0
1434 0.000922487852848 0.0 0.0
1435 0.000922487852848 0.0 0.0
1436 0.000922487852848 0.0 0.0
1437 0.000922487852848 0.0 0.0
1438 0.000922487852848 0.0 0.0
1439 0.000922487852848 0.0 0.0
1440 0.000922487852848 0.0 0.0
1441 0.000922487852848 0.0 0.0
1442 0.000922487852848 0.0 0.0
1443 0.000922487852848 0.0 0.0
1444 0.000922487852848 0.0 0.0
1445 0.000922487852848 0.0 0.0
1446 0.000922487852848 0.0 0.0
1447 0.000922487852848 0.0 0.0
1448 0.000922487852848 0.0 0.0
1449 0.000922487852848 0.0 0.0
1450 0.000922487852848 0.0 0.0
1451 -0.0025768437664 0.0 0.0
1452 -0.0025768437664 0.0 0.0
1453 -0.0025768437664 0.0 0.0
1454 -0.0025768437664 0.0 0.0
1455 -0.0025768437664 0.0 0.0
1456 -0.0025768437664 0.0 0.0
1457 -0.0025768437664 0.0 0.0
1458 -0.0025768437664 0.0 0.0
1459 -0.0025768437664 0.0 0.0
1460 -0.0025768437664 0.0 0.0
1461 -0.0025768437664 0.0 0.0
1462 -0.0025768437664 0.0 0.0
1463 -0.0025768437664 0.0 0.0
1464 -0.0025768437664 0.0 0.0
1465 -0.0025768437664 0.0 0.0
1466 -0.0025768437664 0.0 0.0
1467 -0.0025768437664 0.0 0.0
1468 -0.0025768437664 0.0 0.0
1469 -0.0025768437664 0.0 0.0
1470 -0.0025768437664 0.0 0.0
1471 -0.0025768437664 0.0 0.0
1472 -0.0025768437664 0.0 0.0
1473 -0.0025768437664 0.0 0.0
1474 -0.0025768437664 0.0 0.0
1475 -0.0025768437664 0.0 0.0
1476 -0.0025768437664 0.0 0.0
1477 -0.0025768437664 0.0 0.0
1478 -0.0025768437664 0.0 0.0
1479 -0.0025768437664 0.0 0.0
1480 -0.0025768437664 0.0 0.0
1481 -0.0025768437664 0.0 0.0
1482 -0.0025768437664 0.0 0.0
1483 -0.0025768437664 0.0 0.0
1484 -0.0025768437664 0.0 0.0
1485 -0.0025768437664 0.0 0.0
1486 -0.0025768437664 0.0 0.0
1487 -0.0025768437664 0.0 0.0
1488 -0.0025768437664 0.0 0.0
1489 -0.0025768437664 0.0 0.0
1490 -0.0025768437664 0.0 0.0
1491 -0.0025768437664 0.0 0.0
1492 -0.0025768437664 0.0 0.0
1493 -0.0025768437664 0.0 0.0
1494 -0.0025768437664 0.0 0.0
1495 -0.0025768437664 0.0 0.0
1496 -0.0025768437664 0.0 0.0
1497 -0.0025768437664 0.0 0.0
1498 -0.0025768437664 0.0 0.0
1499 -0.0025768437664 0.0 0.0
1500 -0.0025768437664 0.0 0.0
1501 -0.0025768437664 0.0 0.0
1502 -0.0025768437664 0.0 0.0
1503 -0.0025768437664 0.0 0.0
1504 -0.0025768437664 0.0 0.0
1505 -0.0025768437664 0.0 0.0
1506 -0.0025768437664 0.0 0.0
1507 -0.0025768437664 0.0 0.0
1508 -0.0025768437664 0.0 0.0
1509 -0.0025768437664 0.0 0.0
1510 -0.0025768437664 0.0 0.0
1511 -0.00226385749422 0.0 0.0
1512 -0.00226385749422 0.0 0.0
1513 -0.00226385749422 0.0 0.0
1514 -0.00226385749422 0.0 0.0
1515 -0.00226385749422 0.0 0.0
1516 -0.00226385749422 0.0 0.0
1517 -0.00226385749422 0.0 0.0
1518 -0.00226385749422 0.0 0.0
1519 -0.00226385749422 0.0 0.0
1520 -0.00226385749422 0.0 0.0
1521 -0.00226385749422 0.0 0.0
1522 -0.00226385749422 0.0 0.0
1523 -0.00226385749422 0.0 0.0
1524 -0.00226385749422 0.0 0.0
1525 -0.00226385749422 0.0 0.0
1526 -0.00226385749422 0.0 0.0
1527 -0.00226385749422 0.0 0.0
1528 -0.00226385749422 0.0 0.0
1529 -0.00226385749422 0.0 0.0
1530 -0.00226385749422 0.0 0.0
1531 -0.00226385749422 0.0 0.0
1532 -0.00226385749422 0.0 0.0
1533 -0.00226385749422 0.0 0.0
1534 -0.00226385749422 0.0 0.0
1535 -0.00226385749422 0.0 0.0
1536 -0.00226385749422 0.0 0.0
1537 -0.00226385749422 0.0 0.0
1538 -0.00226385749422 0.0 0.0
1539 -0.00226385749422 0.0 0.0
1540 -0.00226385749422 0.0 0.0
1541 -0.00226385749422 0.0 0.0
1542 -0.00226385749422 0.0 0.0
1543 -0.00226385749422 0.0 0.0
1544 -0.00226385749422 0.0 0.0
1545 -0.00226385749422 0.0 0.0
1546 -0.00226385749422 0.0 0.0
1547 -0.00226385749422 0.0 0.0
1548 -0.00226385749422 0.0 0.0
1549 -0.00226385749422 0.0 0.0
1550 -0.00226385749422 0.0 0.0
1551 -0.00226385749422 0.0 0.0
1552 -0.00226385749422 0.0 0.0
1553 -0.00226385749422 0.0 0.0
1554 -0.00226385749422 0.0 0.0
1555 -0.00226385749422 0.0 0.0
1556 -0.00226385749422 0.0 0.0
1557 -0.00226385749422 0.0 0.0
1558 -0.00226385749422 0.0 0.0
1559 -0.00226385749422 0.0 0.0
1560 -0.00226385749422 0.0 0.0
1561 -0.00226385749422 0.0 0.0
1562 -0.00226385749422 0.0 0.0
1563 -0.00226385749422 0.0 0.0
1564 -0.00226385749422 0.0 0.0
1565 -0.00226385749422 0.0 0.0
1566 -0.00226385749422 0.0 0.0
1567 -0.00226385749422 0.0 0.0
1568 -0.00226385749422 0.0 0.0
1569 -0.00226385749422 0.0 0.0
1570 -0.00226385749422 0.0 0.0
1571 -0.0019521333213 0.0 0.0
1572 -0.0019521333213 0.0 0.0
1573 -0.0019521333213 0.0 0.0
1574 -0.0019521333213 0.0 0.0
1575 -0.0019521333213 0.0 0.0
1576 -0.0019521333213 0.0 0.0
1577 -0.0019521333213 0.0 0.0
1578 -0.0019521333213 0.0 0.0
1579 -0.0019521333213 0.0 0.0
1580 -0.0019521333213 0.0 0.0
1581 -0.0019521333213 0.0 0.0
1582 -0.0019521333213 0.0 0.0
1583 -0.0019521333213 0.0 0.0
1584 -0.0019521333213 0.0 0.0
1585 -0.0019521333213 0.0 0.0
1586 -0.0019521333213 0.0 0.0
1587 -0.0019521333213 0.0 0.0
1588 -0.0019521333213 0.0 0.0
1589 -0.0019521333213 0.0 0.0
1590 -0.0019521333213 0.0 0.0
1591 -0.0019521333213 0.0 0.0
1592 -0.0019521333213 0.0 0.0
1593 -0.0019521333213 0.0 0.0
1594 -0.0019521333213 0.0 0.0
1595 -0.0019521333213 0.0 0.0
1596 -0.0019521333213 0.0 0.0
1597 -0.0019521333213 0.0 0.0
1598 -0.0019521333213 0.0 0.0
1599 -0.0019521333213 0.0 0.0
1600 -0.0019521333213 0.0 0.0
1601 -0.0019521333213 0.0 0.0
1602 -0.0019521333213 0.0 0.0
1603 -0.0019521333213 0.0 0.0
1604 -0.0019521333213 0.0 0.0
1605 -0.0019521333213 0.0 0.0
1606 -0.0019521333213 0.0 0.0
1607 -0.0019521333213 0.0 0.0
1608 -0.0019521333213 0.0 0.0
1609 -0.0019521333213 0.0 0.0
1610 -0.0019521333213 0.0 0.0
1611 -0.0019521333213 0.0 0.0
1612 -0.0019521333213 0.0 0.0
1613 -0.0019521333213 0.0 0.0
1614 -0.0019521333213 0.0 0.0
1615 -0.0019521333213 0.0 0.0
1616 -0.0019521333213 0.0 0.0
1617 -0.0019521333213 0.0 0.0
1618 -0.0019521333213 0.0 0.0
1619 -0.0019521333213 0.0 0.0
1620 -0.0019521333213 0.0 0.0
1621 -0.0019521333213 0.0 0.0
1622 -0.0019521333213 0.0 0.0
1623 -0.0019521333213 0.0 0.0
1624 -0.0019521333213 0.0 0.0
1625 -0.0019521333213 0.0 0.0
1626 -0.0019521333213 0.0 0.0
1627 -0.0019521333213 0.0 0.0
1628 -0.0019521333213 0.0 0.0
1629 -0.0019521333213 0.0 0.0
1630 -0.0019521333213 0.0 0.0
1631 -0.0019521333213 0.0 0.0
1632 -0.0019521333213 0.0 0.0
1633 -0.0019521333213 0.0 0.0
1634 -0.0019521333213 0.0 0.0
1635 -0.0019521333213 0.0 0.0
1636 -0.0019521333213 0.0 0.0
1637 -0.0019521333213 0.0 0.0
1638 -0.0019521333213 0.0 0.0
1639 -0.0019521333213 0.0 0.0
1640 -0.0019521333213 0.0 0.0
1641 -0.0019521333213 0.0 0.0
1642 -0.0019521333213 0.0 0.0
1643 -0.0019521333213 0.0 0.0
1644 -0.0019521333213 0.0 0.0
1645 -0.0019521333213 0.0 0.0
1646 -0.0019521333213 0.0 0.0
1647 -0.0019521333213 0.0 0.0
1648 -0.0019521333213 0.0 0.0
1649 -0.0019521333213 0.0 0.0
1650 -0.0019521333213 0.0 0.0
1651 -0.00311703080874 0.0 0.0
1652 -0.00311703080874 0.0 0.0
1653 -0.00311703080874 0.0 0.0
1654 -0.00311703080874 0.0 0.0
1655 -0.00311703080874 0.0 0.0
1656 -0.00311703080874 0.0 0.0
1657 -0.00311703080874 0.0 0.0
1658 -0.00311703080874 0.0 0.0
1659 -0.00311703080874 0.0 0.0
1660 -0.00311703080874 0.0 0.0
1661 -0.00311703080874 0.0 0.0
1662 -0.00311703080874 0.0 0.0
1663 -0.00311703080874 0.0 0.0
1664 -0.00311703080874 0.0 0.0
1665 -0.00311703080874 0.0 0.0
1666 -0.00311703080874 0.0 0.0
1667 -0.00311703080874 0.0 0.0
1668 -0.00311703080874 0.0 0.0
1669 -0.00311703080874 0.0 0.0
1670 -0.00311703080874 0.0 0.0
1671 -0.00311703080874 0.0 0.0
1672 -0.00311703080874 0.0 0.0
1673 -0.00311703080874 0.0 0.0
1674 -0.00311703080874 0.0 0.0
1675 -0.00311703080874 0.0 0.0
1676 -0.00311703080874 0.0 0.0
1677 -0.00311703080874 0.0 0.0
1678 -0.00311703080874 0.0 0.0
1679 -0.00311703080874 0.0 0.0
1680 -0.00311703080874 0.0 0.0
1681 -0.00311703080874 0.0 0.0
1682 -0.00311703080874 0.0 0.0
1683 -0.00311703080874 0.0 0.0
1684 -0.00311703080874 0.0 0.0
1685 -0.00311703080874 0.0 0.0
1686 -0.00311703080874 0.0 0.0
1687 -0.00311703080874 0.0 0.0
1688 -0.00311703080874 0.0 0.0
1689 -0.00311703080874 0.0 0.0
1690 -0.00311703080874 0.0 0.0
1691 -0.00311703080874 0.0 0.0
1692 -0.00311703080874 0.0 0.0
1693 -0.00311703080874 0.0 0.0
1694 -0.00311703080874 0.0 0.0
1695 -0.00311703080874 0.0 0.0
1696 -0.00311703080874 0.0 0.0
1697 -0.00311703080874 0.0 0.0
1698 -0.00311703080874 0.0 0.0
1699 -0.00311703080874 0.0 0.0
1700 -0.00311703080874 0.0 0.0
1701 -0.00311703080874 0.0 0.0
1702 -0.00311703080874 0.0 0.0
1703 -0.00311703080874 0.0 0.0
1704 -0.00311703080874 0.0 0.0
1705 -0.00311703080874 0.0 0.0
1706 -0.00311703080874 0.0 0.0
1707 -0.00311703080874 0.0 0.0
1708 -0.00311703080874 0.0 0.0
1709 -0.00311703080874 0.0 0.0
1710 -0.00311703080874 0.0 0.0
1711 -0.00311703080874 0.0 0.0
1712 -0.00311703080874 0.0 0.0
1713 -0.00311703080874 0.0 0.0
1714 -0.00311703080874 0.0 0.0
1715 -0.00311703080874 0.0 0.0
1716 -0.00311703080874 0.0 0.0
1717 -0.00311703080874 0.0 0.0
1718 -0.00311703080874 0.0 0.0
1719 -0.00311703080874 0.0 0.0
1720 -0.00311703080874 0.0 0.0
1721 -0.00311703080874 0.0 0.0
1722 -0.00311703080874 0.0 0.0
1723 -0.00311703080874 0.0 0.0
1724 -0.00311703080874 0.0 0.0
1725 -0.00311703080874 0.0 0.0
1726 -0.00311703080874 0.0 0.0
1727 -0.00311703080874 0.0 0.0
1728 -0.00311703080874 0.0 0.0
1729 -0.00311703080874 0.0 0.0
1730 -0.00311703080874 0.0 0.0
1731 -0.00311703080874 0.0 0.0
1732 -0.00311703080874 0.0 0.0
1733 -0.00311703080874 0.0 0.0
1734 -0.00311703080874 0.0 0.0
1735 -0.00311703080874 0.0 0.0
1736 -0.00311703080874 0.0 0.0
1737 -0.00311703080874 0.0 0.0
1738 -0.00311703080874 0.0 0.0
1739 -0.00311703080874 0.0 0.0
1740 -0.00311703080874 0.0 0.0
1741 -0.00311703080874 0.0 0.0
1742 -0.00311703080874 0.0 0.0
1743 -0.00311703080874 0.0 0.0
1744 -0.00311703080874 0.0 0.0
1745 -0.00311703080874 0.0 0.0
1746 -0.00311703080874 0.0 0.0
1747 -0.00311703080874 0.0 0.0
1748 -0.00311703080874 0.0 0.0
1749 -0.00311703080874 0.0 0.0
1750 -0.00311703080874 0.0 0.0
1751 0.00487556297385 0.0 0.0
1752 0.00487556297385 0.0 0.0
1753 0.00487556297385 0.0 0.0
1754 0.00487556297385 0.0 0.0
1755 0.00487556297385 0.0 0.0
1756 0.00487556297385 0.0 0.0
1757 0.00487556297385 0.0 0.0
1758 0.00487556297385 0.0 0.0
1759 0.00487556297385 0.0 0.0
1760 0.00487556297385 0.0 0.0
1761 0.00487556297385 0.0 0.0
1762 0.00487556297385 0.0 0.0
1763 0.00487556297385 0.0 0.0
1764 0.00487556297385 0.0 0.0
1765 0.00487556297385 0.0 0.0
1766 0.00487556297385 0.0 0.0
1767 0.00487556297385 0.0 0.0
1768 0.00487556297385 0.0 0.0
1769 0.00487556297385 0.0 0.0
1770 0.00487556297385 0.0 0.0
1771 0.00487556297385 0.0 0.0
1772 0.00487556297385 0.0 0.0
1773 0.00487556297385 0.0 0.0
1774 0.00487556297385 0.0 0.0
1775 0.00487556297385 0.0 0.0
1776 0.00487556297385 0.0 0.0
1777 0.00487556297385 0.0 0.0
1778 0.00487556297385 0.0 0.0
1779 0.00487556297385 0.0 0.0
1780 0.00487556297385 0.0 0.0
1781 0.00487556297385 0.0 0.0
1782 0.00487556297385 0.0 0.0
1783 0.00487556297385 0.0 0.0
1784 0.00487556297385 0.0 0.0
1785 0.00487556297385 0.0 0.0
1786 0.00487556297385 0.0 0.0
1787 0.00487556297385 0.0 0.0
1788 0.00487556297385 0.0 0.0
1789 0.00487556297385 0.0 0.0
1790 0.00487556297385 0.0 0.0
1791 0.00487556297385 0.0 0.0
1792 0.00487556297385 0.0 0.0
1793 0.00487556297385 0.0 0.0
1794 0.00487556297385 0.0 0.0
1795 0.00487556297385 0.0 0.0
1796 0.00487556297385 0.0 0.0
1797 0.00487556297385 0.0 0.0
1798 0.00487556297385 0.0 0.0
1799 0.00487556297385 0.0 0.0
1800 0.00487556297385 0.0 0.0
1801 0.00487556297385 0.0 0.0
1802 0.00487556297385 0.0 0.0
1803 0.00487556297385 0.0 0.0
1804 0.00487556297385 0.0 0.0
1805 0.00487556297385 0.0 0.0
1806 0.00487556297385 0.0 0.0
1807 0.00487556297385 0.0 0.0
1808 0.00487556297385 0.0 0.0
1809 0.00487556297385 0.0 0.0
1810 0.00487556297385 0.0 0.0
1811 0.00487556297385 0.0 0.0
1812 0.00487556297385 0.0 0.0
1813 0.00487556297385 0.0 0.0
1814 0.00487556297385 0.0 0.0
1815 0.00487556297385 0.0 0.0
1816 0.00487556297385 0.0 0.0
1817 0.00487556297385 0.0 0.0
1818 0.00487556297385 0.0 0.0
1819 0.00487556297385 0.0 0.0
1820 0.00487556297385 0.0 0.0
1821 0.00487556297385 0.0 0.0
1822 0.00487556297385 0.0 0.0
1823 0.00487556297385 0.0 0.0
1824 0.00487556297385 0.0 0.0
1825 0.00487556297385 0.0 0.0
1826 0.00487556297385 0.0 0.0
1827 0.00487556297385 0.0 0.0
1828 0.00487556297385 0.0 0.0
1829 0.00487556297385 0.0 0.0
1830 0.00487556297385 0.0 0.0
1831 0.00487556297385 0.0 0.0
1832 0.00487556297385 0.0 0.0
1833 0.00487556297385 0.0 0.0
1834 0.00487556297385 0.0 0.0
1835 0.00487556297385 0.0 0.0
1836 0.00487556297385 0.0 0.0
1837 0.00487556297385 0.0 0.0
1838 0.00487556297385 0.0 0.0
1839 0.00487556297385 0.0 0.0
1840 0.00487556297385 0.0 0.0
1841 0.00487556297385 0.0 0.0
1842 0.00487556297385 0.0 0.0
1843 0.00487556297385 0.0 0.0
1844 0.00487556297385 0.0 0.0
1845 0.00487556297385 0.0 0.0
1846 0.00487556297385 0.0 0.0
1847 0.00487556297385 0.0 0.0
1848 0.00487556297385 0.0 0.0
1849 0.00487556297385 0.0 0.0
1850 0.00487556297385 0.0 0.0
1851 0.00146064859333 0.0 0.0
1852 0.00146064859333 0.0 0.0
1853 0.00146064859333 0.0 0.0
1854 0.00146064859333 0.0 0.0
1855 0.00146064859333 0.0 0.0
1856 0.00146064859333 0.0 0.0
1857 0.00146064859333 0.0 0.0
1858 0.00146064859333 0.0 0.0
1859 0.00146064859333 0.0 0.0
1860 0.00146064859333 0.0 0.0
1861 0.00146064859333 0.0 0.0
1862 0.00146064859333 0.0 0.0
1863 0.00146064859333 0.0 0.0
1864 0.00146064859333 0.0 0.0
1865 0.00146064859333 0.0 0.0
1866 0.00146064859333 0.0 0.0
1867 0.00146064859333 0.0 0.0
1868 0.00146064859333 0.0 0.0
1869 0.00146064859333 0.0 0.0
1870 0.00146064859333 0.0 0.0
1871 0.00146064859333 0.0 0.0
1872 0.00146064859333 0.0 0.0
1873 0.00146064859333 0.0 0.0
1874 0.00146064859333 0.0 0.0
1875 0.00146064859333 0.0 0.0
1876 0.00146064859333 0.0 0.0
1877 0.00146064859333 0.0 0.0
1878 0.00146064859333 0.0 0.0
1879 0.00146064859333 0.0 0.0
1880 0.00146064859333 0.0 0.0
1881 0.00146064859333 0.0 0.0
1882 0.00146064859333 0.0 0.0
1883 0.00146064859333 0.0 0.0
1884 0.00146064859333 0.0 0.0
1885 0.00146064859333 0.0 0.0
1886 0.00146064859333 0.0 0.0
1887 0.00146064859333 0.0 0.0
1888 0.00146064859333 0.0 0.0
1889 0.00146064859333 0.0 0.0
1890 0.00146064859333 0.0 0.0
1891 0.00146064859333 0.0 0.0
1892 0.00146064859333 0.0 0.0
1893 0.00146064859333 0.0 0.0
1894 0.00146064859333 0.0 0.0
1895 0.00146064859333 0.0 0.0
1896 0.00146064859333 0.0 0.0
1897 0.00146064859333 0.0 0.0
1898 0.00146064859333 0.0 0.0
1899 0.00146064859333 0.0 0.0
1900 0.00146064859333 0.0 0.0
1901 0.00146064859333 0.0 0.0
1902 0.00146064859333 0.0 0.0
1903 0.00146064859333 0.0 0.0
1904 0.00146064859333 0.0 0.0
1905 0.00146064859333 0.0 0.0
1906 0.00146064859333 0.0 0.0
1907 0.00146064859333 0.0 0.0
1908 0.00146064859333 0.0 0.0
1909 0.00146064859333 0.0 0.0
1910 0.00146064859333 0.0 0.0
1911 0.00146064859333 0.0 0.0
1912 0.00146064859333 0.0 0.0
1913 0.00146064859333 0.0 0.0
1914 0.00146064859333 0.0 0.0
1915 0.00146064859333 0.0 0.0
1916 0.00146064859333 0.0 0.0
1917 0.00146064859333 0.0 0.0
1918 0.00146064859333 0.0 0.0
1919 0.00146064859333 0.0 0.0
1920 0.00146064859333 0.0 0.0
1921 0.00146064859333 0.0 0.0
1922 0.00146064859333 0.0 0.0
1923 0.00146064859333 0.0 0.0
1924 0.00146064859333 0.0 0.0
1925 0.00146064859333 0.0 0.0
1926 0.00146064859333 0.0 0.0
1927 0.00146064859333 0.0 0.0
1928 0.00146064859333 0.0 0.0
1929 0.00146064859333 0.0 0.0
1930 0.00146064859333 0.0 0.0
1931 0.00146064859333 0.0 0.0
1932 0.00146064859333 0.0 0.0
1933 0.00146064859333 0.0 0.0
1934 0.00146064859333 0.0 0.0
1935 0.00146064859333 0.0 0.0
1936 0.00146064859333 0.0 0.0
1937 0.00146064859333 0.0 0.0
1938 0.00146064859333 0.0 0.0
1939 0.00146064859333 0.0 0.0
1940 0.00146064859333 0.0 0.0
1941 0.00146064859333 0.0 0.0
1942 0.00146064859333 0.0 0.0
1943 0.00146064859333 0.0 0.0
1944 0.00146064859333 0.0 0.0
1945 0.00146064859333 0.0 0.0
1946 0.00146064859333 0.0 0.0
1947 0.00146064859333 0.0 0.0
1948 0.00146064859333 0.0 0.0
1949 0.00146064859333 0.0 0.0
1950 0.00146064859333 0.0 0.0
1951 0.00092350011735 0.0 0.0
1952 0.00092350011735 0.0 0.0
1953 0.00092350011735 0.0 0.0
1954 0.00092350011735 0.0 0.0
1955 0.00092350011735 0.0 0.0
1956 0.00092350011735 0.0 0.0
1957 0.00092350011735 0.0 0.0
1958 0.00092350011735 0.0 0.0
1959 0.00092350011735 0.0 0.0
1960 0.00092350011735 0.0 0.0
1961 0.00092350011735 0.0 0.0
1962 0.00092350011735 0.0 0.0
1963 0.00092350011735 0.0 0.0
1964 0.00092350011735 0.0 0.0
1965 0.00092350011735 0.0 0.0
1966 0.00092350011735 0.0 0.0
1967 0.00092350011735 0.0 0.0
1968 0.00092350011735 0.0 0.0
1969 0.00092350011735 0.0 0.0
1970 0.00092350011735 0.0 0.0
1971 0.00092350011735 0.0 0.0
1972 0.00092350011735 0.0 0.0
1973 0.00092350011735 0.0 0.0
1974 0.00092350011735 0.0 0.0
1975 0.00092350011735 0.0 0.0
1976 0.00092350011735 0.0 0.0
1977 0.00092350011735 0.0 0.0
1978 0.00092350011735 0.0 0.0
1979 0.00092350011735 0.0 0.0
1980 0.00092350011735 0.0 0.0
1981 0.00092350011735 0.0 0.0
1982 0.00092350011735 0.0 0.0
1983 0.00092350011735 0.0 0.0
1984 0.00092350011735 0.0 0.0
1985 0.00092350011735 0.0 0.0
1986 0.00092350011735 0.0 0.0
1987 0.00092350011735 0.0 0.0
1988 0.00092350011735 0.0 0.0
1989 0.00092350011735 0.0 0.0
1990 0.00092350011735 0.0 0.0
1991 0.00092350011735 0.0 0.0
1992 0.00092350011735 0.0 0.0
1993 0.00092350011735 0.0 0.0
1994 0.00092350011735 0.0 0.0
1995 0.00092350011735 0.0 0.0
1996 0.00092350011735 0.0 0.0
1997 0.00092350011735 0.0 0.0
1998 0.00092350011735 0.0 0.0
1999 0.00092350011735 0.0 0.0
2000 0.00092350011735 0.0 0.0
2001 0.00092350011735 0.0 0.0
2002 0.00092350011735 0.0 0.0
2003 0.00092350011735 0.0 0.0
2004 0.00092350011735 0.0 0.0
2005 0.00092350011735 0.0 0.0
2006 0.00092350011735 0.0 0.0
2007 0.00092350011735 0.0 0.0
2008 0.00092350011735 0.0 0.0
2009 0.00092350011735 0.0 0.0
2010 0.00092350011735 0.0 0.0
2011 0.00092350011735 0.0 0.0
2012 0.00092350011735 0.0 0.0
2013 0.00092350011735 0.0 0.0
2014 0.00092350011735 0.0 0.0
2015 0.00092350011735 0.0 0.0
2016 0.00092350011735 0.0 0.0
2017 0.00092350011735 0.0 0.0
2018 0.00092350011735 0.0 0.0
2019 0.00092350011735 0.0 0.0
2020 0.00092350011735 0.0 0.0
2021 0.00092350011735 0.0 0.0
2022 0.00092350011735 0.0 0.0
2023 0.00092350011735 0.0 0.0
2024 0.00092350011735 0.0 0.0
2025 0.00092350011735 0.0 0.0
2026 0.00092350011735 0.0 0.0
2027 0.00092350011735 0.0 0.0
2028 0.00092350011735 0.0 0.0
2029 0.00092350011735 0.0 0.0
2030 0.00092350011735 0.0 0.0
2031 0.00092350011735 0.0 0.0
2032 0.00092350011735 0.0 0.0
2033 0.00092350011735 0.0 0.0
2034 0.00092350011735 0.0 0.0
2035 0.00092350011735 0.0 0.0
2036 0.00092350011735 0.0 0.0
2037 0.00092350011735 0.0 0.0
2038 0.00092350011735 0.0 0.0
2039 0.00092350011735 0.0 0.0
2040 0.00092350011735 0.0 0.0
2041 0.00092350011735 0.0 0.0
2042 0.00092350011735 0.0 0.0
2043 0.00092350011735 0.0 0.0
2044 0.00092350011735 0.0 0.0
2045 0.00092350011735 0.0 0.0
2046 0.00092350011735 0.0 0.0
2047 0.00092350011735 0.0 0.0
2048 0.00092350011735 0.0 0.0
2049 0.00092350011735 0.0 0.0
2050 0.00092350011735 0.0 0.0
2051 0.00092350011735 0.0 0.0
2052 0.00092350011735 0.0 0.0
2053 0.00092350011735 0.0 0.0
2054 0.00092350011735 0.0 0.0
2055 0.00092350011735 0.0 0.0
2056 0.00092350011735 0.0 0.0
2057 0.00092350011735 0.0 0.0
2058 0.00092350011735 0.0 0.0
2059 0.00092350011735 0.0 0.0
2060 0.00092350011735 0.0 0.0
2061 0.00092350011735 0.0 0.0
2062 0.00092350011735 0.0 0.0
2063 0.00092350011735 0.0 0.0
2064 0.00092350011735 0.0 0.0
2065 0.00092350011735 0.0 0.0
2066 0.00092350011735 0.0 0.0
2067 0.00092350011735 0.0 0.0
2068 0.00092350011735 0.0 0.0
2069 0.00092350011735 0.0 0.0
2070 0.00092350011735 0.0 0.0
2071 0.00092350011735 0.0 0.0
2072 0.00092350011735 0.0 0.0
2073 0.00092350011735 0.0 0.0
2074 0.00092350011735 0.0 0.0
2075 0.00092350011735 0.0 0.0
2076 0.00092350011735 0.0 0.0
2077 0.00092350011735 0.0 0.0
2078 0.00092350011735 0.0 0.0
2079 0.00092350011735 0.0 0.0
2080 0.00092350011735 0.0 0.0
2081 0.00092350011735 0.0 0.0
2082 0.00092350011735 0.0 0.0
2083 0.00092350011735 0.0 0.0
2084 0.00092350011735 0.0 0.0
2085 0.00092350011735 0.0 0.0
2086 0.00092350011735 0.0 0.0
2087 0.00092350011735 0.0 0.0
2088 0.00092350011735 0.0 0.0
2089 0.00092350011735 0.0 0.0
2090 0.00092350011735 0.0 0.0
2091 0.00092350011735 0.0 0.0
2092 0.00092350011735 0.0 0.0
2093 0.00092350011735 0.0 0.0
2094 0.00092350011735 0.0 0.0
2095 0.00092350011735 0.0 0.0
2096 0.00092350011735 0.0 0.0
2097 0.00092350011735 0.0 0.0
2098 0.00092350011735 0.0 0.0
2099 0.00092350011735 0.0 0.0
2100 0.00092350011735 0.0 0.0
2101 -4.3049195644e-05 0.0 0.0
2102 -4.3049195644e-05 0.0 0.0
2103 -4.3049195644e-05 0.0 0.0
2104 -4.3049195644e-05 0.0 0.0
2105 -4.3049195644e-05 0.0 0.0
2106 -4.3049195644e-05 0.0 0.0
2107 -4.3049195644e-05 0.0 0.0
2108 -4.3049195644e-05 0.0 0.0
2109 -4.3049195644e-05 0.0 0.0
2110 -4.3049195644e-05 0.0 0.0
2111 -4.3049195644e-05 0.0 0.0
2112 -4.3049195644e-05 0.0 0.0
2113 -4.3049195644e-05 0.0 0.0
2114 -4.3049195644e-05 0.0 0.0
2115 -4.3049195644e-05 0.0 0.0
2116 -4.3049195644e-05 0.0 0.0
2117 -4.3049195644e-05 0.0 0.0
2118 -4.3049195644e-05 0.0 0.0
2119 -4.3049195644e-05 0.0 0.0
2120 -4.3049195644e-05 0.0 0.0
2121 -4.3049195644e-05 0.0 0.0
2122 -4.3049195644e-05 0.0 0.0
2123 -4.3049195644e-05 0.0 0.0
2124 -4.3049195644e-05 0.0 0.0
2125 -4.3049195644e-05 0.0 0.0
2126 -4.3049195644e-05 0.0 0.0
2127 -4.3049195644e-05 0.0 0.0
2128 -4.3049195644e-05 0.0 0.0
2129 -4.3049195644e-05 0.0 0.0
2130 -4.3049195644e-05 0.0 0.0
2131 -4.3049195644e-05 0.0 0.0
2132 -4.3049195644e-05 0.0 0.0
2133 -4.3049195644e-05 0.0 0.0
2134 -4.3049195644e-05 0.0 0.0
2135 -4.3049195644e-05 0.0 0.0
2136 -4.3049195644e-05 0.0 0.0
2137 -4.3049195644e-05 0.0 0.0
2138 -4.3049195644e-05 0.0 0.0
2139 -4.3049195644e-05 0.0 0.0
2140 -4.3049195644e-05 0.0 0.0
2141 -4.3049195644e-05 0.0 0.0
2142 -4.3049195644e-05 0.0 0.0
2143 -4.3049195644e-05 0.0 0.0
2144 -4.3049195644e-05 0.0 0.0
2145 -4.3049195644e-05 0.0 0.0
2146 -4.3049195644e-05 0.0 0.0
2147 -4.3049195644e-05 0.0 0.0
2148 -4.3049195644e-05 0.0 0.0
2149 -4.3049195644e-05 0.0 0.0
2150 -4.3049195644e-05 0.0 0.0
2151 -4.3049195644e-05 0.0 0.0
2152 -4.3049195644e-05 0.0 0.0
2153 -4.3049195644e-05 0.0 0.0
2154 -4.3049195644e-05 0.0 0.0
2155 -4.3049195644e-05 0.0 0.0
2156 -4.3049195644e-05 0.0 0.0
2157 -4.3049195644e-05 0.0 0.0
2158 -4.3049195644e-05 0.0 0.0
2159 -4.3049195644e-05 0.0 0.0
2160 -4.3049195644e-05 0.0 0.0
2161 -4.3049195644e-05 0.0 0.0
2162 -4.3049195644e-05 0.0 0.0
2163 -4.3049195644e-05 0.0 0.0
2164 -4.3049195644e-05 0.0 0.0
2165 -4.3049195644e-05 0.0 0.0
2166 -4.3049195644e-05 0.0 0.0
2167 -4.3049195644e-05 0.0 0.0
2168 -4.3049195644e-05 0.0 0.0
2169 -4.3049195644e-05 0.0 0.0
2170 -4.3049195644e-05 0.0 0.0
2171 -4.3049195644e-05 0.0 0.0
2172 -4.3049195644e-05 0.0 0.0
2173 -4.3049195644e-05 0.0 0.0
2174 -4.3049195644e-05 0.0 0.0
2175 -4.3049195644e-05 0.0 0.0
2176 -4.3049195644e-05 0.0 0.0
2177 -4.3049195644e-05 0.0 0.0
2178 -4.3049195644e-05 0.0 0.0
2179 -4.3049195644e-05 0.0 0.0
2180 -4.3049195644e-05 0.0 0.0
2181 -4.3049195644e-05 0.0 0.0
2182 -4.3049195644e-05 0.0 0.0
2183 -4.3049195644e-05 0.0 0.0
2184 -4.3049195644e-05 0.0 0.0
2185 -4.3049195644e-05 0.0 0.0
2186 -4.3049195644e-05 0.0 0.0
2187 -4.3049195644e-05 0.0 0.0
2188 -4.3049195644e-05 0.0 0.0
2189 -4.3049195644e-05 0.0 0.0
2190 -4.3049195644e-05 0.0 0.0
2191 -4.3049195644e-05 0.0 0.0
2192 -4.3049195644e-05 0.0 0.0
2193 -4.3049195644e-05 0.0 0.0
2194 -4.3049195644e-05 0.0 0.0
2195 -4.3049195644e-05 0.0 0.0
2196 -4.3049195644e-05 0.0 0.0
2197 -4.3049195644e-05 0.0 0.0
2198 -4.3049195644e-05 0.0 0.0
2199 -4.3049195644e-05 0.0 0.0
2200 -4.3049195644e-05 0.0 0.0
2201 -4.3049195644e-05 0.0 0.0
2202 -4.3049195644e-05 0.0 0.0
2203 -4.3049195644e-05 0.0 0.0
2204 -4.3049195644e-05 0.0 0.0
2205 -4.3049195644e-05 0.0 0.0
2206 -4.3049195644e-05 0.0 0.0
2207 -4.3049195644e-05 0.0 0.0
2208 -4.3049195644e-05 0.0 0.0
2209 -4.3049195644e-05 0.0 0.0
2210 -4.3049195644e-05 0.0 0.0
2211 -4.3049195644e-05 0.0 0.0
2212 -4.3049195644e-05 0.0 0.0
2213 -4.3049195644e-05 0.0 0.0
2214 -4.3049195644e-05 0.0 0.0
2215 -4.3049195644e-05 0.0 0.0
2216 -4.3049195644e-05 0.0 0.0
2217 -4.3049195644e-05 0.0 0.0
2218 -4.3049195644e-05 0.0 0.0
2219 -4.3049195644e-05 0.0 0.0
2220 -4.3049195644e-05 0.0 0.0
2221 -4.3049195644e-05 0.0 0.0
2222 -4.3049195644e-05 0.0 0.0
2223 -4.3049195644e-05 0.0 0.0
2224 -4.3049195644e-05 0.0 0.0
2225 -4.3049195644e-05 0.0 0.0
2226 -4.3049195644e-05 0.0 0.0
2227 -4.3049195644e-05 0.0 0.0
2228 -4.3049195644e-05 0.0 0.0
2229 -4.3049195644e-05 0.0 0.0
2230 -4.3049195644e-05 0.0 0.0
2231 -4.3049195644e-05 0.0 0.0
2232 -4.3049195644e-05 0.0 0.0
2233 -4.3049195644e-05 0.0 0.0
2234 -4.3049195644e-05 0.0 0.0
2235 -4.3049195644e-05 0.0 0.0
2236 -4.3049195644e-05 0.0 0.0
2237 -4.3049195644e-05 0.0 0.0
2238 -4.3049195644e-05 0.0 0.0
2239 -4.3049195644e-05 0.0 0.0
2240 -4.3049195644e-05 0.0 0.0
2241 -4.3049195644e-05 0.0 0.0
2242 -4.3049195644e-05 0.0 0.0
2243 -4.3049195644e-05 0.0 0.0
2244 -4.3049195644e-05 0.0 0.0
2245 -4.3049195644e-05 0.0 0.0
2246 -4.3049195644e-05 0.0 0.0
2247 -4.3049195644e-05 0.0 0.0
2248 -4.3049195644e-05 0.0 0.0
2249 -4.3049195644e-05 0.0 0.0
2250 -4.3049195644e-05 0.0 0.0
2251 -4.3049195644e-05 0.0 0.0
2252 -4.3049195644e-05 0.0 0.0
2253 -4.3049195644e-05 0.0 0.0
2254 -4.3049195644e-05 0.0 0.0
2255 -4.3049195644e-05 0.0 0.0
2256 -4.3049195644e-05 0.0 0.0
2257 -4.3049195644e-05 0.0 0.0
2258 -4.3049195644e-05 0.0 0.0
2259 -4.3049195644e-05 0.0 0.0
2260 -4.3049195644e-05 0.0 0.0
2261 -4.3049195644e-05 0.0 0.0
2262 -4.3049195644e-05 0.0 0.0
2263 -4.3049195644e-05 0.0 0.0
2264 -4.3049195644e-05 0.0 0.0
2265 -4.3049195644e-05 0.0 0.0
2266 -4.3049195644e-05 0.0 0.0
2267 -4.3049195644e-05 0.0 0.0
2268 -4.3049195644e-05 0.0 0.0
2269 -4.3049195644e-05 0.0 0.0
2270 -4.3049195644e-05 0.0 0.0
2271 -4.3049195644e-05 0.0 0.0
2272 -4.3049195644e-05 0.0 0.0
2273 -4.3049195644e-05 0.0 0.0
2274 -4.3049195644e-05 0.0 0.0
2275 -4.3049195644e-05 0.0 0.0
2276 -4.3049195644e-05 0.0 0.0
2277 -4.3049195644e-05 0.0 0.0
2278 -4.3049195644e-05 0.0 0.0
2279 -4.3049195644e-05 0.0 0.0
2280 -4.3049195644e-05 0.0 0.0
2281 -4.3049195644e-05 0.0 0.0
2282 -4.3049195644e-05 0.0 0.0
2283 -4.3049195644e-05 0.0 0.0
2284 -4.3049195644e-05 0.0 0.0
2285 -4.3049195644e-05 0.0 0.0
2286 -4.3049195644e-05 0.0 0.0
2287 -4.3049195644e-05 0.0 0.0
2288 -4.3049195644e-05 0.0 0.0
2289 -4.3049195644e-05 0.0 0.0
2290 -4.3049195644e-05 0.0 0.0
2291 -4.3049195644e-05 0.0 0.0
2292 -4.3049195644e-05 0.0 0.0
2293 -4.3049195644e-05 0.0 0.0
2294 -4.3049195644e-05 0.0 0.0
2295 -4.3049195644e-05 0.0 0.0
2296 -4.3049195644e-05 0.0 0.0
2297 -4.3049195644e-05 0.0 0.0
2298 -4.3049195644e-05 0.0 0.0
2299 -4.3049195644e-05 0.0 0.0
2300 -4.3049195644e-05 0.0 0.0
2301 0.00154579572643 0.0 0.0
2302 0.00154579572643 0.0 0.0
2303 0.00154579572643 0.0 0.0
2304 0.00154579572643 0.0 0.0
2305 0.00154579572643 0.0 0.0
2306 0.00154579572643 0.0 0.0
2307 0.00154579572643 0.0 0.0
2308 0.00154579572643 0.0 0.0
2309 0.00154579572643 0.0 0.0
2310 0.00154579572643 0.0 0.0
2311 0.00154579572643 0.0 0.0
2312 0.00154579572643 0.0 0.0
2313 0.00154579572643 0.0 0.0
2314 0.00154579572643 0.0 0.0
2315 0.00154579572643 0.0 0.0
2316 0.00154579572643 0.0 0.0
2317 0.00154579572643 0.0 0.0
2318 0.00154579572643 0.0 0.0
2319 0.00154579572643 0.0 0.0
2320 0.00154579572643 0.0 0.0
2321 0.00154579572643 0.0 0.0
2322 0.00154579572643 0.0 0.0
2323 0.00154579572643 0.0 0.0
2324 0.00154579572643 0.0 0.0
2325 0.00154579572643 0.0 0.0
2326 0.00154579572643 0.0 0.0
2327 0.00154579572643 0.0 0.0
2328 0.00154579572643 0.0 0.0
2329 0.00154579572643 0.0 0.0
2330 0.00154579572643 0.0 0.0
2331 0.00154579572643 0.0 0.0
2332 0.00154579572643 0.0 0.0
2333 0.00154579572643 0.0 0.0
2334 0.00154579572643 0.0 0.0
2335 0.00154579572643 0.0 0.0
2336 0.00154579572643 0.0 0.0
2337 0.00154579572643 0.0 0.0
2338 0.00154579572643 0.0 0.0
2339 0.00154579572643 0.0 0.0
2340 0.00154579572643 0.0 0.0
2341 0.00154579572643 0.0 0.0
2342 0.00154579572643 0.0 0.0
2343 0.00154579572643 0.0 0.0
2344 0.00154579572643 0.0 0.0
2345 0.00154579572643 0.0 0.0
2346 0.00154579572643 0.0 0.0
2347 0.00154579572643 0.0 0.0
2348 0.00154579572643 0.0 0.0
2349 0.00154579572643 0.0 0.0
2350 0.00154579572643 0.0 0.0
2351 0.00154579572643 0.0 0.0
2352 0.00154579572643 0.0 0.0
2353 0.00154579572643 0.0 0.0
2354 0.00154579572643 0.0 0.0
2355 0.00154579572643 0.0 0.0
2356 0.00154579572643 0.0 0.0
2357 0.00154579572643 0.0 0.0
2358 0.00154579572643 0.0 0.0
2359 0.00154579572643 0.0 0.0
2360 0.00154579572643 0.0 0.0
2361 0.00154579572643 0.0 0.0
2362 0.00154579572643 0.0 0.0
2363 0.00154579572643 0.0 0.0
2364 0.00154579572643 0.0 0.0
2365 0.00154579572643 0.0 0.0
2366 0.00154579572643 0.0 0.0
2367 0.00154579572643 0.0 0.0
2368 0.00154579572643 0.0 0.0
2369 0.00154579572643 0.0 0.0
2370 0.00154579572643 0.0 0.0
2371 0.00154579572643 0.0 0.0
2372 0.00154579572643 0.0 0.0
2373 0.00154579572643 0.0 0.0
2374 0.00154579572643 0.0 0.0
2375 0.00154579572643 0.0 0.0
2376 0.00154579572643 0.0 0.0
2377 0.00154579572643 0.0 0.0
2378 0.00154579572643 0.0 0.0
2379 0.00154579572643 0.0 0.0
2380 0.00154579572643 0.0 0.0
2381 0.00154579572643 0.0 0.0
2382 0.00154579572643 0.0 0.0
2383 0.00154579572643 0.0 0.0
2384 0.00154579572643 0.0 0.0
2385 0.00154579572643 0.0 0.0
2386 0.00154579572643 0.0 0.0
2387 0.00154579572643 0.0 0.0
2388 0.00154579572643 0.0 0.0
2389 0.00154579572643 0.0 0.0
2390 0.00154579572643 0.0 0.0
2391 0.00154579572643 0.0 0.0
2392 0.00154579572643 0.0 0.0
2393 0.00154579572643 0.0 0.0
2394 0.00154579572643 0.0 0.0
2395 0.00154579572643 0.0 0.0
2396 0.00154579572643 0.0 0.0
2397 0.00154579572643 0.0 0.0
2398 0.00154579572643 0.0 0.0
2399 0.00154579572643 0.0 0.0
2400 0.00154579572643 0.0 0.0
2401 0.00154579572643 0.0 0.0
2402 0.00154579572643 0.0 0.0
2403 0.00154579572643 0.0 0.0
2404 0.00154579572643 0.0 0.0
2405 0.00154579572643 0.0 0.0
2406 0.00154579572643 0.0 0.0
2407 0.00154579572643 0.0 0.0
2408 0.00154579572643 0.0 0.0
2409 0.00154579572643 0.0 0.0
2410 0.00154579572643 0.0 0.0
2411 0.00154579572643 0.0 0.0
2412 0.00154579572643 0.0 0.0
2413 0.00154579572643 0.0 0.0
2414 0.00154579572643 0.0 0.0
2415 0.00154579572643 0.0 0.0
2416 0.00154579572643 0.0 0.0
2417 0.00154579572643 0.0 0.0
2418 0.00154579572643 0.0 0.0
2419 0.00154579572643 0.0 0.0
2420 0.00154579572643 0.0 0.0
2421 0.00154579572643 0.0 0.0
2422 0.00154579572643 0.0 0.0
2423 0.00154579572643 0.0 0.0
2424 0.00154579572643 0.0 0.0
2425 0.00154579572643 0.0 0.0
2426 0.00154579572643 0.0 0.0
2427 0.00154579572643 0.0 0.0
2428 0.00154579572643 0.0 0.0
2429 0.00154579572643 0.0 0.0
2430 0.00154579572643 0.0 0.0
2431 0.00154579572643 0.0 0.0
2432 0.00154579572643 0.0 0.0
2433 0.00154579572643 0.0 0.0
2434 0.00154579572643 0.0 0.0
2435 0.00154579572643 0.0 0.0
2436 0.00154579572643 0.0 0.0
2437 0.00154579572643 0.0 0.0
2438 0.00154579572643 0.0 0.0
2439 0.00154579572643 0.0 0.0
2440 0.00154579572643 0.0 0.0
2441 0.00154579572643 0.0 0.0
2442 0.00154579572643 0.0 0.0
2443 0.00154579572643 0.0 0.0
2444 0.00154579572643 0.0 0.0
2445 0.00154579572643 0.0 0.0
2446 0.00154579572643 0.0 0.0
2447 0.00154579572643 0.0 0.0
2448 0.00154579572643 0.0 0.0
2449 0.00154579572643 0.0 0.0
2450 0.00154579572643 0.0 0.0
2451 0.00154579572643 0.0 0.0
2452 0.00154579572643 0.0 0.0
2453 0.00154579572643 0.0 0.0
2454 0.00154579572643 0.0 0.0
2455 0.00154579572643 0.0 0.0
2456 0.00154579572643 0.0 0.0
2457 0.00154579572643 0.0 0.0
2458 0.00154579572643 0.0 0.0
2459 0.00154579572643 0.0 0.0
2460 0.00154579572643 0.0 0.0
2461 0.00154579572643 0.0 0.0
2462 0.00154579572643 0.0 0.0
2463 0.00154579572643 0.0 0.0
2464 0.00154579572643 0.0 0.0
2465 0.00154579572643 0.0 0.0
2466 0.00154579572643 0.0 0.0
2467 0.00154579572643 0.0 0.0
2468 0.00154579572643 0.0 0.0
2469 0.00154579572643 0.0 0.0
2470 0.00154579572643 0.0 0.0
2471 0.00154579572643 0.0 0.0
2472 0.00154579572643 0.0 0.0
2473 0.00154579572643 0.0 0.0
2474 0.00154579572643 0.0 0.0
2475 0.00154579572643 0.0 0.0
2476 0.00154579572643 0.0 0.0
2477 0.00154579572643 0.0 0.0
2478 0.00154579572643 0.0 0.0
2479 0.00154579572643 0.0 0.0
2480 0.00154579572643 0.0 0.0
2481 0.00154579572643 0.0 0.0
2482 0.00154579572643 0.0 0.0
2483 0.00154579572643 0.0 0.0
2484 0.00154579572643 0.0 0.0
2485 0.00154579572643 0.0 0.0
2486 0.00154579572643 0.0 0.0
2487 0.00154579572643 0.0 0.0
2488 0.00154579572643 0.0 0.0
2489 0.00154579572643 0.0 0.0
2490 0.00154579572643 0.0 0.0
2491 0.00154579572643 0.0 0.0
2492 0.00154579572643 0.0 0.0
2493 0.00154579572643 0.0 0.0
2494 0.00154579572643 0.0 0.0
2495 0.00154579572643 0.0 0.0
2496 0.00154579572643 0.0 0.0
2497 0.00154579572643 0.0 0.0
2498 0.00154579572643 0.0 0.0
2499 0.00154579572643 0.0 0.0
2500 0.00154579572643 0.0 0.0
