0 0.0 0.0 0.0
1 0.0 0.0 0.0
2 -0.00064456757181 0.0 0.0
3 -0.00064456757181 0.0 0.0
4 0.0058040237656 0.0 0.0
5 0.0058040237656 0.0 0.0
6 0.000449570459802 0.0 0.0
7 0.000449570459802 0.0 0.0
8 0.000449570459802 0.0 0.0
9 0.000449570459802 0.0 0.0
10 0.000449570459802 0.0 0.0
11 0.000449570459802 0.0 0.0
12 -0.000506179057084 0.0 0.0
13 -0.000506179057084 0.0 0.0
14 -0.000506179057084 0.0 0.0
15 -0.000506179057084 0.0 0.0
16 -0.000506179057084 0.0 0.0
17 -0.000506179057084 0.0 0.0
18 -0.000506179057084 0.0 0.0
19 -0.000506179057084 0.0 0.0
20 -0.000506179057084 0.0 0.0
21 -0.000506179057084 0.0 0.0
22 -0.000506179057084 0.0 0.0
23 -0.000506179057084 0.0 0.0
24 -0.000506179057084 0.0 0.0
25 -0.000506179057084 0.0 0.0
26 -0.000506179057084 0.0 0.0
27 -0.000506179057084 0.0 0.0
28 -0.000506179057084 0.0 0.0
29 -0.000506179057084 0.0 0.0
30 -7.37778044823e-05 0.0 0.0
31 -7.37778044823e-05 0.0 0.0
32 -7.37778044823e-05 0.0 0.0
33 -7.37778044823e-05 0.0 0.0
34 -7.37778044823e-05 0.0 0.0
35 -7.37778044823e-05 0.0 0.0
36 -7.37778044823e-05 0.0 0.0
37 -7.37778044823e-05 0.0 0.0
38 -7.37778044823e-05 0.0 0.0
39 -7.37778044823e-05 0.0 0.0
40 -7.37778044823e-05 0.0 0.0
41 -7.37778044823e-05 0.0 0.0
42 -7.37778044823e-05 0.0 0.0
43 -7.37778044823e-05 0.0 0.0
44 -7.37778044823e-05 0.0 0.0
45 -7.37778044823e-05 0.0 0.0
46 4.18322808575e-06 0.0 0.0
47 4.18322808575e-06 0.0 0.0
48 4.18322808575e-06 0.0 0.0
49 4.18322808575e-06 0.0 0.0
50 4.18322808575e-06 0.0 0.0
51 4.18322808575e-06 0.0 0.0
52 4.18322808575e-06 0.0 0.0
53 4.18322808575e-06 0.0 0.0
54 4.18322808575e-06 0.0 0.0
55 4.18322808575e-06 0.0 0.0
56 4.18322808575e-06 0.0 0.0
57 4.18322808575e-06 0.0 0.0
58 4.18322808575e-06 0.0 0.0
59 4.18322808575e-06 0.0 0.0
60 4.18322808575e-06 0.0 0.0
61 4.18322808575e-06 0.0 0.0
62 4.18322808575e-06 0.0 0.0
63 4.18322808575e-06 0.0 0.0
64 4.18322808575e-06 0.0 0.0
65 4.18322808575e-06 0.0 0.0
66 4.18322808575e-06 0.0 0.0
67 4.18322808575e-06 0.0 0.0
68 4.18322808575e-06 0.0 0.0
69 4.18322808575e-06 0.0 0.0
70 4.18322808575e-06 0.0 0.0
71 4.18322808575e-06 0.0 0.0
72 4.18322808575e-06 0.0 0.0
73 4.18322808575e-06 0.0 0.0
74 4.18322808575e-06 0.0 0.0
75 4.18322808575e-06 0.0 0.0
76 0.000102621562571 0.0 0.0
77 0.000102621562571 0.0 0.0
78 0.000102621562571 0.0 0.0
79 0.000102621562571 0.0 0.0
80 0.000102621562571 0.0 0.0
81 0.000102621562571 0.0 0.0
82 0.000102621562571 0.0 0.0
83 0.000102621562571 0.0 0.0
84 0.000102621562571 0.0 0.0
85 0.000102621562571 0.0 0.0
86 0.000102621562571 0.0 0.0
87 0.000102621562571 0.0 0.0
88 0.000102621562571 0.0 0.0
89 0.000102621562571 0.0 0.0
90 0.000102621562571 0.0 0.0
91 2.32162739314e-05 0.0 0.0
92 2.32162739314e-05 0.0 0.0
93 2.32162739314e-05 0.0 0.0
94 2.32162739314e-05 0.0 0.0
95 2.32162739314e-05 0.0 0.0
96 2.32162739314e-05 0.0 0.0
97 2.32162739314e-05 0.0 0.0
98 2.32162739314e-05 0.0 0.0
99 2.32162739314e-05 0.0 0.0
100 2.32162739314e-05 0.0 0.0
101 2.32162739314e-05 0.0 0.0
102 2.32162739314e-05 0.0 0.0
103 2.32162739314e-05 0.0 0.0
104 2.32162739314e-05 0.0 0.0
105 2.32162739314e-05 0.0 0.0
106 2.32162739314e-05 0.0 0.0
107 2.32162739314e-05 0.0 0.0
108 2.32162739314e-05 0.0 0.0
109 2.32162739314e-05 0.0 0.0
110 2.32162739314e-05 0.0 0.0
111 2.32162739314e-05 0.0 0.0
112 2.32162739314e-05 0.0 0.0
113 2.32162739314e-05 0.0 0.0
114 2.32162739314e-05 0.0 0.0
115 2.32162739314e-05 0.0 0.0
116 2.32162739314e-05 0.0 0.0
117 2.32162739314e-05 0.0 0.0
118 2.32162739314e-05 0.0 0.0
119 2.32162739314e-05 0.0 0.0
120 2.32162739314e-05 0.0 0.0
121 -5.82587291214e-05 0.0 0.0
122 -5.82587291214e-05 0.0 0.0
123 -5.82587291214e-05 0.0 0.0
124 -5.82587291214e-05 0.0 0.0
125 -5.82587291214e-05 0.0 0.0
126 -5.82587291214e-05 0.0 0.0
127 -5.82587291214e-05 0.0 0.0
128 -5.82587291214e-05 0.0 0.0
129 -5.82587291214e-05 0.0 0.0
130 -5.82587291214e-05 0.0 0.0
131 -5.82587291214e-05 0.0 0.0
132 -5.82587291214e-05 0.0 0.0
133 -5.82587291214e-05 0.0 0.0
134 -5.82587291214e-05 0.0 0.0
135 -5.82587291214e-05 0.0 0.0
136 -2.7290986825e-05 0.0 0.0
137 -2.7290986825e-05 0.0 0.0
138 -2.7290986825e-05 0.0 0.0
139 -2.7290986825e-05 0.0 0.0
140 -2.7290986825e-05 0.0 0.0
141 -2.7290986825e-05 0.0 0.0
142 -2.7290986825e-05 0.0 0.0
143 -2.7290986825e-05 0.0 0.0
144 -2.7290986825e-05 0.0 0.0
145 -2.7290986825e-05 0.0 0.0
146 -2.7290986825e-05 0.0 0.0
147 -2.7290986825e-05 0.0 0.0
148 -2.7290986825e-05 0.0 0.0
149 -2.7290986825e-05 0.0 0.0
150 -2.7290986825e-05 0.0 0.0
151 -2.7290986825e-05 0.0 0.0
152 -2.7290986825e-05 0.0 0.0
153 -2.7290986825e-05 0.0 0.0
154 -2.7290986825e-05 0.0 0.0
155 -2.7290986825e-05 0.0 0.0
156 -2.7290986825e-05 0.0 0.0
157 -2.7290986825e-05 0.0 0.0
158 -2.7290986825e-05 0.0 0.0
159 -2.7290986825e-05 0.0 0.0
160 -2.7290986825e-05 0.0 0.0
161 -4.20522883094e-05 0.0 0.0
162 -4.20522883094e-05 0.0 0.0
163 -4.20522883094e-05 0.0 0.0
164 -4.20522883094e-05 0.0 0.0
165 -4.20522883094e-05 0.0 0.0
166 -4.20522883094e-05 0.0 0.0
167 -4.20522883094e-05 0.0 0.0
168 -4.20522883094e-05 0.0 0.0
169 -4.20522883094e-05 0.0 0.0
170 -4.20522883094e-05 0.0 0.0
171 -4.20522883094e-05 0.0 0.0
172 -4.20522883094e-05 0.0 0.0
173 -4.20522883094e-05 0.0 0.0
174 -4.20522883094e-05 0.0 0.0
175 -4.20522883094e-05 0.0 0.0
176 -4.20522883094e-05 0.0 0.0
177 -4.20522883094e-05 0.0 0.0
178 -4.20522883094e-05 0.0 0.0
179 -4.20522883094e-05 0.0 0.0
180 -4.20522883094e-05 0.0 0.0
181 -4.20522883094e-05 0.0 0.0
182 -4.20522883094e-05 0.0 0.0
183 -4.20522883094e-05 0.0 0.0
184 -4.20522883094e-05 0.0 0.0
185 -4.20522883094e-05 0.0 0.0
186 -4.20522883094e-05 0.0 0.0
187 -4.20522883094e-05 0.0 0.0
188 -4.20522883094e-05 0.0 0.0
189 -4.20522883094e-05 0.0 0.0
190 -4.20522883094e-05 0.0 0.0
191 -4.20522883094e-05 0.0 0.0
192 -4.20522883094e-05 0.0 0.0
193 -4.20522883094e-05 0.0 0.0
194 -4.20522883094e-05 0.0 0.0
195 -4.20522883094e-05 0.0 0.0
196 -4.20522883094e-05 0.0 0.0
197 -4.20522883094e-05 0.0 0.0
198 -4.20522883094e-05 0.0 0.0
199 -4.20522883094e-05 0.0 0.0
200 -4.20522883094e-05 0.0 0.0
201 -7.45193366236e-05 0.0 0.0
202 -7.45193366236e-05 0.0 0.0
203 -7.45193366236e-05 0.0 0.0
204 -7.45193366236e-05 0.0 0.0
205 -7.45193366236e-05 0.0 0.0
206 -7.45193366236e-05 0.0 0.0
207 -7.45193366236e-05 0.0 0.0
208 -7.45193366236e-05 0.0 0.0
209 -7.45193366236e-05 0.0 0.0
210 -7.45193366236e-05 0.0 0.0
211 -7.45193366236e-05 0.0 0.0
212 -7.45193366236e-05 0.0 0.0
213 -7.45193366236e-05 0.0 0.0
214 -7.45193366236e-05 0.0 0.0
215 -7.45193366236e-05 0.0 0.0
216 -7.45193366236e-05 0.0 0.0
217 -7.45193366236e-05 0.0 0.0
218 -7.45193366236e-05 0.0 0.0
219 -7.45193366236e-05 0.0 0.0
220 -7.45193366236e-05 0.0 0.0
221 -7.45193366236e-05 0.0 0.0
222 -7.45193366236e-05 0.0 0.0
223 -7.45193366236e-05 0.0 0.0
224 -7.45193366236e-05 0.0 0.0
225 -7.45193366236e-05 0.0 0.0
226 -7.45193366236e-05 0.0 0.0
227 -7.45193366236e-05 0.0 0.0
228 -7.45193366236e-05 0.0 0.0
229 -7.45193366236e-05 0.0 0.0
230 -7.45193366236e-05 0.0 0.0
231 -7.45193366236e-05 0.0 0.0
232 -7.45193366236e-05 0.0 0.0
233 -7.45193366236e-05 0.0 0.0
234 -7.45193366236e-05 0.0 0.0
235 -7.45193366236e-05 0.0 0.0
236 -7.45193366236e-05 0.0 0.0
237 -7.45193366236e-05 0.0 0.0
238 -7.45193366236e-05 0.0 0.0
239 -7.45193366236e-05 0.0 0.0
240 -7.45193366236e-05 0.0 0.0
241 -7.45193366236e-05 0.0 0.0
242 -7.45193366236e-05 0.0 0.0
243 -7.45193366236e-05 0.0 0.0
244 -7.45193366236e-05 0.0 0.0
245 -7.45193366236e-05 0.0 0.0
246 -7.45193366236e-05 0.0 0.0
247 -7.45193366236e-05 0.0 0.0
248 -7.45193366236e-05 0.0 0.0
249 -7.45193366236e-05 0.0 0.0
250 -7.45193366236e-05 0.0 0.0
251 -7.45193366236e-05 0.0 0.0
252 -7.45193366236e-05 0.0 0.0
253 -7.45193366236e-05 0.0 0.0
254 -7.45193366236e-05 0.0 0.0
255 -7.45193366236e-05 0.0 0.0
256 -7.45193366236e-05 0.0 0.0
257 -7.45193366236e-05 0.0 0.0
258 -7.45193366236e-05 0.0 0.0
259 -7.45193366236e-05 0.0 0.0
260 -7.45193366236e-05 0.0 0.0
261 -7.45193366236e-05 0.0 0.0
262 -7.45193366236e-05 0.0 0.0
263 -7.45193366236e-05 0.0 0.0
264 -7.45193366236e-05 0.0 0.0
265 -7.45193366236e-05 0.0 0.0
266 -7.45193366236e-05 0.0 0.0
267 -7.45193366236e-05 0.0 0.0
268 -7.45193366236e-05 0.0 0.0
269 -7.45193366236e-05 0.0 0.0
270 -7.45193366236e-05 0.0 0.0
271 -0.000125571416446 0.0 0.0
272 -0.000125571416446 0.0 0.0
273 -0.000125571416446 0.0 0.0
274 -0.000125571416446 0.0 0.0
275 -0.000125571416446 0.0 0.0
276 -0.000125571416446 0.0 0.0
277 -0.000125571416446 0.0 0.0
278 -0.000125571416446 0.0 0.0
279 -0.000125571416446 0.0 0.0
280 -0.000125571416446 0.0 0.0
281 -0.000125571416446 0.0 0.0
282 -0.000125571416446 0.0 0.0
283 -0.000125571416446 0.0 0.0
284 -0.000125571416446 0.0 0.0
285 -0.000125571416446 0.0 0.0
286 -0.000125571416446 0.0 0.0
287 -0.000125571416446 0.0 0.0
288 -0.000125571416446 0.0 0.0
289 -0.000125571416446 0.0 0.0
290 -0.000125571416446 0.0 0.0
291 -0.000125571416446 0.0 0.0
292 -0.000125571416446 0.0 0.0
293 -0.000125571416446 0.0 0.0
294 -0.000125571416446 0.0 0.0
295 -0.000125571416446 0.0 0.0
296 -0.000125571416446 0.0 0.0
297 -0.000125571416446 0.0 0.0
298 -0.000125571416446 0.0 0.0
299 -0.000125571416446 0.0 0.0
300 -0.000125571416446 0.0 0.0
301 -0.000125571416446 0.0 0.0
302 -0.000125571416446 0.0 0.0
303 -0.000125571416446 0.0 0.0
304 -0.000125571416446 0.0 0.0
305 -0.000125571416446 0.0 0.0
306 -0.000125571416446 0.0 0.0
307 -0.000125571416446 0.0 0.0
308 -0.000125571416446 0.0 0.0
309 -0.000125571416446 0.0 0.0
310 -0.000125571416446 0.0 0.0
311 -0.000125571416446 0.0 0.0
312 -0.000125571416446 0.0 0.0
313 -0.000125571416446 0.0 0.0
314 -0.000125571416446 0.0 0.0
315 -0.000125571416446 0.0 0.0
316 -0.000125571416446 0.0 0.0
317 -0.000125571416446 0.0 0.0
318 -0.000125571416446 0.0 0.0
319 -0.000125571416446 0.0 0.0
320 -0.000125571416446 0.0 0.0
321 -0.000125571416446 0.0 0.0
322 -0.000125571416446 0.0 0.0
323 -0.000125571416446 0.0 0.0
324 -0.000125571416446 0.0 0.0
325 -0.000125571416446 0.0 0.0
326 -8.95238332875e-05 0.0 0.0
327 -8.95238332875e-05 0.0 0.0
328 -8.95238332875e-05 0.0 0.0
329 -8.95238332875e-05 0.0 0.0
330 -8.95238332875e-05 0.0 0.0
331 -8.95238332875e-05 0.0 0.0
332 -8.95238332875e-05 0.0 0.0
333 -8.95238332875e-05 0.0 0.0
334 -8.95238332875e-05 0.0 0.0
335 -8.95238332875e-05 0.0 0.0
336 -8.95238332875e-05 0.0 0.0
337 -8.95238332875e-05 0.0 0.0
338 -8.95238332875e-05 0.0 0.0
339 -8.95238332875e-05 0.0 0.0
340 -8.95238332875e-05 0.0 0.0
341 -8.95238332875e-05 0.0 0.0
342 -8.95238332875e-05 0.0 0.0
343 -8.95238332875e-05 0.0 0.0
344 -8.95238332875e-05 0.0 0.0
345 -8.95238332875e-05 0.0 0.0
346 -8.95238332875e-05 0.0 0.0
347 -8.95238332875e-05 0.0 0.0
348 -8.95238332875e-05 0.0 0.0
349 -8.95238332875e-05 0.0 0.0
350 -8.95238332875e-05 0.0 0.0
351 -8.95238332875e-05 0.0 0.0
352 -8.95238332875e-05 0.0 0.0
353 -8.95238332875e-05 0.0 0.0
354 -8.95238332875e-05 0.0 0.0
355 -8.95238332875e-05 0.0 0.0
356 -8.95238332875e-05 0.0 0.0
357 -8.95238332875e-05 0.0 0.0
358 -8.95238332875e-05 0.0 0.0
359 -8.95238332875e-05 0.0 0.0
360 -8.95238332875e-05 0.0 0.0
361 -8.95238332875e-05 0.0 0.0
362 -8.95238332875e-05 0.0 0.0
363 -8.95238332875e-05 0.0 0.0
364 -8.95238332875e-05 0.0 0.0
365 -8.95238332875e-05 0.0 0.0
366 -8.95238332875e-05 0.0 0.0
367 -8.95238332875e-05 0.0 0.0
368 -8.95238332875e-05 0.0 0.0
369 -8.95238332875e-05 0.0 0.0
370 -8.95238332875e-05 0.0 0.0
371 -8.95238332875e-05 0.0 0.0
372 -8.95238332875e-05 0.0 0.0
373 -8.95238332875e-05 0.0 0.0
374 -8.95238332875e-05 0.0 0.0
375 -8.95238332875e-05 0.0 0.0
376 6.8321276016e-05 0.0 0.0
377 6.8321276016e-05 0.0 0.0
378 6.8321276016e-05 0.0 0.0
379 6.8321276016e-05 0.0 0.0
380 6.8321276016e-05 0.0 0.0
381 6.8321276016e-05 0.0 0.0
382 6.8321276016e-05 0.0 0.0
383 6.8321276016e-05 0.0 0.0
384 6.8321276016e-05 0.0 0.0
385 6.8321276016e-05 0.0 0.0
386 6.8321276016e-05 0.0 0.0
387 6.8321276016e-05 0.0 0.0
388 6.8321276016e-05 0.0 0.0
389 6.8321276016e-05 0.0 0.0
390 6.8321276016e-05 0.0 0.0
391 6.8321276016e-05 0.0 0.0
392 6.8321276016e-05 0.0 0.0
393 6.8321276016e-05 0.0 0.0
394 6.8321276016e-05 0.0 0.0
395 6.8321276016e-05 0.0 0.0
396 6.8321276016e-05 0.0 0.0
397 6.8321276016e-05 0.0 0.0
398 6.8321276016e-05 0.0 0.0
399 6.8321276016e-05 0.0 0.0
400 6.8321276016e-05 0.0 0.0
401 6.8321276016e-05 0.0 0.0
402 6.8321276016e-05 0.0 0.0
403 6.8321276016e-05 0.0 0.0
404 6.8321276016e-05 0.0 0.0
405 6.8321276016e-05 0.0 0.0
406 6.8321276016e-05 0.0 0.0
407 6.8321276016e-05 0.0 0.0
408 6.8321276016e-05 0.0 0.0
409 6.8321276016e-05 0.0 0.0
410 6.8321276016e-05 0.0 0.0
411 6.8321276016e-05 0.0 0.0
412 6.8321276016e-05 0.0 0.0
413 6.8321276016e-05 0.0 0.0
414 6.8321276016e-05 0.0 0.0
415 6.8321276016e-05 0.0 0.0
416 6.8321276016e-05 0.0 0.0
417 6.8321276016e-05 0.0 0.0
418 6.8321276016e-05 0.0 0.0
419 6.8321276016e-05 0.0 0.0
420 6.8321276016e-05 0.0 0.0
421 6.8321276016e-05 0.0 0.0
422 6.8321276016e-05 0.0 0.0
423 6.8321276016e-05 0.0 0.0
424 6.8321276016e-05 0.0 0.0
425 6.8321276016e-05 0.0 0.0
426 -4.98537830767e-06 0.0 0.0
427 -4.98537830767e-06 0.0 0.0
428 -4.98537830767e-06 0.0 0.0
429 -4.98537830767e-06 0.0 0.0
430 -4.98537830767e-06 0.0 0.0
431 -4.98537830767e-06 0.0 0.0
432 -4.98537830767e-06 0.0 0.0
433 -4.98537830767e-06 0.0 0.0
434 -4.98537830767e-06 0.0 0.0
435 -4.98537830767e-06 0.0 0.0
436 -4.98537830767e-06 0.0 0.0
437 -4.98537830767e-06 0.0 0.0
438 -4.98537830767e-06 0.0 0.0
439 -4.98537830767e-06 0.0 0.0
440 -4.98537830767e-06 0.0 0.0
441 -4.98537830767e-06 0.0 0.0
442 -4.98537830767e-06 0.0 0.0
443 -4.98537830767e-06 0.0 0.0
444 -4.98537830767e-06 0.0 0.0
445 -4.98537830767e-06 0.0 0.0
446 -4.98537830767e-06 0.0 0.0
447 -4.98537830767e-06 0.0 0.0
448 -4.98537830767e-06 0.0 0.0
449 -4.98537830767e-06 0.0 0.0
450 -4.98537830767e-06 0.0 0.0
451 -4.98537830767e-06 0.0 0.0
452 -4.98537830767e-06 0.0 0.0
453 -4.98537830767e-06 0.0 0.0
454 -4.98537830767e-06 0.0 0.0
455 -4.98537830767e-06 0.0 0.0
456 -4.98537830767e-06 0.0 0.0
457 -4.98537830767e-06 0.0 0.0
458 -4.98537830767e-06 0.0 0.0
459 -4.98537830767e-06 0.0 0.0
460 -4.98537830767e-06 0.0 0.0
461 -4.98537830767e-06 0.0 0.0
462 -4.98537830767e-06 0.0 0.0
463 -4.98537830767e-06 0.0 0.0
464 -4.98537830767e-06 0.0 0.0
465 -4.98537830767e-06 0.0 0.0
466 -4.98537830767e-06 0.0 0.0
467 -4.98537830767e-06 0.0 0.0
468 -4.98537830767e-06 0.0 0.0
469 -4.98537830767e-06 0.0 0.0
470 -4.98537830767e-06 0.0 0.0
471 -4.98537830767e-06 0.0 0.0
472 -4.98537830767e-06 0.0 0.0
473 -4.98537830767e-06 0.0 0.0
474 -4.98537830767e-06 0.0 0.0
475 -4.98537830767e-06 0.0 0.0
476 -0.000113019616289 0.0 0.0
477 -0.000113019616289 0.0 0.0
478 -0.000113019616289 0.0 0.0
479 -0.000113019616289 0.0 0.0
480 -0.000113019616289 0.0 0.0
481 -0.000113019616289 0.0 0.0
482 -0.000113019616289 0.0 0.0
483 -0.000113019616289 0.0 0.0
484 -0.000113019616289 0.0 0.0
485 -0.000113019616289 0.0 0.0
486 -0.000113019616289 0.0 0.0
487 -0.000113019616289 0.0 0.0
488 -0.000113019616289 0.0 0.0
489 -0.000113019616289 0.0 0.0
490 -0.000113019616289 0.0 0.0
491 -0.000113019616289 0.0 0.0
492 -0.000113019616289 0.0 0.0
493 -0.000113019616289 0.0 0.0
494 -0.000113019616289 0.0 0.0
495 -0.000113019616289 0.0 0.0
496 -0.000113019616289 0.0 0.0
497 -0.000113019616289 0.0 0.0
498 -0.000113019616289 0.0 0.0
499 -0.000113019616289 0.0 0.0
500 -0.000113019616289 0.0 0.0
501 -0.000113019616289 0.0 0.0
502 -0.000113019616289 0.0 0.0
503 -0.000113019616289 0.0 0.0
504 -0.000113019616289 0.0 0.0
505 -0.000113019616289 0.0 0.0
506 -0.000113019616289 0.0 0.0
507 -0.000113019616289 0.0 0.0
508 -0.000113019616289 0.0 0.0
509 -0.000113019616289 0.0 0.0
510 -0.000113019616289 0.0 0.0
511 -0.000113019616289 0.0 0.0
512 -0.000113019616289 0.0 0.0
513 -0.000113019616289 0.0 0.0
514 -0.000113019616289 0.0 0.0
515 -0.000113019616289 0.0 0.0
516 -0.000113019616289 0.0 0.0
517 -0.000113019616289 0.0 0.0
518 -0.000113019616289 0.0 0.0
519 -0.000113019616289 0.0 0.0
520 -0.000113019616289 0.0 0.0
521 -0.000113019616289 0.0 0.0
522 -0.000113019616289 0.0 0.0
523 -0.000113019616289 0.0 0.0
524 -0.000113019616289 0.0 0.0
525 -0.000113019616289 0.0 0.0
526 -0.000368041049749 0.0 0.0
527 -0.000368041049749 0.0 0.0
528 -0.000368041049749 0.0 0.0
529 -0.000368041049749 0.0 0.0
530 -0.000368041049749 0.0 0.0
531 -0.000368041049749 0.0 0.0
532 -0.000368041049749 0.0 0.0
533 -0.000368041049749 0.0 0.0
534 -0.000368041049749 0.0 0.0
535 -0.000368041049749 0.0 0.0
536 -0.000368041049749 0.0 0.0
537 -0.000368041049749 0.0 0.0
538 -0.000368041049749 0.0 0.0
539 -0.000368041049749 0.0 0.0
540 -0.000368041049749 0.0 0.0
541 -0.000368041049749 0.0 0.0
542 -0.000368041049749 0.0 0.0
543 -0.000368041049749 0.0 0.0
544 -0.000368041049749 0.0 0.0
545 -0.000368041049749 0.0 0.0
546 -0.000368041049749 0.0 0.0
547 -0.000368041049749 0.0 0.0
548 -0.000368041049749 0.0 0.0
549 -0.000368041049749 0.0 0.0
550 -0.000368041049749 0.0 0.0
551 -0.000368041049749 0.0 0.0
552 -0.000368041049749 0.0 0.0
553 -0.000368041049749 0.0 0.0
554 -0.000368041049749 0.0 0.0
555 -0.000368041049749 0.0 0.0
556 -0.000368041049749 0.0 0.0
557 -0.000368041049749 0.0 0.0
558 -0.000368041049749 0.0 0.0
559 -0.000368041049749 0.0 0.0
560 -0.000368041049749 0.0 0.0
561 -0.000368041049749 0.0 0.0
562 -0.000368041049749 0.0 0.0
563 -0.000368041049749 0.0 0.0
564 -0.000368041049749 0.0 0.0
565 -0.000368041049749 0.0 0.0
566 -0.000368041049749 0.0 0.0
567 -0.000368041049749 0.0 0.0
568 -0.000368041049749 0.0 0.0
569 -0.000368041049749 0.0 0.0
570 -0.000368041049749 0.0 0.0
571 -0.000368041049749 0.0 0.0
572 -0.000368041049749 0.0 0.0
573 -0.000368041049749 0.0 0.0
574 -0.000368041049749 0.0 0.0
575 -0.000368041049749 0.0 0.0
576 -0.000258965688648 0.0 0.0
577 -0.000258965688648 0.0 0.0
578 -0.000258965688648 0.0 0.0
579 -0.000258965688648 0.0 0.0
580 -0.000258965688648 0.0 0.0
581 -0.000258965688648 0.0 0.0
582 -0.000258965688648 0.0 0.0
583 -0.000258965688648 0.0 0.0
584 -0.000258965688648 0.0 0.0
585 -0.000258965688648 0.0 0.0
586 -0.000258965688648 0.0 0.0
587 -0.000258965688648 0.0 0.0
588 -0.000258965688648 0.0 0.0
589 -0.000258965688648 0.0 0.0
590 -0.000258965688648 0.0 0.0
591 -0.000258965688648 0.0 0.0
592 -0.000258965688648 0.0 0.0
593 -0.000258965688648 0.0 0.0
594 -0.000258965688648 0.0 0.0
595 -0.000258965688648 0.0 0.0
596 -0.000258965688648 0.0 0.0
597 -0.000258965688648 0.0 0.0
598 -0.000258965688648 0.0 0.0
599 -0.000258965688648 0.0 0.0
600 -0.000258965688648 0.0 0.0
601 -0.000258965688648 0.0 0.0
602 -0.000258965688648 0.0 0.0
603 -0.000258965688648 0.0 0.0
604 -0.000258965688648 0.0 0.0
605 -0.000258965688648 0.0 0.0
606 -0.000258965688648 0.0 0.0
607 -0.000258965688648 0.0 0.0
608 -0.000258965688648 0.0 0.0
609 -0.000258965688648 0.0 0.0
610 -0.000258965688648 0.0 0.0
611 -0.000258965688648 0.0 0.0
612 -0.000258965688648 0.0 0.0
613 -0.000258965688648 0.0 0.0
614 -0.000258965688648 0.0 0.0
615 -0.000258965688648 0.0 0.0
616 -0.000258965688648 0.0 0.0
617 -0.000258965688648 0.0 0.0
618 -0.000258965688648 0.0 0.0
619 -0.000258965688648 0.0 0.0
620 -0.000258965688648 0.0 0.0
621 -0.000258965688648 0.0 0.0
622 -0.000258965688648 0.0 0.0
623 -0.000258965688648 0.0 0.0
624 -0.000258965688648 0.0 0.0
625 -0.000258965688648 0.0 0.0
626 -0.000358999751247 0.0 0.0
627 -0.000358999751247 0.0 0.0
628 -0.000358999751247 0.0 0.0
629 -0.000358999751247 0.0 0.0
630 -0.000358999751247 0.0 0.0
631 -0.000358999751247 0.0 0.0
632 -0.000358999751247 0.0 0.0
633 -0.000358999751247 0.0 0.0
634 -0.000358999751247 0.0 0.0
635 -0.000358999751247 0.0 0.0
636 -0.000358999751247 0.0 0.0
637 -0.000358999751247 0.0 0.0
638 -0.000358999751247 0.0 0.0
639 -0.000358999751247 0.0 0.0
640 -0.000358999751247 0.0 0.0
641 -0.000358999751247 0.0 0.0
642 -0.000358999751247 0.0 0.0
643 -0.000358999751247 0.0 0.0
644 -0.000358999751247 0.0 0.0
645 -0.000358999751247 0.0 0.0
646 -0.000358999751247 0.0 0.0
647 -0.000358999751247 0.0 0.0
648 -0.000358999751247 0.0 0.0
649 -0.000358999751247 0.0 0.0
650 -0.000358999751247 0.0 0.0
651 -0.000358999751247 0.0 0.0
652 -0.000358999751247 0.0 0.0
653 -0.000358999751247 0.0 0.0
654 -0.000358999751247 0.0 0.0
655 -0.000358999751247 0.0 0.0
656 -0.000358999751247 0.0 0.0
657 -0.000358999751247 0.0 0.0
658 -0.000358999751247 0.0 0.0
659 -0.000358999751247 0.0 0.0
660 -0.000358999751247 0.0 0.0
661 -0.000358999751247 0.0 0.0
662 -0.000358999751247 0.0 0.0
663 -0.000358999751247 0.0 0.0
664 -0.000358999751247 0.0 0.0
665 -0.000358999751247 0.0 0.0
666 -0.000358999751247 0.0 0.0
667 -0.000358999751247 0.0 0.0
668 -0.000358999751247 0.0 0.0
669 -0.000358999751247 0.0 0.0
670 -0.000358999751247 0.0 0.0
671 -0.000358999751247 0.0 0.0
672 -0.000358999751247 0.0 0.0
673 -0.000358999751247 0.0 0.0
674 -0.000358999751247 0.0 0.0
675 -0.000358999751247 0.0 0.0
676 -0.000634170045903 0.0 0.0
677 -0.000634170045903 0.0 0.0
678 -0.000634170045903 0.0 0.0
679 -0.000634170045903 0.0 0.0
680 -0.000634170045903 0.0 0.0
681 -0.000634170045903 0.0 0.0
682 -0.000634170045903 0.0 0.0
683 -0.000634170045903 0.0 0.0
684 -0.000634170045903 0.0 0.0
685 -0.000634170045903 0.0 0.0
686 -0.000634170045903 0.0 0.0
687 -0.000634170045903 0.0 0.0
688 -0.000634170045903 0.0 0.0
689 -0.000634170045903 0.0 0.0
690 -0.000634170045903 0.0 0.0
691 -0.000634170045903 0.0 0.0
692 -0.000634170045903 0.0 0.0
693 -0.000634170045903 0.0 0.0
694 -0.000634170045903 0.0 0.0
695 -0.000634170045903 0.0 0.0
696 -0.000634170045903 0.0 0.0
697 -0.000634170045903 0.0 0.0
698 -0.000634170045903 0.0 0.0
699 -0.000634170045903 0.0 0.0
700 -0.000634170045903 0.0 0.0
701 -0.000634170045903 0.0 0.0
702 -0.000634170045903 0.0 0.0
703 -0.000634170045903 0.0 0.0
704 -0.000634170045903 0.0 0.0
705 -0.000634170045903 0.0 0.0
706 -0.000634170045903 0.0 0.0
707 -0.000634170045903 0.0 0.0
708 -0.000634170045903 0.0 0.0
709 -0.000634170045903 0.0 0.0
710 -0.000634170045903 0.0 0.0
711 -0.000634170045903 0.0 0.0
712 -0.000634170045903 0.0 0.0
713 -0.000634170045903 0.0 0.0
714 -0.000634170045903 0.0 0.0
715 -0.000634170045903 0.0 0.0
716 -0.000634170045903 0.0 0.0
717 -0.000634170045903 0.0 0.0
718 -0.000634170045903 0.0 0.0
719 -0.000634170045903 0.0 0.0
720 -0.000634170045903 0.0 0.0
721 -0.000634170045903 0.0 0.0
722 -0.000634170045903 0.0 0.0
723 -0.000634170045903 0.0 0.0
724 -0.000634170045903 0.0 0.0
725 -0.000634170045903 0.0 0.0
726 0.000333609260479 0.0 0.0
727 0.000333609260479 0.0 0.0
728 0.000333609260479 0.0 0.0
729 0.000333609260479 0.0 0.0
730 0.000333609260479 0.0 0.0
731 0.000333609260479 0.0 0.0
732 0.000333609260479 0.0 0.0
733 0.000333609260479 0.0 0.0
734 0.000333609260479 0.0 0.0
735 0.000333609260479 0.0 0.0
736 0.000333609260479 0.0 0.0
737 0.000333609260479 0.0 0.0
738 0.000333609260479 0.0 0.0
739 0.000333609260479 0.0 0.0
740 0.000333609260479 0.0 0.0
741 0.000333609260479 0.0 0.0
742 0.000333609260479 0.0 0.0
743 0.000333609260479 0.0 0.0
744 0.000333609260479 0.0 0.0
745 0.000333609260479 0.0 0.0
746 0.000333609260479 0.0 0.0
747 0.000333609260479 0.0 0.0
748 0.000333609260479 0.0 0.0
749 0.000333609260479 0.0 0.0
750 0.000333609260479 0.0 0.0
751 0.000333609260479 0.0 0.0
752 0.000333609260479 0.0 0.0
753 0.000333609260479 0.0 0.0
754 0.000333609260479 0.0 0.0
755 0.000333609260479 0.0 0.0
756 0.000333609260479 0.0 0.0
757 0.000333609260479 0.0 0.0
758 0.000333609260479 0.0 0.0
759 0.000333609260479 0.0 0.0
760 0.000333609260479 0.0 0.0
761 0.000333609260479 0.0 0.0
762 0.000333609260479 0.0 0.0
763 0.000333609260479 0.0 0.0
764 0.000333609260479 0.0 0.0
765 0.000333609260479 0.0 0.0
766 0.000333609260479 0.0 0.0
767 0.000333609260479 0.0 0.0
768 0.000333609260479 0.0 0.0
769 0.000333609260479 0.0 0.0
770 0.000333609260479 0.0 0.0
771 0.000333609260479 0.0 0.0
772 0.000333609260479 0.0 0.0
773 0.000333609260479 0.0 0.0
774 0.000333609260479 0.0 0.0
775 0.000333609260479 0.0 0.0
776 0.00268330503629 0.0 0.0
777 0.00268330503629 0.0 0.0
778 0.00268330503629 0.0 0.0
779 0.00268330503629 0.0 0.0
780 0.00268330503629 0.0 0.0
781 0.00268330503629 0.0 0.0
782 0.00268330503629 0.0 0.0
783 0.00268330503629 0.0 0.0
784 0.00268330503629 0.0 0.0
785 0.00268330503629 0.0 0.0
786 0.00268330503629 0.0 0.0
787 0.00268330503629 0.0 0.0
788 0.00268330503629 0.0 0.0
789 0.00268330503629 0.0 0.0
790 0.00268330503629 0.0 0.0
791 0.00268330503629 0.0 0.0
792 0.00268330503629 0.0 0.0
793 0.00268330503629 0.0 0.0
794 0.00268330503629 0.0 0.0
795 0.00268330503629 0.0 0.0
796 0.00268330503629 0.0 0.0
797 0.00268330503629 0.0 0.0
798 0.00268330503629 0.0 0.0
799 0.00268330503629 0.0 0.0
800 0.00268330503629 0.0 0.0
801 0.00268330503629 0.0 0.0
802 0.00268330503629 0.0 0.0
803 0.00268330503629 0.0 0.0
804 0.00268330503629 0.0 0.0
805 0.00268330503629 0.0 0.0
806 0.00268330503629 0.0 0.0
807 0.00268330503629 0.0 0.0
808 0.00268330503629 0.0 0.0
809 0.00268330503629 0.0 0.0
810 0.00268330503629 0.0 0.0
811 0.00268330503629 0.0 0.0
812 0.00268330503629 0.0 0.0
813 0.00268330503629 0.0 0.0
814 0.00268330503629 0.0 0.0
815 0.00268330503629 0.0 0.0
816 0.00268330503629 0.0 0.0
817 0.00268330503629 0.0 0.0
818 0.00268330503629 0.0 0.0
819 0.00268330503629 0.0 0.0
820 0.00268330503629 0.0 0.0
821 0.00268330503629 0.0 0.0
822 0.00268330503629 0.0 0.0
823 0.00268330503629 0.0 0.0
824 0.00268330503629 0.0 0.0
825 0.00268330503629 0.0 0.0
826 0.00446428571429 0.0 0.0
827 0.00446428571429 0.0 0.0
828 0.00446428571429 0.0 0.0
829 0.00446428571429 0.0 0.0
830 0.00446428571429 0.0 0.0
831 0.00446428571429 0.0 0.0
832 0.00446428571429 0.0 0.0
833 0.00446428571429 0.0 0.0
834 0.00446428571429 0.0 0.0
835 0.00446428571429 0.0 0.0
836 0.00446428571429 0.0 0.0
837 0.00446428571429 0.0 0.0
838 0.00446428571429 0.0 0.0
839 0.00446428571429 0.0 0.0
840 0.00446428571429 0.0 0.0
841 0.00446428571429 0.0 0.0
842 0.00446428571429 0.0 0.0
843 0.00446428571429 0.0 0.0
844 0.00446428571429 0.0 0.0
845 0.00446428571429 0.0 0.0
846 0.00446428571429 0.0 0.0
847 0.00446428571429 0.0 0.0
848 0.00446428571429 0.0 0.0
849 0.00446428571429 0.0 0.0
850 0.00446428571429 0.0 0.0
851 0.00446428571429 0.0 0.0
852 0.00446428571429 0.0 0.0
853 0.00446428571429 0.0 0.0
854 0.00446428571429 0.0 0.0
855 0.00446428571429 0.0 0.0
856 0.00446428571429 0.0 0.0
857 0.00446428571429 0.0 0.0
858 0.00446428571429 0.0 0.0
859 0.00446428571429 0.0 0.0
860 0.00446428571429 0.0 0.0
861 0.00446428571429 0.0 0.0
862 0.00446428571429 0.0 0.0
863 0.00446428571429 0.0 0.0
864 0.00446428571429 0.0 0.0
865 0.00446428571429 0.0 0.0
866 0.00446428571429 0.0 0.0
867 0.00446428571429 0.0 0.0
868 0.00446428571429 0.0 0.0
869 0.00446428571429 0.0 0.0
870 0.00446428571429 0.0 0.0
871 0.00446428571429 0.0 0.0
872 0.00446428571429 0.0 0.0
873 0.00446428571429 0.0 0.0
874 0.00446428571429 0.0 0.0
875 0.00446428571429 0.0 0.0
876 0.00446428571429 0.0 0.0
877 0.00446428571429 0.0 0.0
878 0.00446428571429 0.0 0.0
879 0.00446428571429 0.0 0.0
880 0.00446428571429 0.0 0.0
881 0.00446428571429 0.0 0.0
882 0.00446428571429 0.0 0.0
883 0.00446428571429 0.0 0.0
884 0.00446428571429 0.0 0.0
885 0.00446428571429 0.0 0.0
886 0.00446428571429 0.0 0.0
887 0.00446428571429 0.0 0.0
888 0.00446428571429 0.0 0.0
889 0.00446428571429 0.0 0.0
890 0.00446428571429 0.0 0.0
891 0.00446428571429 0.0 0.0
892 0.00446428571429 0.0 0.0
893 0.00446428571429 0.0 0.0
894 0.00446428571429 0.0 0.0
895 0.00446428571429 0.0 0.0
896 0.00446428571429 0.0 0.0
897 0.00446428571429 0.0 0.0
898 0.00446428571429 0.0 0.0
899 0.00446428571429 0.0 0.0
900 0.00446428571429 0.0 0.0
901 0.00446428571429 0.0 0.0
902 0.00446428571429 0.0 0.0
903 0.00446428571429 0.0 0.0
904 0.00446428571429 0.0 0.0
905 0.00446428571429 0.0 0.0
906 0.00446428571429 0.0 0.0
907 0.00446428571429 0.0 0.0
908 0.00446428571429 0.0 0.0
909 0.00446428571429 0.0 0.0
910 0.00446428571429 0.0 0.0
911 0.00446428571429 0.0 0.0
912 0.00446428571429 0.0 0.0
913 0.00446428571429 0.0 0.0
914 0.00446428571429 0.0 0.0
915 0.00446428571429 0.0 0.0
916 0.00446428571429 0.0 0.0
917 0.00446428571429 0.0 0.0
918 0.00446428571429 0.0 0.0
919 0.00446428571429 0.0 0.0
920 0.00446428571429 0.0 0.0
921 0.00446428571429 0.0 0.0
922 0.00446428571429 0.0 0.0
923 0.00446428571429 0.0 0.0
924 0.00446428571429 0.0 0.0
925 0.00446428571429 0.0 0.0
926 0.00446428571429 0.0 0.0
927 0.00446428571429 0.0 0.0
928 0.00446428571429 0.0 0.0
929 0.00446428571429 0.0 0.0
930 0.00446428571429 0.0 0.0
931 0.00446428571429 0.0 0.0
932 0.00446428571429 0.0 0.0
933 0.00446428571429 0.0 0.0
934 0.00446428571429 0.0 0.0
935 0.00446428571429 0.0 0.0
936 0.00446428571429 0.0 0.0
937 0.00446428571429 0.0 0.0
938 0.00446428571429 0.0 0.0
939 0.00446428571429 0.0 0.0
940 0.00446428571429 0.0 0.0
941 0.00446428571429 0.0 0.0
942 0.00446428571429 0.0 0.0
943 0.00446428571429 0.0 0.0
944 0.00446428571429 0.0 0.0
945 0.00446428571429 0.0 0.0
946 0.00446428571429 0.0 0.0
947 0.00446428571429 0.0 0.0
948 0.00446428571429 0.0 0.0
949 0.00446428571429 0.0 0.0
950 0.00446428571429 0.0 0.0
951 0.00446428571429 0.0 0.0
952 0.00446428571429 0.0 0.0
953 0.00446428571429 0.0 0.0
954 0.00446428571429 0.0 0.0
955 0.00446428571429 0.0 0.0
956 0.00446428571429 0.0 0.0
957 0.00446428571429 0.0 0.0
958 0.00446428571429 0.0 0.0
959 0.00446428571429 0.0 0.0
960 0.00446428571429 0.0 0.0
961 0.00446428571429 0.0 0.0
962 0.00446428571429 0.0 0.0
963 0.00446428571429 0.0 0.0
964 0.00446428571429 0.0 0.0
965 0.00446428571429 0.0 0.0
966 0.00446428571429 0.0 0.0
967 0.00446428571429 0.0 0.0
968 0.00446428571429 0.0 0.0
969 0.00446428571429 0.0 0.0
970 0.00446428571429 0.0 0.0
971 0.00446428571429 0.0 0.0
972 0.00446428571429 0.0 0.0
973 0.00446428571429 0.0 0.0
974 0.00446428571429 0.0 0.0
975 0.00446428571429 0.0 0.0
976 0.00446428571429 0.0 0.0
977 0.00446428571429 0.0 0.0
978 0.00446428571429 0.0 0.0
979 0.00446428571429 0.0 0.0
980 0.00446428571429 0.0 0.0
981 0.00446428571429 0.0 0.0
982 0.00446428571429 0.0 0.0
983 0.00446428571429 0.0 0.0
984 0.00446428571429 0.0 0.0
985 0.00446428571429 0.0 0.0
986 0.00446428571429 0.0 0.0
987 0.00446428571429 0.0 0.0
988 0.00446428571429 0.0 0.0
989 0.00446428571429 0.0 0.0
990 0.00446428571429 0.0 0.0
991 0.00446428571429 0.0 0.0
992 0.00446428571429 0.0 0.0
993 0.00446428571429 0.0 0.0
994 0.00446428571429 0.0 0.0
995 0.00446428571429 0.0 0.0
996 0.00446428571429 0.0 0.0
997 0.00446428571429 0.0 0.0
998 0.00446428571429 0.0 0.0
999 0.00446428571429 0.0 0.0
1000 0.00446428571429 0.0 0.0
1001 0.00446428571429 0.0 0.0
1002 0.00446428571429 0.0 0.0
1003 0.00446428571429 0.0 0.0
1004 0.00446428571429 0.0 0.0
1005 0.00446428571429 0.0 0.0
1006 0.00446428571429 0.0 0.0
1007 0.00446428571429 0.0 0.0
1008 0.00446428571429 0.0 0.0
1009 0.00446428571429 0.0 0.0
1010 0.00446428571429 0.0 0.0
1011 0.00446428571429 0.0 0.0
1012 0.00446428571429 0.0 0.0
1013 0.00446428571429 0.0 0.0
1014 0.00446428571429 0.0 0.0
1015 0.00446428571429 0.0 0.0
1016 0.00446428571429 0.0 0.0
1017 0.00446428571429 0.0 0.0
1018 0.00446428571429 0.0 0.0
1019 0.00446428571429 0.0 0.0
1020 0.00446428571429 0.0 0.0
1021 0.00446428571429 0.0 0.0
1022 0.00446428571429 0.0 0.0
1023 0.00446428571429 0.0 0.0
1024 0.00446428571429 0.0 0.0
1025 0.00446428571429 0.0 0.0
1026 0.00446428571429 0.0 0.0
1027 0.00446428571429 0.0 0.0
1028 0.00446428571429 0.0 0.0
1029 0.00446428571429 0.0 0.0
1030 0.00446428571429 0.0 0.0
1031 0.00446428571429 0.0 0.0
1032 0.00446428571429 0.0 0.0
1033 0.00446428571429 0.0 0.0
1034 0.00446428571429 0.0 0.0
1035 0.00446428571429 0.0 0.0
1036 0.00446428571429 0.0 0.0
1037 0.00446428571429 0.0 0.0
1038 0.00446428571429 0.0 0.0
1039 0.00446428571429 0.0 0.0
1040 0.00446428571429 0.0 0.0
1041 0.00446428571429 0.0 0.0
1042 0.00446428571429 0.0 0.0
1043 0.00446428571429 0.0 0.0
1044 0.00446428571429 0.0 0.0
1045 0.00446428571429 0.0 0.0
1046 0.00446428571429 0.0 0.0
1047 0.00446428571429 0.0 0.0
1048 0.00446428571429 0.0 0.0
1049 0.00446428571429 0.0 0.0
1050 0.00446428571429 0.0 0.0
1051 0.000995858751565 0.0 0.0
1052 0.000995858751565 0.0 0.0
1053 0.000995858751565 0.0 0.0
1054 0.000995858751565 0.0 0.0
1055 0.000995858751565 0.0 0.0
1056 0.000995858751565 0.0 0.0
1057 0.000995858751565 0.0 0.0
1058 0.000995858751565 0.0 0.0
1059 0.000995858751565 0.0 0.0
1060 0.000995858751565 0.0 0.0
1061 0.000995858751565 0.0 0.0
1062 0.000995858751565 0.0 0.0
1063 0.000995858751565 0.0 0.0
1064 0.000995858751565 0.0 0.0
1065 0.000995858751565 0.0 0.0
1066 0.000995858751565 0.0 0.0
1067 0.000995858751565 0.0 0.0
1068 0.000995858751565 0.0 0.0
1069 0.000995858751565 0.0 0.0
1070 0.000995858751565 0.0 0.0
1071 0.000995858751565 0.0 0.0
1072 0.000995858751565 0.0 0.0
1073 0.000995858751565 0.0 0.0
1074 0.000995858751565 0.0 0.0
1075 0.000995858751565 0.0 0.0
1076 0.000995858751565 0.0 0.0
1077 0.000995858751565 0.0 0.0
1078 0.000995858751565 0.0 0.0
1079 0.000995858751565 0.0 0.0
1080 0.000995858751565 0.0 0.0
1081 0.000995858751565 0.0 0.0
1082 0.000995858751565 0.0 0.0
1083 0.000995858751565 0.0 0.0
1084 0.000995858751565 0.0 0.0
1085 0.000995858751565 0.0 0.0
1086 0.000995858751565 0.0 0.0
1087 0.000995858751565 0.0 0.0
1088 0.000995858751565 0.0 0.0
1089 0.000995858751565 0.0 0.0
1090 0.000995858751565 0.0 0.0
1091 0.000995858751565 0.0 0.0
1092 0.000995858751565 0.0 0.0
1093 0.000995858751565 0.0 0.0
1094 0.000995858751565 0.0 0.0
1095 0.000995858751565 0.0 0.0
1096 0.000995858751565 0.0 0.0
1097 0.000995858751565 0.0 0.0
1098 0.000995858751565 0.0 0.0
1099 0.000995858751565 0.0 0.0
1100 0.000995858751565 0.0 0.0
1101 0.000995858751565 0.0 0.0
1102 0.000995858751565 0.0 0.0
1103 0.000995858751565 0.0 0.0
1104 0.000995858751565 0.0 0.0
1105 0.000995858751565 0.0 0.0
1106 0.000995858751565 0.0 0.0
1107 0.000995858751565 0.0 0.0
1108 0.000995858751565 0.0 0.0
1109 0.000995858751565 0.0 0.0
1110 0.000995858751565 0.0 0.0
1111 0.000995858751565 0.0 0.0
1112 0.000995858751565 0.0 0.0
1113 0.000995858751565 0.0 0.0
1114 0.000995858751565 0.0 0.0
1115 0.000995858751565 0.0 0.0
1116 0.000995858751565 0.0 0.0
1117 0.000995858751565 0.0 0.0
1118 0.000995858751565 0.0 0.0
1119 0.000995858751565 0.0 0.0
1120 0.000995858751565 0.0 0.0
1121 0.000995858751565 0.0 0.0
1122 0.000995858751565 0.0 0.0
1123 0.000995858751565 0.0 0.0
1124 0.000995858751565 0.0 0.0
1125 0.000995858751565 0.0 0.0
1126 0.000995858751565 0.0 0.0
1127 0.000995858751565 0.0 0.0
1128 0.000995858751565 0.0 0.0
1129 0.000995858751565 0.0 0.0
1130 0.000995858751565 0.0 0.0
1131 0.000995858751565 0.0 0.0
1132 0.000995858751565 0.0 0.0
1133 0.000995858751565 0.0 0.0
1134 0.000995858751565 0.0 0.0
1135 0.000995858751565 0.0 0.0
1136 0.000995858751565 0.0 0.0
1137 0.000995858751565 0.0 0.0
1138 0.000995858751565 0.0 0.0
1139 0.000995858751565 0.0 0.0
1140 0.000995858751565 0.0 0.0
1141 0.000995858751565 0.0 0.0
1142 0.000995858751565 0.0 0.0
1143 0.000995858751565 0.0 0.0
1144 0.000995858751565 0.0 0.0
1145 0.000995858751565 0.0 0.0
1146 0.000995858751565 0.0 0.0
1147 0.000995858751565 0.0 0.0
1148 0.000995858751565 0.0 0.0
1149 0.000995858751565 0.0 0.0
1150 0.000995858751565 0.0 0.0
1151 8.42791887095e-05 0.0 0.0
1152 8.42791887095e-05 0.0 0.0
1153 8.42791887095e-05 0.0 0.0
1154 8.42791887095e-05 0.0 0.0
1155 8.42791887095e-05 0.0 0.0
1156 8.42791887095e-05 0.0 0.0
1157 8.42791887095e-05 0.0 0.0
1158 8.42791887095e-05 0.0 0.0
1159 8.42791887095e-05 0.0 0.0
1160 8.42791887095e-05 0.0 0.0
1161 8.42791887095e-05 0.0 0.0
1162 8.42791887095e-05 0.0 0.0
1163 8.42791887095e-05 0.0 0.0
1164 8.42791887095e-05 0.0 0.0
1165 8.42791887095e-05 0.0 0.0
1166 8.42791887095e-05 0.0 0.0
1167 8.42791887095e-05 0.0 0.0
1168 8.42791887095e-05 0.0 0.0
1169 8.42791887095e-05 0.0 0.0
1170 8.42791887095e-05 0.0 0.0
1171 8.42791887095e-05 0.0 0.0
1172 8.42791887095e-05 0.0 0.0
1173 8.42791887095e-05 0.0 0.0
1174 8.42791887095e-05 0.0 0.0
1175 8.42791887095e-05 0.0 0.0
1176 8.42791887095e-05 0.0 0.0
1177 8.42791887095e-05 0.0 0.0
1178 8.42791887095e-05 0.0 0.0
1179 8.42791887095e-05 0.0 0.0
1180 8.42791887095e-05 0.0 0.0
1181 8.42791887095e-05 0.0 0.0
1182 8.42791887095e-05 0.0 0.0
1183 8.42791887095e-05 0.0 0.0
1184 8.42791887095e-05 0.0 0.0
1185 8.42791887095e-05 0.0 0.0
1186 8.42791887095e-05 0.0 0.0
1187 8.42791887095e-05 0.0 0.0
1188 8.42791887095e-05 0.0 0.0
1189 8.42791887095e-05 0.0 0.0
1190 8.42791887095e-05 0.0 0.0
1191 8.42791887095e-05 0.0 0.0
1192 8.42791887095e-05 0.0 0.0
1193 8.42791887095e-05 0.0 0.0
1194 8.42791887095e-05 0.0 0.0
1195 8.42791887095e-05 0.0 0.0
1196 8.42791887095e-05 0.0 0.0
1197 8.42791887095e-05 0.0 0.0
1198 8.42791887095e-05 0.0 0.0
1199 8.42791887095e-05 0.0 0.0
1200 8.42791887095e-05 0.0 0.0
1201 8.42791887095e-05 0.0 0.0
1202 8.42791887095e-05 0.0 0.0
1203 8.42791887095e-05 0.0 0.0
1204 8.42791887095e-05 0.0 0.0
1205 8.42791887095e-05 0.0 0.0
1206 8.42791887095e-05 0.0 0.0
1207 8.42791887095e-05 0.0 0.0
1208 8.42791887095e-05 0.0 0.0
1209 8.42791887095e-05 0.0 0.0
1210 8.42791887095e-05 0.0 0.0
1211 8.42791887095e-05 0.0 0.0
1212 8.42791887095e-05 0.0 0.0
1213 8.42791887095e-05 0.0 0.0
1214 8.42791887095e-05 0.0 0.0
1215 8.42791887095e-05 0.0 0.0
1216 8.42791887095e-05 0.0 0.0
1217 8.42791887095e-05 0.0 0.0
1218 8.42791887095e-05 0.0 0.0
1219 8.42791887095e-05 0.0 0.0
1220 8.42791887095e-05 0.0 0.0
1221 8.42791887095e-05 0.0 0.0
1222 8.42791887095e-05 0.0 0.0
1223 8.42791887095e-05 0.0 0.0
1224 8.42791887095e-05 0.0 0.0
1225 8.42791887095e-05 0.0 0.0
1226 8.42791887095e-05 0.0 0.0
1227 8.42791887095e-05 0.0 0.0
1228 8.42791887095e-05 0.0 0.0
1229 8.42791887095e-05 0.0 0.0
1230 8.42791887095e-05 0.0 0.0
1231 8.42791887095e-05 0.0 0.0
1232 8.42791887095e-05 0.0 0.0
1233 8.42791887095e-05 0.0 0.0
1234 8.42791887095e-05 0.0 0.0
1235 8.42791887095e-05 0.0 0.0
1236 8.42791887095e-05 0.0 0.0
1237 8.42791887095e-05 0.0 0.0
1238 8.42791887095e-05 0.0 0.0
1239 8.42791887095e-05 0.0 0.0
1240 8.42791887095e-05 0.0 0.0
1241 8.42791887095e-05 0.0 0.0
1242 8.42791887095e-05 0.0 0.0
1243 8.42791887095e-05 0.0 0.0
1244 8.42791887095e-05 0.0 0.0
1245 8.42791887095e-05 0.0 0.0
1246 8.42791887095e-05 0.0 0.0
1247 8.42791887095e-05 0.0 0.0
1248 8.42791887095e-05 0.0 0.0
1249 8.42791887095e-05 0.0 0.0
1250 8.42791887095e-05 0.0 0.0
1251 8.42791887095e-05 0.0 0.0
1252 8.42791887095e-05 0.0 0.0
1253 8.42791887095e-05 0.0 0.0
1254 8.42791887095e-05 0.0 0.0
1255 8.42791887095e-05 0.0 0.0
1256 8.42791887095e-05 0.0 0.0
1257 8.42791887095e-05 0.0 0.0
1258 8.42791887095e-05 0.0 0.0
1259 8.42791887095e-05 0.0 0.0
1260 8.42791887095e-05 0.0 0.0
1261 8.42791887095e-05 0.0 0.0
1262 8.42791887095e-05 0.0 0.0
1263 8.42791887095e-05 0.0 0.0
1264 8.42791887095e-05 0.0 0.0
1265 8.42791887095e-05 0.0 0.0
1266 8.42791887095e-05 0.0 0.0
1267 8.42791887095e-05 0.0 0.0
1268 8.42791887095e-05 0.0 0.0
1269 8.42791887095e-05 0.0 0.0
1270 8.42791887095e-05 0.0 0.0
1271 8.42791887095e-05 0.0 0.0
1272 8.42791887095e-05 0.0 0.0
1273 8.42791887095e-05 0.0 0.0
1274 8.42791887095e-05 0.0 0.0
1275 8.42791887095e-05 0.0 0.0
1276 8.42791887095e-05 0.0 0.0
1277 8.42791887095e-05 0.0 0.0
1278 8.42791887095e-05 0.0 0.0
1279 8.42791887095e-05 0.0 0.0
1280 8.42791887095e-05 0.0 0.0
1281 8.42791887095e-05 0.0 0.0
1282 8.42791887095e-05 0.0 0.0
1283 8.42791887095e-05 0.0 0.0
1284 8.42791887095e-05 0.0 0.0
1285 8.42791887095e-05 0.0 0.0
1286 8.42791887095e-05 0.0 0.0
1287 8.42791887095e-05 0.0 0.0
1288 8.42791887095e-05 0.0 0.0
1289 8.42791887095e-05 0.0 0.0
1290 8.42791887095e-05 0.0 0.0
1291 8.42791887095e-05 0.0 0.0
1292 8.42791887095e-05 0.0 0.0
1293 8.42791887095e-05 0.0 0.0
1294 8.42791887095e-05 0.0 0.0
1295 8.42791887095e-05 0.0 0.0
1296 8.42791887095e-05 0.0 0.0
1297 8.42791887095e-05 0.0 0.0
1298 8.42791887095e-05 0.0 0.0
1299 8.42791887095e-05 0.0 0.0
1300 8.42791887095e-05 0.0 0.0
1301 8.42791887095e-05 0.0 0.0
1302 8.42791887095e-05 0.0 0.0
1303 8.42791887095e-05 0.0 0.0
1304 8.42791887095e-05 0.0 0.0
1305 8.42791887095e-05 0.0 0.0
1306 8.42791887095e-05 0.0 0.0
1307 8.42791887095e-05 0.0 0.0
1308 8.42791887095e-05 0.0 0.0
1309 8.42791887095e-05 0.0 0.0
1310 8.42791887095e-05 0.0 0.0
1311 8.42791887095e-05 0.0 0.0
1312 8.42791887095e-05 0.0 0.0
1313 8.42791887095e-05 0.0 0.0
1314 8.42791887095e-05 0.0 0.0
1315 8.42791887095e-05 0.0 0.0
1316 8.42791887095e-05 0.0 0.0
1317 8.42791887095e-05 0.0 0.0
1318 8.42791887095e-05 0.0 0.0
1319 8.42791887095e-05 0.0 0.0
1320 8.42791887095e-05 0.0 0.0
1321 8.42791887095e-05 0.0 0.0
1322 8.42791887095e-05 0.0 0.0
1323 8.42791887095e-05 0.0 0.0
1324 8.42791887095e-05 0.0 0.0
1325 8.42791887095e-05 0.0 0.0
1326 8.42791887095e-05 0.0 0.0
1327 8.42791887095e-05 0.0 0.0
1328 8.42791887095e-05 0.0 0.0
1329 8.42791887095e-05 0.0 0.0
1330 8.42791887095e-05 0.0 0.0
1331 8.42791887095e-05 0.0 0.0
1332 8.42791887095e-05 0.0 0.0
1333 8.42791887095e-05 0.0 0.0
1334 8.42791887095e-05 0.0 0.0
1335 8.42791887095e-05 0.0 0.0
1336 8.42791887095e-05 0.0 0.0
1337 8.42791887095e-05 0.0 0.0
1338 8.42791887095e-05 0.0 0.0
1339 8.42791887095e-05 0.0 0.0
1340 8.42791887095e-05 0.0 0.0
1341 8.42791887095e-05 0.0 0.0
1342 8.42791887095e-05 0.0 0.0
1343 8.42791887095e-05 0.0 0.0
1344 8.42791887095e-05 0.0 0.0
1345 8.42791887095e-05 0.0 0.0
1346 8.42791887095e-05 0.0 0.0
1347 8.42791887095e-05 0.0 0.0
1348 8.42791887095e-05 0.0 0.0
1349 8.42791887095e-05 0.0 0.0
1350 8.42791887095e-05 0.0 0.0
1351 8.42791887095e-05 0.0 0.0
1352 8.42791887095e-05 0.0 0.0
1353 8.42791887095e-05 0.0 0.0
1354 8.42791887095e-05 0.0 0.0
1355 8.42791887095e-05 0.0 0.0
1356 8.42791887095e-05 0.0 0.0
1357 8.42791887095e-05 0.0 0.0
1358 8.42791887095e-05 0.0 0.0
1359 8.42791887095e-05 0.0 0.0
1360 8.42791887095e-05 0.0 0.0
1361 8.42791887095e-05 0.0 0.0
1362 8.42791887095e-05 0.0 0.0
1363 8.42791887095e-05 0.0 0.0
1364 8.42791887095e-05 0.0 0.0
1365 8.42791887095e-05 0.0 0.0
1366 8.42791887095e-05 0.0 0.0
1367 8.42791887095e-05 0.0 0.0
1368 8.42791887095e-05 0.0 0.0
1369 8.42791887095e-05 0.0 0.0
1370 8.42791887095e-05 0.0 0.0
1371 8.42791887095e-05 0.0 0.0
1372 8.42791887095e-05 0.0 0.0
1373 8.42791887095e-05 0.0 0.0
1374 8.42791887095e-05 0.0 0.0
1375 8.42791887095e-05 0.0 0.0
1376 8.42791887095e-05 0.0 0.0
1377 8.42791887095e-05 0.0 0.0
1378 8.42791887095e-05 0.0 0.0
1379 8.42791887095e-05 0.0 0.0
1380 8.42791887095e-05 0.0 0.0
1381 8.42791887095e-05 0.0 0.0
1382 8.42791887095e-05 0.0 0.0
1383 8.42791887095e-05 0.0 0.0
1384 8.42791887095e-05 0.0 0.0
1385 8.42791887095e-05 0.0 0.0
1386 8.42791887095e-05 0.0 0.0
1387 8.42791887095e-05 0.0 0.0
1388 8.42791887095e-05 0.0 0.0
1389 8.42791887095e-05 0.0 0.0
1390 8.42791887095e-05 0.0 0.0
1391 8.42791887095e-05 0.0 0.0
1392 8.42791887095e-05 0.0 0.0
1393 8.42791887095e-05 0.0 0.0
1394 8.42791887095e-05 0.0 0.0
1395 8.42791887095e-05 0.0 0.0
1396 8.42791887095e-05 0.0 0.0
1397 8.42791887095e-05 0.0 0.0
1398 8.42791887095e-05 0.0 0.0
1399 8.42791887095e-05 0.0 0.0
1400 8.42791887095e-05 0.0 0.0
1401 8.42791887095e-05 0.0 0.0
1402 8.42791887095e-05 0.0 0.0
1403 8.42791887095e-05 0.0 0.0
1404 8.42791887095e-05 0.0 0.0
1405 8.42791887095e-05 0.0 0.0
1406 8.42791887095e-05 0.0 0.0
1407 8.42791887095e-05 0.0 0.0
1408 8.42791887095e-05 0.0 0.0
1409 8.42791887095e-05 0.0 0.0
1410 8.42791887095e-05 0.0 0.0
1411 8.42791887095e-05 0.0 0.0
1412 8.42791887095e-05 0.0 0.0
1413 8.42791887095e-05 0.0 0.0
1414 8.42791887095e-05 0.0 0.0
1415 8.42791887095e-05 0.0 0.0
1416 8.42791887095e-05 0.0 0.0
1417 8.42791887095e-05 0.0 0.0
1418 8.42791887095e-05 0.0 0.0
1419 8.42791887095e-05 0.0 0.0
1420 8.42791887095e-05 0.0 0.0
1421 8.42791887095e-05 0.0 0.0
1422 8.42791887095e-05 0.0 0.0
1423 8.42791887095e-05 0.0 0.0
1424 8.42791887095e-05 0.0 0.0
1425 8.42791887095e-05 0.0 0.0
1426 8.42791887095e-05 0.0 0.0
1427 8.42791887095e-05 0.0 0.0
1428 8.42791887095e-05 0.0 0.0
1429 8.42791887095e-05 0.0 0.0
1430 8.42791887095e-05 0.0 0.0
1431 8.42791887095e-05 0.0 0.0
1432 8.42791887095e-05 0.0 0.0
1433 8.42791887095e-05 0.0 0.0
1434 8.42791887095e-05 0.0 0.0
1435 8.42791887095e-05 0.0 0.0
1436 8.42791887095e-05 0.0 0.0
1437 8.42791887095e-05 0.0 0.0
1438 8.42791887095e-05 0.0 0.0
1439 8.42791887095e-05 0.0 0.0
1440 8.42791887095e-05 0.0 0.0
1441 8.42791887095e-05 0.0 0.0
1442 8.42791887095e-05 0.0 0.0
1443 8.42791887095e-05 0.0 0.0
1444 8.42791887095e-05 0.0 0.0
1445 8.42791887095e-05 0.0 0.0
1446 8.42791887095e-05 0.0 0.0
1447 8.42791887095e-05 0.0 0.0
1448 8.42791887095e-05 0.0 0.0
1449 8.42791887095e-05 0.0 0.0
1450 8.42791887095e-05 0.0 0.0
1451 -2.3303927296e-05 0.0 0.0
1452 -2.3303927296e-05 0.0 0.0
1453 -2.3303927296e-05 0.0 0.0
1454 -2.3303927296e-05 0.0 0.0
1455 -2.3303927296e-05 0.0 0.0
1456 -2.3303927296e-05 0.0 0.0
1457 -2.3303927296e-05 0.0 0.0
1458 -2.3303927296e-05 0.0 0.0
1459 -2.3303927296e-05 0.0 0.0
1460 -2.3303927296e-05 0.0 0.0
1461 -2.3303927296e-05 0.0 0.0
1462 -2.3303927296e-05 0.0 0.0
1463 -2.3303927296e-05 0.0 0.0
1464 -2.3303927296e-05 0.0 0.0
1465 -2.3303927296e-05 0.0 0.0
1466 -2.3303927296e-05 0.0 0.0
1467 -2.3303927296e-05 0.0 0.0
1468 -2.3303927296e-05 0.0 0.0
1469 -2.3303927296e-05 0.0 0.0
1470 -2.3303927296e-05 0.0 0.0
1471 -2.3303927296e-05 0.0 0.0
1472 -2.3303927296e-05 0.0 0.0
1473 -2.3303927296e-05 0.0 0.0
1474 -2.3303927296e-05 0.0 0.0
1475 -2.3303927296e-05 0.0 0.0
1476 -2.3303927296e-05 0.0 0.0
1477 -2.3303927296e-05 0.0 0.0
1478 -2.3303927296e-05 0.0 0.0
1479 -2.3303927296e-05 0.0 0.0
1480 -2.3303927296e-05 0.0 0.0
1481 -2.3303927296e-05 0.0 0.0
1482 -2.3303927296e-05 0.0 0.0
1483 -2.3303927296e-05 0.0 0.0
1484 -2.3303927296e-05 0.0 0.0
1485 -2.3303927296e-05 0.0 0.0
1486 -2.3303927296e-05 0.0 0.0
1487 -2.3303927296e-05 0.0 0.0
1488 -2.3303927296e-05 0.0 0.0
1489 -2.3303927296e-05 0.0 0.0
1490 -2.3303927296e-05 0.0 0.0
1491 -2.3303927296e-05 0.0 0.0
1492 -2.3303927296e-05 0.0 0.0
1493 -2.3303927296e-05 0.0 0.0
1494 -2.3303927296e-05 0.0 0.0
1495 -2.3303927296e-05 0.0 0.0
1496 -2.3303927296e-05 0.0 0.0
1497 -2.3303927296e-05 0.0 0.0
1498 -2.3303927296e-05 0.0 0.0
1499 -2.3303927296e-05 0.0 0.0
1500 -2.3303927296e-05 0.0 0.0
1501 -2.3303927296e-05 0.0 0.0
1502 -2.3303927296e-05 0.0 0.0
1503 -2.3303927296e-05 0.0 0.0
1504 -2.3303927296e-05 0.0 0.0
1505 -2.3303927296e-05 0.0 0.0
1506 -2.3303927296e-05 0.0 0.0
1507 -2.3303927296e-05 0.0 0.0
1508 -2.3303927296e-05 0.0 0.0
1509 -2.3303927296e-05 0.0 0.0
1510 -2.3303927296e-05 0.0 0.0
1511 -2.3303927296e-05 0.0 0.0
1512 -2.3303927296e-05 0.0 0.0
1513 -2.3303927296e-05 0.0 0.0
1514 -2.3303927296e-05 0.0 0.0
1515 -2.3303927296e-05 0.0 0.0
1516 -2.3303927296e-05 0.0 0.0
1517 -2.3303927296e-05 0.0 0.0
1518 -2.3303927296e-05 0.0 0.0
1519 -2.3303927296e-05 0.0 0.0
1520 -2.3303927296e-05 0.0 0.0
1521 -2.3303927296e-05 0.0 0.0
1522 -2.3303927296e-05 0.0 0.0
1523 -2.3303927296e-05 0.0 0.0
1524 -2.3303927296e-05 0.0 0.0
1525 -2.3303927296e-05 0.0 0.0
1526 -2.3303927296e-05 0.0 0.0
1527 -2.3303927296e-05 0.0 0.0
1528 -2.3303927296e-05 0.0 0.0
1529 -2.3303927296e-05 0.0 0.0
1530 -2.3303927296e-05 0.0 0.0
1531 -2.3303927296e-05 0.0 0.0
1532 -2.3303927296e-05 0.0 0.0
1533 -2.3303927296e-05 0.0 0.0
1534 -2.3303927296e-05 0.0 0.0
1535 -2.3303927296e-05 0.0 0.0
1536 -2.3303927296e-05 0.0 0.0
1537 -2.3303927296e-05 0.0 0.0
1538 -2.3303927296e-05 0.0 0.0
1539 -2.3303927296e-05 0.0 0.0
1540 -2.3303927296e-05 0.0 0.0
1541 -2.3303927296e-05 0.0 0.0
1542 -2.3303927296e-05 0.0 0.0
1543 -2.3303927296e-05 0.0 0.0
1544 -2.3303927296e-05 0.0 0.0
1545 -2.3303927296e-05 0.0 0.0
1546 -2.3303927296e-05 0.0 0.0
1547 -2.3303927296e-05 0.0 0.0
1548 -2.3303927296e-05 0.0 0.0
1549 -2.3303927296e-05 0.0 0.0
1550 -2.3303927296e-05 0.0 0.0
1551 -0.000133664233095 0.0 0.0
1552 -0.000133664233095 0.0 0.0
1553 -0.000133664233095 0.0 0.0
1554 -0.000133664233095 0.0 0.0
1555 -0.000133664233095 0.0 0.0
1556 -0.000133664233095 0.0 0.0
1557 -0.000133664233095 0.0 0.0
1558 -0.000133664233095 0.0 0.0
1559 -0.000133664233095 0.0 0.0
1560 -0.000133664233095 0.0 0.0
1561 -0.000133664233095 0.0 0.0
1562 -0.000133664233095 0.0 0.0
1563 -0.000133664233095 0.0 0.0
1564 -0.000133664233095 0.0 0.0
1565 -0.000133664233095 0.0 0.0
1566 -0.000133664233095 0.0 0.0
1567 -0.000133664233095 0.0 0.0
1568 -0.000133664233095 0.0 0.0
1569 -0.000133664233095 0.0 0.0
1570 -0.000133664233095 0.0 0.0
1571 -0.000133664233095 0.0 0.0
1572 -0.000133664233095 0.0 0.0
1573 -0.000133664233095 0.0 0.0
1574 -0.000133664233095 0.0 0.0
1575 -0.000133664233095 0.0 0.0
1576 -0.000133664233095 0.0 0.0
1577 -0.000133664233095 0.0 0.0
1578 -0.000133664233095 0.0 0.0
1579 -0.000133664233095 0.0 0.0
1580 -0.000133664233095 0.0 0.0
1581 -0.000133664233095 0.0 0.0
1582 -0.000133664233095 0.0 0.0
1583 -0.000133664233095 0.0 0.0
1584 -0.000133664233095 0.0 0.0
1585 -0.000133664233095 0.0 0.0
1586 -0.000133664233095 0.0 0.0
1587 -0.000133664233095 0.0 0.0
1588 -0.000133664233095 0.0 0.0
1589 -0.000133664233095 0.0 0.0
1590 -0.000133664233095 0.0 0.0
1591 -0.000133664233095 0.0 0.0
1592 -0.000133664233095 0.0 0.0
1593 -0.000133664233095 0.0 0.0
1594 -0.000133664233095 0.0 0.0
1595 -0.000133664233095 0.0 0.0
1596 -0.000133664233095 0.0 0.0
1597 -0.000133664233095 0.0 0.0
1598 -0.000133664233095 0.0 0.0
1599 -0.000133664233095 0.0 0.0
1600 -0.000133664233095 0.0 0.0
1601 -0.000133664233095 0.0 0.0
1602 -0.000133664233095 0.0 0.0
1603 -0.000133664233095 0.0 0.0
1604 -0.000133664233095 0.0 0.0
1605 -0.000133664233095 0.0 0.0
1606 -0.000133664233095 0.0 0.0
1607 -0.000133664233095 0.0 0.0
1608 -0.000133664233095 0.0 0.0
1609 -0.000133664233095 0.0 0.0
1610 -0.000133664233095 0.0 0.0
1611 -0.000133664233095 0.0 0.0
1612 -0.000133664233095 0.0 0.0
1613 -0.000133664233095 0.0 0.0
1614 -0.000133664233095 0.0 0.0
1615 -0.000133664233095 0.0 0.0
1616 -0.000133664233095 0.0 0.0
1617 -0.000133664233095 0.0 0.0
1618 -0.000133664233095 0.0 0.0
1619 -0.000133664233095 0.0 0.0
1620 -0.000133664233095 0.0 0.0
1621 -0.000133664233095 0.0 0.0
1622 -0.000133664233095 0.0 0.0
1623 -0.000133664233095 0.0 0.0
1624 -0.000133664233095 0.0 0.0
1625 -0.000133664233095 0.0 0.0
1626 -0.000133664233095 0.0 0.0
1627 -0.000133664233095 0.0 0.0
1628 -0.000133664233095 0.0 0.0
1629 -0.000133664233095 0.0 0.0
1630 -0.000133664233095 0.0 0.0
1631 -0.000133664233095 0.0 0.0
1632 -0.000133664233095 0.0 0.0
1633 -0.000133664233095 0.0 0.0
1634 -0.000133664233095 0.0 0.0
1635 -0.000133664233095 0.0 0.0
1636 -0.000133664233095 0.0 0.0
1637 -0.000133664233095 0.0 0.0
1638 -0.000133664233095 0.0 0.0
1639 -0.000133664233095 0.0 0.0
1640 -0.000133664233095 0.0 0.0
1641 -0.000133664233095 0.0 0.0
1642 -0.000133664233095 0.0 0.0
1643 -0.000133664233095 0.0 0.0
1644 -0.000133664233095 0.0 0.0
1645 -0.000133664233095 0.0 0.0
1646 -0.000133664233095 0.0 0.0
1647 -0.000133664233095 0.0 0.0
1648 -0.000133664233095 0.0 0.0
1649 -0.000133664233095 0.0 0.0
1650 -0.000133664233095 0.0 0.0
1651 -0.000133664233095 0.0 0.0
1652 -0.000133664233095 0.0 0.0
1653 -0.000133664233095 0.0 0.0
1654 -0.000133664233095 0.0 0.0
1655 -0.000133664233095 0.0 0.0
1656 -0.000133664233095 0.0 0.0
1657 -0.000133664233095 0.0 0.0
1658 -0.000133664233095 0.0 0.0
1659 -0.000133664233095 0.0 0.0
1660 -0.000133664233095 0.0 0.0
1661 -0.000133664233095 0.0 0.0
1662 -0.000133664233095 0.0 0.0
1663 -0.000133664233095 0.0 0.0
1664 -0.000133664233095 0.0 0.0
1665 -0.000133664233095 0.0 0.0
1666 -0.000133664233095 0.0 0.0
1667 -0.000133664233095 0.0 0.0
1668 -0.000133664233095 0.0 0.0
1669 -0.000133664233095 0.0 0.0
1670 -0.000133664233095 0.0 0.0
1671 -0.000133664233095 0.0 0.0
1672 -0.000133664233095 0.0 0.0
1673 -0.000133664233095 0.0 0.0
1674 -0.000133664233095 0.0 0.0
1675 -0.000133664233095 0.0 0.0
1676 -0.000133664233095 0.0 0.0
1677 -0.000133664233095 0.0 0.0
1678 -0.000133664233095 0.0 0.0
1679 -0.000133664233095 0.0 0.0
1680 -0.000133664233095 0.0 0.0
1681 -0.000133664233095 0.0 0.0
1682 -0.000133664233095 0.0 0.0
1683 -0.000133664233095 0.0 0.0
1684 -0.000133664233095 0.0 0.0
1685 -0.000133664233095 0.0 0.0
1686 -0.000133664233095 0.0 0.0
1687 -0.000133664233095 0.0 0.0
1688 -0.000133664233095 0.0 0.0
1689 -0.000133664233095 0.0 0.0
1690 -0.000133664233095 0.0 0.0
1691 -0.000133664233095 0.0 0.0
1692 -0.000133664233095 0.0 0.0
1693 -0.000133664233095 0.0 0.0
1694 -0.000133664233095 0.0 0.0
1695 -0.000133664233095 0.0 0.0
1696 -0.000133664233095 0.0 0.0
1697 -0.000133664233095 0.0 0.0
1698 -0.000133664233095 0.0 0.0
1699 -0.000133664233095 0.0 0.0
1700 -0.000133664233095 0.0 0.0
1701 -0.000133664233095 0.0 0.0
1702 -0.000133664233095 0.0 0.0
1703 -0.000133664233095 0.0 0.0
1704 -0.000133664233095 0.0 0.0
1705 -0.000133664233095 0.0 0.0
1706 -0.000133664233095 0.0 0.0
1707 -0.000133664233095 0.0 0.0
1708 -0.000133664233095 0.0 0.0
1709 -0.000133664233095 0.0 0.0
1710 -0.000133664233095 0.0 0.0
1711 -0.000133664233095 0.0 0.0
1712 -0.000133664233095 0.0 0.0
1713 -0.000133664233095 0.0 0.0
1714 -0.000133664233095 0.0 0.0
1715 -0.000133664233095 0.0 0.0
1716 -0.000133664233095 0.0 0.0
1717 -0.000133664233095 0.0 0.0
1718 -0.000133664233095 0.0 0.0
1719 -0.000133664233095 0.0 0.0
1720 -0.000133664233095 0.0 0.0
1721 -0.000133664233095 0.0 0.0
1722 -0.000133664233095 0.0 0.0
1723 -0.000133664233095 0.0 0.0
1724 -0.000133664233095 0.0 0.0
1725 -0.000133664233095 0.0 0.0
1726 -0.000133664233095 0.0 0.0
1727 -0.000133664233095 0.0 0.0
1728 -0.000133664233095 0.0 0.0
1729 -0.000133664233095 0.0 0.0
1730 -0.000133664233095 0.0 0.0
1731 -0.000133664233095 0.0 0.0
1732 -0.000133664233095 0.0 0.0
1733 -0.000133664233095 0.0 0.0
1734 -0.000133664233095 0.0 0.0
1735 -0.000133664233095 0.0 0.0
1736 -0.000133664233095 0.0 0.0
1737 -0.000133664233095 0.0 0.0
1738 -0.000133664233095 0.0 0.0
1739 -0.000133664233095 0.0 0.0
1740 -0.000133664233095 0.0 0.0
1741 -0.000133664233095 0.0 0.0
1742 -0.000133664233095 0.0 0.0
1743 -0.000133664233095 0.0 0.0
1744 -0.000133664233095 0.0 0.0
1745 -0.000133664233095 0.0 0.0
1746 -0.000133664233095 0.0 0.0
1747 -0.000133664233095 0.0 0.0
1748 -0.000133664233095 0.0 0.0
1749 -0.000133664233095 0.0 0.0
1750 -0.000133664233095 0.0 0.0
