0 0.0 0.0 0.0
1 0.0 0.0 0.0
2 0.00688477239071 0.0 0.0
3 0.00688477239071 0.0 0.0
4 -0.00103211109698 0.0 0.0
5 -0.00103211109698 0.0 0.0
6 -0.0012774398367 0.0 0.0
7 -0.0012774398367 0.0 0.0
8 -0.0012774398367 0.0 0.0
9 -0.0012774398367 0.0 0.0
10 -0.0012774398367 0.0 0.0
11 -0.0012774398367 0.0 0.0
12 -0.000430537052444 0.0 0.0
13 -0.000430537052444 0.0 0.0
14 -0.000430537052444 0.0 0.0
15 -0.000430537052444 0.0 0.0
16 -0.000430537052444 0.0 0.0
17 -0.000430537052444 0.0 0.0
18 -0.000430537052444 0.0 0.0
19 -0.000430537052444 0.0 0.0
20 -0.000430537052444 0.0 0.0
21 -0.000430537052444 0.0 0.0
22 -0.000430537052444 0.0 0.0
23 -0.000430537052444 0.0 0.0
24 -0.000430537052444 0.0 0.0
25 -0.000430537052444 0.0 0.0
26 -0.000430537052444 0.0 0.0
27 -0.000430537052444 0.0 0.0
28 -0.000430537052444 0.0 0.0
29 -0.000430537052444 0.0 0.0
30 0.00167447854795 0.0 0.0
31 0.00167447854795 0.0 0.0
32 0.00167447854795 0.0 0.0
33 0.00167447854795 0.0 0.0
34 0.00167447854795 0.0 0.0
35 0.00167447854795 0.0 0.0
36 0.00167447854795 0.0 0.0
37 0.00167447854795 0.0 0.0
38 0.00167447854795 0.0 0.0
39 0.00167447854795 0.0 0.0
40 0.00167447854795 0.0 0.0
41 0.00167447854795 0.0 0.0
42 0.00167447854795 0.0 0.0
43 0.00167447854795 0.0 0.0
44 0.00167447854795 0.0 0.0
45 0.00167447854795 0.0 0.0
46 -0.000187650133545 0.0 0.0
47 -0.000187650133545 0.0 0.0
48 -0.000187650133545 0.0 0.0
49 -0.000187650133545 0.0 0.0
50 -0.000187650133545 0.0 0.0
51 -0.000187650133545 0.0 0.0
52 -0.000187650133545 0.0 0.0
53 -0.000187650133545 0.0 0.0
54 -0.000187650133545 0.0 0.0
55 -0.000187650133545 0.0 0.0
56 -0.000187650133545 0.0 0.0
57 -0.000187650133545 0.0 0.0
58 -0.000187650133545 0.0 0.0
59 -0.000187650133545 0.0 0.0
60 -0.000187650133545 0.0 0.0
61 -0.000187650133545 0.0 0.0
62 -0.000187650133545 0.0 0.0
63 -0.000187650133545 0.0 0.0
64 -0.000187650133545 0.0 0.0
65 -0.000187650133545 0.0 0.0
66 -0.000187650133545 0.0 0.0
67 -0.000187650133545 0.0 0.0
68 -0.000187650133545 0.0 0.0
69 -0.000187650133545 0.0 0.0
70 -0.000187650133545 0.0 0.0
71 -0.000187650133545 0.0 0.0
72 -0.000187650133545 0.0 0.0
73 -0.000187650133545 0.0 0.0
74 -0.000187650133545 0.0 0.0
75 -0.000187650133545 0.0 0.0
76 -9.80028047896e-05 0.0 0.0
77 -9.80028047896e-05 0.0 0.0
78 -9.80028047896e-05 0.0 0.0
79 -9.80028047896e-05 0.0 0.0
80 -9.80028047896e-05 0.0 0.0
81 -9.80028047896e-05 0.0 0.0
82 -9.80028047896e-05 0.0 0.0
83 -9.80028047896e-05 0.0 0.0
84 -9.80028047896e-05 0.0 0.0
85 -9.80028047896e-05 0.0 0.0
86 -9.80028047896e-05 0.0 0.0
87 -9.80028047896e-05 0.0 0.0
88 -9.80028047896e-05 0.0 0.0
89 -9.80028047896e-05 0.0 0.0
90 -9.80028047896e-05 0.0 0.0
91 -7.99918298005e-05 0.0 0.0
92 -7.99918298005e-05 0.0 0.0
93 -7.99918298005e-05 0.0 0.0
94 -7.99918298005e-05 0.0 0.0
95 -7.99918298005e-05 0.0 0.0
96 -7.99918298005e-05 0.0 0.0
97 -7.99918298005e-05 0.0 0.0
98 -7.99918298005e-05 0.0 0.0
99 -7.99918298005e-05 0.0 0.0
100 -7.99918298005e-05 0.0 0.0
101 -7.99918298005e-05 0.0 0.0
102 -7.99918298005e-05 0.0 0.0
103 -7.99918298005e-05 0.0 0.0
104 -7.99918298005e-05 0.0 0.0
105 -7.99918298005e-05 0.0 0.0
106 -7.99918298005e-05 0.0 0.0
107 -7.99918298005e-05 0.0 0.0
108 -7.99918298005e-05 0.0 0.0
109 -7.99918298005e-05 0.0 0.0
110 -7.99918298005e-05 0.0 0.0
111 -7.99918298005e-05 0.0 0.0
112 -7.99918298005e-05 0.0 0.0
113 -7.99918298005e-05 0.0 0.0
114 -7.99918298005e-05 0.0 0.0
115 -7.99918298005e-05 0.0 0.0
116 -7.99918298005e-05 0.0 0.0
117 -7.99918298005e-05 0.0 0.0
118 -7.99918298005e-05 0.0 0.0
119 -7.99918298005e-05 0.0 0.0
120 -7.99918298005e-05 0.0 0.0
121 -0.000436976827134 0.0 0.0
122 -0.000436976827134 0.0 0.0
123 -0.000436976827134 0.0 0.0
124 -0.000436976827134 0.0 0.0
125 -0.000436976827134 0.0 0.0
126 -0.000436976827134 0.0 0.0
127 -0.000436976827134 0.0 0.0
128 -0.000436976827134 0.0 0.0
129 -0.000436976827134 0.0 0.0
130 -0.000436976827134 0.0 0.0
131 -0.000436976827134 0.0 0.0
132 -0.000436976827134 0.0 0.0
133 -0.000436976827134 0.0 0.0
134 -0.000436976827134 0.0 0.0
135 -0.000436976827134 0.0 0.0
136 -0.000128210543549 0.0 0.0
137 -0.000128210543549 0.0 0.0
138 -0.000128210543549 0.0 0.0
139 -0.000128210543549 0.0 0.0
140 -0.000128210543549 0.0 0.0
141 -0.000128210543549 0.0 0.0
142 -0.000128210543549 0.0 0.0
143 -0.000128210543549 0.0 0.0
144 -0.000128210543549 0.0 0.0
145 -0.000128210543549 0.0 0.0
146 -0.000128210543549 0.0 0.0
147 -0.000128210543549 0.0 0.0
148 -0.000128210543549 0.0 0.0
149 -0.000128210543549 0.0 0.0
150 -0.000128210543549 0.0 0.0
151 -0.000128210543549 0.0 0.0
152 -0.000128210543549 0.0 0.0
153 -0.000128210543549 0.0 0.0
154 -0.000128210543549 0.0 0.0
155 -0.000128210543549 0.0 0.0
156 -0.000128210543549 0.0 0.0
157 -0.000128210543549 0.0 0.0
158 -0.000128210543549 0.0 0.0
159 -0.000128210543549 0.0 0.0
160 -0.000128210543549 0.0 0.0
161 -0.000628043650861 0.0 0.0
162 -0.000628043650861 0.0 0.0
163 -0.000628043650861 0.0 0.0
164 -0.000628043650861 0.0 0.0
165 -0.000628043650861 0.0 0.0
166 -0.000628043650861 0.0 0.0
167 -0.000628043650861 0.0 0.0
168 -0.000628043650861 0.0 0.0
169 -0.000628043650861 0.0 0.0
170 -0.000628043650861 0.0 0.0
171 -0.000628043650861 0.0 0.0
172 -0.000628043650861 0.0 0.0
173 -0.000628043650861 0.0 0.0
174 -0.000628043650861 0.0 0.0
175 -0.000628043650861 0.0 0.0
176 -0.000628043650861 0.0 0.0
177 -0.000628043650861 0.0 0.0
178 -0.000628043650861 0.0 0.0
179 -0.000628043650861 0.0 0.0
180 -0.000628043650861 0.0 0.0
181 -0.000628043650861 0.0 0.0
182 -0.000628043650861 0.0 0.0
183 -0.000628043650861 0.0 0.0
184 -0.000628043650861 0.0 0.0
185 -0.000628043650861 0.0 0.0
186 -0.000628043650861 0.0 0.0
187 -0.000628043650861 0.0 0.0
188 -0.000628043650861 0.0 0.0
189 -0.000628043650861 0.0 0.0
190 -0.000628043650861 0.0 0.0
191 -0.000628043650861 0.0 0.0
192 -0.000628043650861 0.0 0.0
193 -0.000628043650861 0.0 0.0
194 -0.000628043650861 0.0 0.0
195 -0.000628043650861 0.0 0.0
196 -0.000628043650861 0.0 0.0
197 -0.000628043650861 0.0 0.0
198 -0.000628043650861 0.0 0.0
199 -0.000628043650861 0.0 0.0
200 -0.000628043650861 0.0 0.0
201 -0.000848132127878 0.0 0.0
202 -0.000848132127878 0.0 0.0
203 -0.000848132127878 0.0 0.0
204 -0.000848132127878 0.0 0.0
205 -0.000848132127878 0.0 0.0
206 -0.000848132127878 0.0 0.0
207 -0.000848132127878 0.0 0.0
208 -0.000848132127878 0.0 0.0
209 -0.000848132127878 0.0 0.0
210 -0.000848132127878 0.0 0.0
211 -0.000848132127878 0.0 0.0
212 -0.000848132127878 0.0 0.0
213 -0.000848132127878 0.0 0.0
214 -0.000848132127878 0.0 0.0
215 -0.000848132127878 0.0 0.0
216 -0.000848132127878 0.0 0.0
217 -0.000848132127878 0.0 0.0
218 -0.000848132127878 0.0 0.0
219 -0.000848132127878 0.0 0.0
220 -0.000848132127878 0.0 0.0
221 -0.000848132127878 0.0 0.0
222 -0.000848132127878 0.0 0.0
223 -0.000848132127878 0.0 0.0
224 -0.000848132127878 0.0 0.0
225 -0.000848132127878 0.0 0.0
226 -0.000848132127878 0.0 0.0
227 -0.000848132127878 0.0 0.0
228 -0.000848132127878 0.0 0.0
229 -0.000848132127878 0.0 0.0
230 -0.000848132127878 0.0 0.0
231 -0.000848132127878 0.0 0.0
232 -0.000848132127878 0.0 0.0
233 -0.000848132127878 0.0 0.0
234 -0.000848132127878 0.0 0.0
235 -0.000848132127878 0.0 0.0
236 -0.000848132127878 0.0 0.0
237 -0.000848132127878 0.0 0.0
238 -0.000848132127878 0.0 0.0
239 -0.000848132127878 0.0 0.0
240 -0.000848132127878 0.0 0.0
241 -0.000848132127878 0.0 0.0
242 -0.000848132127878 0.0 0.0
243 -0.000848132127878 0.0 0.0
244 -0.000848132127878 0.0 0.0
245 -0.000848132127878 0.0 0.0
246 -0.000848132127878 0.0 0.0
247 -0.000848132127878 0.0 0.0
248 -0.000848132127878 0.0 0.0
249 -0.000848132127878 0.0 0.0
250 -0.000848132127878 0.0 0.0
251 -0.000848132127878 0.0 0.0
252 -0.000848132127878 0.0 0.0
253 -0.000848132127878 0.0 0.0
254 -0.000848132127878 0.0 0.0
255 -0.000848132127878 0.0 0.0
256 -0.000848132127878 0.0 0.0
257 -0.000848132127878 0.0 0.0
258 -0.000848132127878 0.0 0.0
259 -0.000848132127878 0.0 0.0
260 -0.000848132127878 0.0 0.0
261 -0.000848132127878 0.0 0.0
262 -0.000848132127878 0.0 0.0
263 -0.000848132127878 0.0 0.0
264 -0.000848132127878 0.0 0.0
265 -0.000848132127878 0.0 0.0
266 -0.000848132127878 0.0 0.0
267 -0.000848132127878 0.0 0.0
268 -0.000848132127878 0.0 0.0
269 -0.000848132127878 0.0 0.0
270 -0.000848132127878 0.0 0.0
271 -0.00116837236098 0.0 0.0
272 -0.00116837236098 0.0 0.0
273 -0.00116837236098 0.0 0.0
274 -0.00116837236098 0.0 0.0
275 -0.00116837236098 0.0 0.0
276 -0.00116837236098 0.0 0.0
277 -0.00116837236098 0.0 0.0
278 -0.00116837236098 0.0 0.0
279 -0.00116837236098 0.0 0.0
280 -0.00116837236098 0.0 0.0
281 -0.00116837236098 0.0 0.0
282 -0.00116837236098 0.0 0.0
283 -0.00116837236098 0.0 0.0
284 -0.00116837236098 0.0 0.0
285 -0.00116837236098 0.0 0.0
286 -0.00116837236098 0.0 0.0
287 -0.00116837236098 0.0 0.0
288 -0.00116837236098 0.0 0.0
289 -0.00116837236098 0.0 0.0
290 -0.00116837236098 0.0 0.0
291 -0.00116837236098 0.0 0.0
292 -0.00116837236098 0.0 0.0
293 -0.00116837236098 0.0 0.0
294 -0.00116837236098 0.0 0.0
295 -0.00116837236098 0.0 0.0
296 -0.00116837236098 0.0 0.0
297 -0.00116837236098 0.0 0.0
298 -0.00116837236098 0.0 0.0
299 -0.00116837236098 0.0 0.0
300 -0.00116837236098 0.0 0.0
301 -0.00116837236098 0.0 0.0
302 -0.00116837236098 0.0 0.0
303 -0.00116837236098 0.0 0.0
304 -0.00116837236098 0.0 0.0
305 -0.00116837236098 0.0 0.0
306 -0.00116837236098 0.0 0.0
307 -0.00116837236098 0.0 0.0
308 -0.00116837236098 0.0 0.0
309 -0.00116837236098 0.0 0.0
310 -0.00116837236098 0.0 0.0
311 -0.00116837236098 0.0 0.0
312 -0.00116837236098 0.0 0.0
313 -0.00116837236098 0.0 0.0
314 -0.00116837236098 0.0 0.0
315 -0.00116837236098 0.0 0.0
316 -0.00116837236098 0.0 0.0
317 -0.00116837236098 0.0 0.0
318 -0.00116837236098 0.0 0.0
319 -0.00116837236098 0.0 0.0
320 -0.00116837236098 0.0 0.0
321 -0.00116837236098 0.0 0.0
322 -0.00116837236098 0.0 0.0
323 -0.00116837236098 0.0 0.0
324 -0.00116837236098 0.0 0.0
325 -0.00116837236098 0.0 0.0
326 -0.00123681476839 0.0 0.0
327 -0.00123681476839 0.0 0.0
328 -0.00123681476839 0.0 0.0
329 -0.00123681476839 0.0 0.0
330 -0.00123681476839 0.0 0.0
331 -0.00123681476839 0.0 0.0
332 -0.00123681476839 0.0 0.0
333 -0.00123681476839 0.0 0.0
334 -0.00123681476839 0.0 0.0
335 -0.00123681476839 0.0 0.0
336 -0.00123681476839 0.0 0.0
337 -0.00123681476839 0.0 0.0
338 -0.00123681476839 0.0 0.0
339 -0.00123681476839 0.0 0.0
340 -0.00123681476839 0.0 0.0
341 -0.00123681476839 0.0 0.0
342 -0.00123681476839 0.0 0.0
343 -0.00123681476839 0.0 0.0
344 -0.00123681476839 0.0 0.0
345 -0.00123681476839 0.0 0.0
346 -0.00123681476839 0.0 0.0
347 -0.00123681476839 0.0 0.0
348 -0.00123681476839 0.0 0.0
349 -0.00123681476839 0.0 0.0
350 -0.00123681476839 0.0 0.0
351 -0.00123681476839 0.0 0.0
352 -0.00123681476839 0.0 0.0
353 -0.00123681476839 0.0 0.0
354 -0.00123681476839 0.0 0.0
355 -0.00123681476839 0.0 0.0
356 -0.00123681476839 0.0 0.0
357 -0.00123681476839 0.0 0.0
358 -0.00123681476839 0.0 0.0
359 -0.00123681476839 0.0 0.0
360 -0.00123681476839 0.0 0.0
361 -0.00123681476839 0.0 0.0
362 -0.00123681476839 0.0 0.0
363 -0.00123681476839 0.0 0.0
364 -0.00123681476839 0.0 0.0
365 -0.00123681476839 0.0 0.0
366 -0.00123681476839 0.0 0.0
367 -0.00123681476839 0.0 0.0
368 -0.00123681476839 0.0 0.0
369 -0.00123681476839 0.0 0.0
370 -0.00123681476839 0.0 0.0
371 -0.00123681476839 0.0 0.0
372 -0.00123681476839 0.0 0.0
373 -0.00123681476839 0.0 0.0
374 -0.00123681476839 0.0 0.0
375 -0.00123681476839 0.0 0.0
376 -0.00280468961746 0.0 0.0
377 -0.00280468961746 0.0 0.0
378 -0.00280468961746 0.0 0.0
379 -0.00280468961746 0.0 0.0
380 -0.00280468961746 0.0 0.0
381 -0.00280468961746 0.0 0.0
382 -0.00280468961746 0.0 0.0
383 -0.00280468961746 0.0 0.0
384 -0.00280468961746 0.0 0.0
385 -0.00280468961746 0.0 0.0
386 -0.00280468961746 0.0 0.0
387 -0.00280468961746 0.0 0.0
388 -0.00280468961746 0.0 0.0
389 -0.00280468961746 0.0 0.0
390 -0.00280468961746 0.0 0.0
391 -0.00280468961746 0.0 0.0
392 -0.00280468961746 0.0 0.0
393 -0.00280468961746 0.0 0.0
394 -0.00280468961746 0.0 0.0
395 -0.00280468961746 0.0 0.0
396 -0.00280468961746 0.0 0.0
397 -0.00280468961746 0.0 0.0
398 -0.00280468961746 0.0 0.0
399 -0.00280468961746 0.0 0.0
400 -0.00280468961746 0.0 0.0
401 -0.00280468961746 0.0 0.0
402 -0.00280468961746 0.0 0.0
403 -0.00280468961746 0.0 0.0
404 -0.00280468961746 0.0 0.0
405 -0.00280468961746 0.0 0.0
406 -0.00280468961746 0.0 0.0
407 -0.00280468961746 0.0 0.0
408 -0.00280468961746 0.0 0.0
409 -0.00280468961746 0.0 0.0
410 -0.00280468961746 0.0 0.0
411 -0.00280468961746 0.0 0.0
412 -0.00280468961746 0.0 0.0
413 -0.00280468961746 0.0 0.0
414 -0.00280468961746 0.0 0.0
415 -0.00280468961746 0.0 0.0
416 -0.00280468961746 0.0 0.0
417 -0.00280468961746 0.0 0.0
418 -0.00280468961746 0.0 0.0
419 -0.00280468961746 0.0 0.0
420 -0.00280468961746 0.0 0.0
421 -0.00280468961746 0.0 0.0
422 -0.00280468961746 0.0 0.0
423 -0.00280468961746 0.0 0.0
424 -0.00280468961746 0.0 0.0
425 -0.00280468961746 0.0 0.0
426 -0.00350488985723 0.0 0.0
427 -0.00350488985723 0.0 0.0
428 -0.00350488985723 0.0 0.0
429 -0.00350488985723 0.0 0.0
430 -0.00350488985723 0.0 0.0
431 -0.00350488985723 0.0 0.0
432 -0.00350488985723 0.0 0.0
433 -0.00350488985723 0.0 0.0
434 -0.00350488985723 0.0 0.0
435 -0.00350488985723 0.0 0.0
436 -0.00350488985723 0.0 0.0
437 -0.00350488985723 0.0 0.0
438 -0.00350488985723 0.0 0.0
439 -0.00350488985723 0.0 0.0
440 -0.00350488985723 0.0 0.0
441 -0.00350488985723 0.0 0.0
442 -0.00350488985723 0.0 0.0
443 -0.00350488985723 0.0 0.0
444 -0.00350488985723 0.0 0.0
445 -0.00350488985723 0.0 0.0
446 -0.00350488985723 0.0 0.0
447 -0.00350488985723 0.0 0.0
448 -0.00350488985723 0.0 0.0
449 -0.00350488985723 0.0 0.0
450 -0.00350488985723 0.0 0.0
451 -0.00350488985723 0.0 0.0
452 -0.00350488985723 0.0 0.0
453 -0.00350488985723 0.0 0.0
454 -0.00350488985723 0.0 0.0
455 -0.00350488985723 0.0 0.0
456 -0.00350488985723 0.0 0.0
457 -0.00350488985723 0.0 0.0
458 -0.00350488985723 0.0 0.0
459 -0.00350488985723 0.0 0.0
460 -0.00350488985723 0.0 0.0
461 -0.00350488985723 0.0 0.0
462 -0.00350488985723 0.0 0.0
463 -0.00350488985723 0.0 0.0
464 -0.00350488985723 0.0 0.0
465 -0.00350488985723 0.0 0.0
466 -0.00350488985723 0.0 0.0
467 -0.00350488985723 0.0 0.0
468 -0.00350488985723 0.0 0.0
469 -0.00350488985723 0.0 0.0
470 -0.00350488985723 0.0 0.0
471 -0.00350488985723 0.0 0.0
472 -0.00350488985723 0.0 0.0
473 -0.00350488985723 0.0 0.0
474 -0.00350488985723 0.0 0.0
475 -0.00350488985723 0.0 0.0
476 0.00262440977216 0.0 0.0
477 0.00262440977216 0.0 0.0
478 0.00262440977216 0.0 0.0
479 0.00262440977216 0.0 0.0
480 0.00262440977216 0.0 0.0
481 0.00262440977216 0.0 0.0
482 0.00262440977216 0.0 0.0
483 0.00262440977216 0.0 0.0
484 0.00262440977216 0.0 0.0
485 0.00262440977216 0.0 0.0
486 0.00262440977216 0.0 0.0
487 0.00262440977216 0.0 0.0
488 0.00262440977216 0.0 0.0
489 0.00262440977216 0.0 0.0
490 0.00262440977216 0.0 0.0
491 0.00262440977216 0.0 0.0
492 0.00262440977216 0.0 0.0
493 0.00262440977216 0.0 0.0
494 0.00262440977216 0.0 0.0
495 0.00262440977216 0.0 0.0
496 0.00262440977216 0.0 0.0
497 0.00262440977216 0.0 0.0
498 0.00262440977216 0.0 0.0
499 0.00262440977216 0.0 0.0
500 0.00262440977216 0.0 0.0
501 0.00262440977216 0.0 0.0
502 0.00262440977216 0.0 0.0
503 0.00262440977216 0.0 0.0
504 0.00262440977216 0.0 0.0
505 0.00262440977216 0.0 0.0
506 0.00262440977216 0.0 0.0
507 0.00262440977216 0.0 0.0
508 0.00262440977216 0.0 0.0
509 0.00262440977216 0.0 0.0
510 0.00262440977216 0.0 0.0
511 0.00262440977216 0.0 0.0
512 0.00262440977216 0.0 0.0
513 0.00262440977216 0.0 0.0
514 0.00262440977216 0.0 0.0
515 0.00262440977216 0.0 0.0
516 0.00262440977216 0.0 0.0
517 0.00262440977216 0.0 0.0
518 0.00262440977216 0.0 0.0
519 0.00262440977216 0.0 0.0
520 0.00262440977216 0.0 0.0
521 0.00262440977216 0.0 0.0
522 0.00262440977216 0.0 0.0
523 0.00262440977216 0.0 0.0
524 0.00262440977216 0.0 0.0
525 0.00262440977216 0.0 0.0
526 0.0108496684748 0.0 0.0
527 0.0108496684748 0.0 0.0
528 0.0108496684748 0.0 0.0
529 0.0108496684748 0.0 0.0
530 0.0108496684748 0.0 0.0
531 0.0108496684748 0.0 0.0
532 0.0108496684748 0.0 0.0
533 0.0108496684748 0.0 0.0
534 0.0108496684748 0.0 0.0
535 0.0108496684748 0.0 0.0
536 0.0108496684748 0.0 0.0
537 0.0108496684748 0.0 0.0
538 0.0108496684748 0.0 0.0
539 0.0108496684748 0.0 0.0
540 0.0108496684748 0.0 0.0
541 0.0108496684748 0.0 0.0
542 0.0108496684748 0.0 0.0
543 0.0108496684748 0.0 0.0
544 0.0108496684748 0.0 0.0
545 0.0108496684748 0.0 0.0
546 0.0108496684748 0.0 0.0
547 0.0108496684748 0.0 0.0
548 0.0108496684748 0.0 0.0
549 0.0108496684748 0.0 0.0
550 0.0108496684748 0.0 0.0
551 0.0108496684748 0.0 0.0
552 0.0108496684748 0.0 0.0
553 0.0108496684748 0.0 0.0
554 0.0108496684748 0.0 0.0
555 0.0108496684748 0.0 0.0
556 0.0108496684748 0.0 0.0
557 0.0108496684748 0.0 0.0
558 0.0108496684748 0.0 0.0
559 0.0108496684748 0.0 0.0
560 0.0108496684748 0.0 0.0
561 0.0108496684748 0.0 0.0
562 0.0108496684748 0.0 0.0
563 0.0108496684748 0.0 0.0
564 0.0108496684748 0.0 0.0
565 0.0108496684748 0.0 0.0
566 0.0108496684748 0.0 0.0
567 0.0108496684748 0.0 0.0
568 0.0108496684748 0.0 0.0
569 0.0108496684748 0.0 0.0
570 0.0108496684748 0.0 0.0
571 0.0108496684748 0.0 0.0
572 0.0108496684748 0.0 0.0
573 0.0108496684748 0.0 0.0
574 0.0108496684748 0.0 0.0
575 0.0108496684748 0.0 0.0
576 0.0204081632653 0.0 0.0
577 0.0204081632653 0.0 0.0
578 0.0204081632653 0.0 0.0
579 0.0204081632653 0.0 0.0
580 0.0204081632653 0.0 0.0
581 0.0204081632653 0.0 0.0
582 0.0204081632653 0.0 0.0
583 0.0204081632653 0.0 0.0
584 0.0204081632653 0.0 0.0
585 0.0204081632653 0.0 0.0
586 0.0204081632653 0.0 0.0
587 0.0204081632653 0.0 0.0
588 0.0204081632653 0.0 0.0
589 0.0204081632653 0.0 0.0
590 0.0204081632653 0.0 0.0
591 0.0204081632653 0.0 0.0
592 0.0204081632653 0.0 0.0
593 0.0204081632653 0.0 0.0
594 0.0204081632653 0.0 0.0
595 0.0204081632653 0.0 0.0
596 0.0204081632653 0.0 0.0
597 0.0204081632653 0.0 0.0
598 0.0204081632653 0.0 0.0
599 0.0204081632653 0.0 0.0
600 0.0204081632653 0.0 0.0
601 0.0204081632653 0.0 0.0
602 0.0204081632653 0.0 0.0
603 0.0204081632653 0.0 0.0
604 0.0204081632653 0.0 0.0
605 0.0204081632653 0.0 0.0
606 0.0204081632653 0.0 0.0
607 0.0204081632653 0.0 0.0
608 0.0204081632653 0.0 0.0
609 0.0204081632653 0.0 0.0
610 0.0204081632653 0.0 0.0
611 0.0204081632653 0.0 0.0
612 0.0204081632653 0.0 0.0
613 0.0204081632653 0.0 0.0
614 0.0204081632653 0.0 0.0
615 0.0204081632653 0.0 0.0
616 0.0204081632653 0.0 0.0
617 0.0204081632653 0.0 0.0
618 0.0204081632653 0.0 0.0
619 0.0204081632653 0.0 0.0
620 0.0204081632653 0.0 0.0
621 0.0204081632653 0.0 0.0
622 0.0204081632653 0.0 0.0
623 0.0204081632653 0.0 0.0
624 0.0204081632653 0.0 0.0
625 0.0204081632653 0.0 0.0
626 0.0163221198944 0.0 0.0
627 0.0163221198944 0.0 0.0
628 0.0163221198944 0.0 0.0
629 0.0163221198944 0.0 0.0
630 0.0163221198944 0.0 0.0
631 0.0163221198944 0.0 0.0
632 0.0163221198944 0.0 0.0
633 0.0163221198944 0.0 0.0
634 0.0163221198944 0.0 0.0
635 0.0163221198944 0.0 0.0
636 0.0163221198944 0.0 0.0
637 0.0163221198944 0.0 0.0
638 0.0163221198944 0.0 0.0
639 0.0163221198944 0.0 0.0
640 0.0163221198944 0.0 0.0
641 0.0163221198944 0.0 0.0
642 0.0163221198944 0.0 0.0
643 0.0163221198944 0.0 0.0
644 0.0163221198944 0.0 0.0
645 0.0163221198944 0.0 0.0
646 0.0163221198944 0.0 0.0
647 0.0163221198944 0.0 0.0
648 0.0163221198944 0.0 0.0
649 0.0163221198944 0.0 0.0
650 0.0163221198944 0.0 0.0
651 0.0163221198944 0.0 0.0
652 0.0163221198944 0.0 0.0
653 0.0163221198944 0.0 0.0
654 0.0163221198944 0.0 0.0
655 0.0163221198944 0.0 0.0
656 0.0163221198944 0.0 0.0
657 0.0163221198944 0.0 0.0
658 0.0163221198944 0.0 0.0
659 0.0163221198944 0.0 0.0
660 0.0163221198944 0.0 0.0
661 0.0163221198944 0.0 0.0
662 0.0163221198944 0.0 0.0
663 0.0163221198944 0.0 0.0
664 0.0163221198944 0.0 0.0
665 0.0163221198944 0.0 0.0
666 0.0163221198944 0.0 0.0
667 0.0163221198944 0.0 0.0
668 0.0163221198944 0.0 0.0
669 0.0163221198944 0.0 0.0
670 0.0163221198944 0.0 0.0
671 0.0163221198944 0.0 0.0
672 0.0163221198944 0.0 0.0
673 0.0163221198944 0.0 0.0
674 0.0163221198944 0.0 0.0
675 0.0163221198944 0.0 0.0
676 0.0015012149922 0.0 0.0
677 0.0015012149922 0.0 0.0
678 0.0015012149922 0.0 0.0
679 0.0015012149922 0.0 0.0
680 0.0015012149922 0.0 0.0
681 0.0015012149922 0.0 0.0
682 0.0015012149922 0.0 0.0
683 0.0015012149922 0.0 0.0
684 0.0015012149922 0.0 0.0
685 0.0015012149922 0.0 0.0
686 0.0015012149922 0.0 0.0
687 0.0015012149922 0.0 0.0
688 0.0015012149922 0.0 0.0
689 0.0015012149922 0.0 0.0
690 0.0015012149922 0.0 0.0
691 0.0015012149922 0.0 0.0
692 0.0015012149922 0.0 0.0
693 0.0015012149922 0.0 0.0
694 0.0015012149922 0.0 0.0
695 0.0015012149922 0.0 0.0
696 0.0015012149922 0.0 0.0
697 0.0015012149922 0.0 0.0
698 0.0015012149922 0.0 0.0
699 0.0015012149922 0.0 0.0
700 0.0015012149922 0.0 0.0
701 0.0015012149922 0.0 0.0
702 0.0015012149922 0.0 0.0
703 0.0015012149922 0.0 0.0
704 0.0015012149922 0.0 0.0
705 0.0015012149922 0.0 0.0
706 0.0015012149922 0.0 0.0
707 0.0015012149922 0.0 0.0
708 0.0015012149922 0.0 0.0
709 0.0015012149922 0.0 0.0
710 0.0015012149922 0.0 0.0
711 0.0015012149922 0.0 0.0
712 0.0015012149922 0.0 0.0
713 0.0015012149922 0.0 0.0
714 0.0015012149922 0.0 0.0
715 0.0015012149922 0.0 0.0
716 0.0015012149922 0.0 0.0
717 0.0015012149922 0.0 0.0
718 0.0015012149922 0.0 0.0
719 0.0015012149922 0.0 0.0
720 0.0015012149922 0.0 0.0
721 0.0015012149922 0.0 0.0
722 0.0015012149922 0.0 0.0
723 0.0015012149922 0.0 0.0
724 0.0015012149922 0.0 0.0
725 0.0015012149922 0.0 0.0
726 -0.00262426971097 0.0 0.0
727 -0.00262426971097 0.0 0.0
728 -0.00262426971097 0.0 0.0
729 -0.00262426971097 0.0 0.0
730 -0.00262426971097 0.0 0.0
731 -0.00262426971097 0.0 0.0
732 -0.00262426971097 0.0 0.0
733 -0.00262426971097 0.0 0.0
734 -0.00262426971097 0.0 0.0
735 -0.00262426971097 0.0 0.0
736 -0.00262426971097 0.0 0.0
737 -0.00262426971097 0.0 0.0
738 -0.00262426971097 0.0 0.0
739 -0.00262426971097 0.0 0.0
740 -0.00262426971097 0.0 0.0
741 -0.00262426971097 0.0 0.0
742 -0.00262426971097 0.0 0.0
743 -0.00262426971097 0.0 0.0
744 -0.00262426971097 0.0 0.0
745 -0.00262426971097 0.0 0.0
746 -0.00262426971097 0.0 0.0
747 -0.00262426971097 0.0 0.0
748 -0.00262426971097 0.0 0.0
749 -0.00262426971097 0.0 0.0
750 -0.00262426971097 0.0 0.0
751 -0.00262426971097 0.0 0.0
752 -0.00262426971097 0.0 0.0
753 -0.00262426971097 0.0 0.0
754 -0.00262426971097 0.0 0.0
755 -0.00262426971097 0.0 0.0
756 -0.00262426971097 0.0 0.0
757 -0.00262426971097 0.0 0.0
758 -0.00262426971097 0.0 0.0
759 -0.00262426971097 0.0 0.0
760 -0.00262426971097 0.0 0.0
761 -0.00262426971097 0.0 0.0
762 -0.00262426971097 0.0 0.0
763 -0.00262426971097 0.0 0.0
764 -0.00262426971097 0.0 0.0
765 -0.00262426971097 0.0 0.0
766 -0.00262426971097 0.0 0.0
767 -0.00262426971097 0.0 0.0
768 -0.00262426971097 0.0 0.0
769 -0.00262426971097 0.0 0.0
770 -0.00262426971097 0.0 0.0
771 -0.00262426971097 0.0 0.0
772 -0.00262426971097 0.0 0.0
773 -0.00262426971097 0.0 0.0
774 -0.00262426971097 0.0 0.0
775 -0.00262426971097 0.0 0.0
776 -0.000958631759931 0.0 0.0
777 -0.000958631759931 0.0 0.0
778 -0.000958631759931 0.0 0.0
779 -0.000958631759931 0.0 0.0
780 -0.000958631759931 0.0 0.0
781 -0.000958631759931 0.0 0.0
782 -0.000958631759931 0.0 0.0
783 -0.000958631759931 0.0 0.0
784 -0.000958631759931 0.0 0.0
785 -0.000958631759931 0.0 0.0
786 -0.000958631759931 0.0 0.0
787 -0.000958631759931 0.0 0.0
788 -0.000958631759931 0.0 0.0
789 -0.000958631759931 0.0 0.0
790 -0.000958631759931 0.0 0.0
791 -0.000958631759931 0.0 0.0
792 -0.000958631759931 0.0 0.0
793 -0.000958631759931 0.0 0.0
794 -0.000958631759931 0.0 0.0
795 -0.000958631759931 0.0 0.0
796 -0.000958631759931 0.0 0.0
797 -0.000958631759931 0.0 0.0
798 -0.000958631759931 0.0 0.0
799 -0.000958631759931 0.0 0.0
800 -0.000958631759931 0.0 0.0
801 -0.000958631759931 0.0 0.0
802 -0.000958631759931 0.0 0.0
803 -0.000958631759931 0.0 0.0
804 -0.000958631759931 0.0 0.0
805 -0.000958631759931 0.0 0.0
806 -0.000958631759931 0.0 0.0
807 -0.000958631759931 0.0 0.0
808 -0.000958631759931 0.0 0.0
809 -0.000958631759931 0.0 0.0
810 -0.000958631759931 0.0 0.0
811 -0.000958631759931 0.0 0.0
812 -0.000958631759931 0.0 0.0
813 -0.000958631759931 0.0 0.0
814 -0.000958631759931 0.0 0.0
815 -0.000958631759931 0.0 0.0
816 -0.000958631759931 0.0 0.0
817 -0.000958631759931 0.0 0.0
818 -0.000958631759931 0.0 0.0
819 -0.000958631759931 0.0 0.0
820 -0.000958631759931 0.0 0.0
821 -0.000958631759931 0.0 0.0
822 -0.000958631759931 0.0 0.0
823 -0.000958631759931 0.0 0.0
824 -0.000958631759931 0.0 0.0
825 -0.000958631759931 0.0 0.0
826 -0.000452155165856 0.0 0.0
827 -0.000452155165856 0.0 0.0
828 -0.000452155165856 0.0 0.0
829 -0.000452155165856 0.0 0.0
830 -0.000452155165856 0.0 0.0
831 -0.000452155165856 0.0 0.0
832 -0.000452155165856 0.0 0.0
833 -0.000452155165856 0.0 0.0
834 -0.000452155165856 0.0 0.0
835 -0.000452155165856 0.0 0.0
836 -0.000452155165856 0.0 0.0
837 -0.000452155165856 0.0 0.0
838 -0.000452155165856 0.0 0.0
839 -0.000452155165856 0.0 0.0
840 -0.000452155165856 0.0 0.0
841 -0.000452155165856 0.0 0.0
842 -0.000452155165856 0.0 0.0
843 -0.000452155165856 0.0 0.0
844 -0.000452155165856 0.0 0.0
845 -0.000452155165856 0.0 0.0
846 -0.000452155165856 0.0 0.0
847 -0.000452155165856 0.0 0.0
848 -0.000452155165856 0.0 0.0
849 -0.000452155165856 0.0 0.0
850 -0.000452155165856 0.0 0.0
851 -0.000452155165856 0.0 0.0
852 -0.000452155165856 0.0 0.0
853 -0.000452155165856 0.0 0.0
854 -0.000452155165856 0.0 0.0
855 -0.000452155165856 0.0 0.0
856 -0.000452155165856 0.0 0.0
857 -0.000452155165856 0.0 0.0
858 -0.000452155165856 0.0 0.0
859 -0.000452155165856 0.0 0.0
860 -0.000452155165856 0.0 0.0
861 -0.000452155165856 0.0 0.0
862 -0.000452155165856 0.0 0.0
863 -0.000452155165856 0.0 0.0
864 -0.000452155165856 0.0 0.0
865 -0.000452155165856 0.0 0.0
866 -0.000452155165856 0.0 0.0
867 -0.000452155165856 0.0 0.0
868 -0.000452155165856 0.0 0.0
869 -0.000452155165856 0.0 0.0
870 -0.000452155165856 0.0 0.0
871 -0.000452155165856 0.0 0.0
872 -0.000452155165856 0.0 0.0
873 -0.000452155165856 0.0 0.0
874 -0.000452155165856 0.0 0.0
875 -0.000452155165856 0.0 0.0
876 -0.000452155165856 0.0 0.0
877 -0.000452155165856 0.0 0.0
878 -0.000452155165856 0.0 0.0
879 -0.000452155165856 0.0 0.0
880 -0.000452155165856 0.0 0.0
881 -0.000452155165856 0.0 0.0
882 -0.000452155165856 0.0 0.0
883 -0.000452155165856 0.0 0.0
884 -0.000452155165856 0.0 0.0
885 -0.000452155165856 0.0 0.0
886 -0.000452155165856 0.0 0.0
887 -0.000452155165856 0.0 0.0
888 -0.000452155165856 0.0 0.0
889 -0.000452155165856 0.0 0.0
890 -0.000452155165856 0.0 0.0
891 -0.000452155165856 0.0 0.0
892 -0.000452155165856 0.0 0.0
893 -0.000452155165856 0.0 0.0
894 -0.000452155165856 0.0 0.0
895 -0.000452155165856 0.0 0.0
896 -0.000452155165856 0.0 0.0
897 -0.000452155165856 0.0 0.0
898 -0.000452155165856 0.0 0.0
899 -0.000452155165856 0.0 0.0
900 -0.000452155165856 0.0 0.0
901 -0.000452155165856 0.0 0.0
902 -0.000452155165856 0.0 0.0
903 -0.000452155165856 0.0 0.0
904 -0.000452155165856 0.0 0.0
905 -0.000452155165856 0.0 0.0
906 -0.000452155165856 0.0 0.0
907 -0.000452155165856 0.0 0.0
908 -0.000452155165856 0.0 0.0
909 -0.000452155165856 0.0 0.0
910 -0.000452155165856 0.0 0.0
911 -0.000452155165856 0.0 0.0
912 -0.000452155165856 0.0 0.0
913 -0.000452155165856 0.0 0.0
914 -0.000452155165856 0.0 0.0
915 -0.000452155165856 0.0 0.0
916 -0.000452155165856 0.0 0.0
917 -0.000452155165856 0.0 0.0
918 -0.000452155165856 0.0 0.0
919 -0.000452155165856 0.0 0.0
920 -0.000452155165856 0.0 0.0
921 -0.000452155165856 0.0 0.0
922 -0.000452155165856 0.0 0.0
923 -0.000452155165856 0.0 0.0
924 -0.000452155165856 0.0 0.0
925 -0.000452155165856 0.0 0.0
926 -0.000452155165856 0.0 0.0
927 -0.000452155165856 0.0 0.0
928 -0.000452155165856 0.0 0.0
929 -0.000452155165856 0.0 0.0
930 -0.000452155165856 0.0 0.0
931 -0.000452155165856 0.0 0.0
932 -0.000452155165856 0.0 0.0
933 -0.000452155165856 0.0 0.0
934 -0.000452155165856 0.0 0.0
935 -0.000452155165856 0.0 0.0
936 -0.000452155165856 0.0 0.0
937 -0.000452155165856 0.0 0.0
938 -0.000452155165856 0.0 0.0
939 -0.000452155165856 0.0 0.0
940 -0.000452155165856 0.0 0.0
941 -0.000452155165856 0.0 0.0
942 -0.000452155165856 0.0 0.0
943 -0.000452155165856 0.0 0.0
944 -0.000452155165856 0.0 0.0
945 -0.000452155165856 0.0 0.0
946 -0.000452155165856 0.0 0.0
947 -0.000452155165856 0.0 0.0
948 -0.000452155165856 0.0 0.0
949 -0.000452155165856 0.0 0.0
950 -0.000452155165856 0.0 0.0
951 -0.000452155165856 0.0 0.0
952 -0.000452155165856 0.0 0.0
953 -0.000452155165856 0.0 0.0
954 -0.000452155165856 0.0 0.0
955 -0.000452155165856 0.0 0.0
956 -0.000452155165856 0.0 0.0
957 -0.000452155165856 0.0 0.0
958 -0.000452155165856 0.0 0.0
959 -0.000452155165856 0.0 0.0
960 -0.000452155165856 0.0 0.0
961 -0.000452155165856 0.0 0.0
962 -0.000452155165856 0.0 0.0
963 -0.000452155165856 0.0 0.0
964 -0.000452155165856 0.0 0.0
965 -0.000452155165856 0.0 0.0
966 -0.000452155165856 0.0 0.0
967 -0.000452155165856 0.0 0.0
968 -0.000452155165856 0.0 0.0
969 -0.000452155165856 0.0 0.0
970 -0.000452155165856 0.0 0.0
971 -0.000452155165856 0.0 0.0
972 -0.000452155165856 0.0 0.0
973 -0.000452155165856 0.0 0.0
974 -0.000452155165856 0.0 0.0
975 -0.000452155165856 0.0 0.0
976 -0.000452155165856 0.0 0.0
977 -0.000452155165856 0.0 0.0
978 -0.000452155165856 0.0 0.0
979 -0.000452155165856 0.0 0.0
980 -0.000452155165856 0.0 0.0
981 -0.000452155165856 0.0 0.0
982 -0.000452155165856 0.0 0.0
983 -0.000452155165856 0.0 0.0
984 -0.000452155165856 0.0 0.0
985 -0.000452155165856 0.0 0.0
986 -0.000452155165856 0.0 0.0
987 -0.000452155165856 0.0 0.0
988 -0.000452155165856 0.0 0.0
989 -0.000452155165856 0.0 0.0
990 -0.000452155165856 0.0 0.0
991 -0.000452155165856 0.0 0.0
992 -0.000452155165856 0.0 0.0
993 -0.000452155165856 0.0 0.0
994 -0.000452155165856 0.0 0.0
995 -0.000452155165856 0.0 0.0
996 -0.000452155165856 0.0 0.0
997 -0.000452155165856 0.0 0.0
998 -0.000452155165856 0.0 0.0
999 -0.000452155165856 0.0 0.0
1000 -0.000452155165856 0.0 0.0
1001 -0.000452155165856 0.0 0.0
1002 -0.000452155165856 0.0 0.0
1003 -0.000452155165856 0.0 0.0
1004 -0.000452155165856 0.0 0.0
1005 -0.000452155165856 0.0 0.0
1006 -0.000452155165856 0.0 0.0
1007 -0.000452155165856 0.0 0.0
1008 -0.000452155165856 0.0 0.0
1009 -0.000452155165856 0.0 0.0
1010 -0.000452155165856 0.0 0.0
1011 -0.000452155165856 0.0 0.0
1012 -0.000452155165856 0.0 0.0
1013 -0.000452155165856 0.0 0.0
1014 -0.000452155165856 0.0 0.0
1015 -0.000452155165856 0.0 0.0
1016 -0.000452155165856 0.0 0.0
1017 -0.000452155165856 0.0 0.0
1018 -0.000452155165856 0.0 0.0
1019 -0.000452155165856 0.0 0.0
1020 -0.000452155165856 0.0 0.0
1021 -0.000452155165856 0.0 0.0
1022 -0.000452155165856 0.0 0.0
1023 -0.000452155165856 0.0 0.0
1024 -0.000452155165856 0.0 0.0
1025 -0.000452155165856 0.0 0.0
1026 -0.000452155165856 0.0 0.0
1027 -0.000452155165856 0.0 0.0
1028 -0.000452155165856 0.0 0.0
1029 -0.000452155165856 0.0 0.0
1030 -0.000452155165856 0.0 0.0
1031 -0.000452155165856 0.0 0.0
1032 -0.000452155165856 0.0 0.0
1033 -0.000452155165856 0.0 0.0
1034 -0.000452155165856 0.0 0.0
1035 -0.000452155165856 0.0 0.0
1036 -0.000452155165856 0.0 0.0
1037 -0.000452155165856 0.0 0.0
1038 -0.000452155165856 0.0 0.0
1039 -0.000452155165856 0.0 0.0
1040 -0.000452155165856 0.0 0.0
1041 -0.000452155165856 0.0 0.0
1042 -0.000452155165856 0.0 0.0
1043 -0.000452155165856 0.0 0.0
1044 -0.000452155165856 0.0 0.0
1045 -0.000452155165856 0.0 0.0
1046 -0.000452155165856 0.0 0.0
1047 -0.000452155165856 0.0 0.0
1048 -0.000452155165856 0.0 0.0
1049 -0.000452155165856 0.0 0.0
1050 -0.000452155165856 0.0 0.0
1051 -0.000165721162088 0.0 0.0
1052 -0.000165721162088 0.0 0.0
1053 -0.000165721162088 0.0 0.0
1054 -0.000165721162088 0.0 0.0
1055 -0.000165721162088 0.0 0.0
1056 -0.000165721162088 0.0 0.0
1057 -0.000165721162088 0.0 0.0
1058 -0.000165721162088 0.0 0.0
1059 -0.000165721162088 0.0 0.0
1060 -0.000165721162088 0.0 0.0
1061 -0.000165721162088 0.0 0.0
1062 -0.000165721162088 0.0 0.0
1063 -0.000165721162088 0.0 0.0
1064 -0.000165721162088 0.0 0.0
1065 -0.000165721162088 0.0 0.0
1066 -0.000165721162088 0.0 0.0
1067 -0.000165721162088 0.0 0.0
1068 -0.000165721162088 0.0 0.0
1069 -0.000165721162088 0.0 0.0
1070 -0.000165721162088 0.0 0.0
1071 -0.000165721162088 0.0 0.0
1072 -0.000165721162088 0.0 0.0
1073 -0.000165721162088 0.0 0.0
1074 -0.000165721162088 0.0 0.0
1075 -0.000165721162088 0.0 0.0
1076 -0.000165721162088 0.0 0.0
1077 -0.000165721162088 0.0 0.0
1078 -0.000165721162088 0.0 0.0
1079 -0.000165721162088 0.0 0.0
1080 -0.000165721162088 0.0 0.0
1081 -0.000165721162088 0.0 0.0
1082 -0.000165721162088 0.0 0.0
1083 -0.000165721162088 0.0 0.0
1084 -0.000165721162088 0.0 0.0
1085 -0.000165721162088 0.0 0.0
1086 -0.000165721162088 0.0 0.0
1087 -0.000165721162088 0.0 0.0
1088 -0.000165721162088 0.0 0.0
1089 -0.000165721162088 0.0 0.0
1090 -0.000165721162088 0.0 0.0
1091 -0.000165721162088 0.0 0.0
1092 -0.000165721162088 0.0 0.0
1093 -0.000165721162088 0.0 0.0
1094 -0.000165721162088 0.0 0.0
1095 -0.000165721162088 0.0 0.0
1096 -0.000165721162088 0.0 0.0
1097 -0.000165721162088 0.0 0.0
1098 -0.000165721162088 0.0 0.0
1099 -0.000165721162088 0.0 0.0
1100 -0.000165721162088 0.0 0.0
1101 -0.000165721162088 0.0 0.0
1102 -0.000165721162088 0.0 0.0
1103 -0.000165721162088 0.0 0.0
1104 -0.000165721162088 0.0 0.0
1105 -0.000165721162088 0.0 0.0
1106 -0.000165721162088 0.0 0.0
1107 -0.000165721162088 0.0 0.0
1108 -0.000165721162088 0.0 0.0
1109 -0.000165721162088 0.0 0.0
1110 -0.000165721162088 0.0 0.0
1111 -0.000165721162088 0.0 0.0
1112 -0.000165721162088 0.0 0.0
1113 -0.000165721162088 0.0 0.0
1114 -0.000165721162088 0.0 0.0
1115 -0.000165721162088 0.0 0.0
1116 -0.000165721162088 0.0 0.0
1117 -0.000165721162088 0.0 0.0
1118 -0.000165721162088 0.0 0.0
1119 -0.000165721162088 0.0 0.0
1120 -0.000165721162088 0.0 0.0
1121 -0.000165721162088 0.0 0.0
1122 -0.000165721162088 0.0 0.0
1123 -0.000165721162088 0.0 0.0
1124 -0.000165721162088 0.0 0.0
1125 -0.000165721162088 0.0 0.0
1126 -0.000165721162088 0.0 0.0
1127 -0.000165721162088 0.0 0.0
1128 -0.000165721162088 0.0 0.0
1129 -0.000165721162088 0.0 0.0
1130 -0.000165721162088 0.0 0.0
1131 -0.000165721162088 0.0 0.0
1132 -0.000165721162088 0.0 0.0
1133 -0.000165721162088 0.0 0.0
1134 -0.000165721162088 0.0 0.0
1135 -0.000165721162088 0.0 0.0
1136 -0.000165721162088 0.0 0.0
1137 -0.000165721162088 0.0 0.0
1138 -0.000165721162088 0.0 0.0
1139 -0.000165721162088 0.0 0.0
1140 -0.000165721162088 0.0 0.0
1141 -0.000165721162088 0.0 0.0
1142 -0.000165721162088 0.0 0.0
1143 -0.000165721162088 0.0 0.0
1144 -0.000165721162088 0.0 0.0
1145 -0.000165721162088 0.0 0.0
1146 -0.000165721162088 0.0 0.0
1147 -0.000165721162088 0.0 0.0
1148 -0.000165721162088 0.0 0.0
1149 -0.000165721162088 0.0 0.0
1150 -0.000165721162088 0.0 0.0
1151 7.80578331341e-06 0.0 0.0
1152 7.80578331341e-06 0.0 0.0
1153 7.80578331341e-06 0.0 0.0
1154 7.80578331341e-06 0.0 0.0
1155 7.80578331341e-06 0.0 0.0
1156 7.80578331341e-06 0.0 0.0
1157 7.80578331341e-06 0.0 0.0
1158 7.80578331341e-06 0.0 0.0
1159 7.80578331341e-06 0.0 0.0
1160 7.80578331341e-06 0.0 0.0
1161 7.80578331341e-06 0.0 0.0
1162 7.80578331341e-06 0.0 0.0
1163 7.80578331341e-06 0.0 0.0
1164 7.80578331341e-06 0.0 0.0
1165 7.80578331341e-06 0.0 0.0
1166 7.80578331341e-06 0.0 0.0
1167 7.80578331341e-06 0.0 0.0
1168 7.80578331341e-06 0.0 0.0
1169 7.80578331341e-06 0.0 0.0
1170 7.80578331341e-06 0.0 0.0
1171 7.80578331341e-06 0.0 0.0
1172 7.80578331341e-06 0.0 0.0
1173 7.80578331341e-06 0.0 0.0
1174 7.80578331341e-06 0.0 0.0
1175 7.80578331341e-06 0.0 0.0
1176 7.80578331341e-06 0.0 0.0
1177 7.80578331341e-06 0.0 0.0
1178 7.80578331341e-06 0.0 0.0
1179 7.80578331341e-06 0.0 0.0
1180 7.80578331341e-06 0.0 0.0
1181 7.80578331341e-06 0.0 0.0
1182 7.80578331341e-06 0.0 0.0
1183 7.80578331341e-06 0.0 0.0
1184 7.80578331341e-06 0.0 0.0
1185 7.80578331341e-06 0.0 0.0
1186 7.80578331341e-06 0.0 0.0
1187 7.80578331341e-06 0.0 0.0
1188 7.80578331341e-06 0.0 0.0
1189 7.80578331341e-06 0.0 0.0
1190 7.80578331341e-06 0.0 0.0
1191 7.80578331341e-06 0.0 0.0
1192 7.80578331341e-06 0.0 0.0
1193 7.80578331341e-06 0.0 0.0
1194 7.80578331341e-06 0.0 0.0
1195 7.80578331341e-06 0.0 0.0
1196 7.80578331341e-06 0.0 0.0
1197 7.80578331341e-06 0.0 0.0
1198 7.80578331341e-06 0.0 0.0
1199 7.80578331341e-06 0.0 0.0
1200 7.80578331341e-06 0.0 0.0
1201 7.80578331341e-06 0.0 0.0
1202 7.80578331341e-06 0.0 0.0
1203 7.80578331341e-06 0.0 0.0
1204 7.80578331341e-06 0.0 0.0
1205 7.80578331341e-06 0.0 0.0
1206 7.80578331341e-06 0.0 0.0
1207 7.80578331341e-06 0.0 0.0
1208 7.80578331341e-06 0.0 0.0
1209 7.80578331341e-06 0.0 0.0
1210 7.80578331341e-06 0.0 0.0
1211 7.80578331341e-06 0.0 0.0
1212 7.80578331341e-06 0.0 0.0
1213 7.80578331341e-06 0.0 0.0
1214 7.80578331341e-06 0.0 0.0
1215 7.80578331341e-06 0.0 0.0
1216 7.80578331341e-06 0.0 0.0
1217 7.80578331341e-06 0.0 0.0
1218 7.80578331341e-06 0.0 0.0
1219 7.80578331341e-06 0.0 0.0
1220 7.80578331341e-06 0.0 0.0
1221 7.80578331341e-06 0.0 0.0
1222 7.80578331341e-06 0.0 0.0
1223 7.80578331341e-06 0.0 0.0
1224 7.80578331341e-06 0.0 0.0
1225 7.80578331341e-06 0.0 0.0
1226 7.80578331341e-06 0.0 0.0
1227 7.80578331341e-06 0.0 0.0
1228 7.80578331341e-06 0.0 0.0
1229 7.80578331341e-06 0.0 0.0
1230 7.80578331341e-06 0.0 0.0
1231 7.80578331341e-06 0.0 0.0
1232 7.80578331341e-06 0.0 0.0
1233 7.80578331341e-06 0.0 0.0
1234 7.80578331341e-06 0.0 0.0
1235 7.80578331341e-06 0.0 0.0
1236 7.80578331341e-06 0.0 0.0
1237 7.80578331341e-06 0.0 0.0
1238 7.80578331341e-06 0.0 0.0
1239 7.80578331341e-06 0.0 0.0
1240 7.80578331341e-06 0.0 0.0
1241 7.80578331341e-06 0.0 0.0
1242 7.80578331341e-06 0.0 0.0
1243 7.80578331341e-06 0.0 0.0
1244 7.80578331341e-06 0.0 0.0
1245 7.80578331341e-06 0.0 0.0
1246 7.80578331341e-06 0.0 0.0
1247 7.80578331341e-06 0.0 0.0
1248 7.80578331341e-06 0.0 0.0
1249 7.80578331341e-06 0.0 0.0
1250 7.80578331341e-06 0.0 0.0
1251 7.80578331341e-06 0.0 0.0
1252 7.80578331341e-06 0.0 0.0
1253 7.80578331341e-06 0.0 0.0
1254 7.80578331341e-06 0.0 0.0
1255 7.80578331341e-06 0.0 0.0
1256 7.80578331341e-06 0.0 0.0
1257 7.80578331341e-06 0.0 0.0
1258 7.80578331341e-06 0.0 0.0
1259 7.80578331341e-06 0.0 0.0
1260 7.80578331341e-06 0.0 0.0
1261 7.80578331341e-06 0.0 0.0
1262 7.80578331341e-06 0.0 0.0
1263 7.80578331341e-06 0.0 0.0
1264 7.80578331341e-06 0.0 0.0
1265 7.80578331341e-06 0.0 0.0
1266 7.80578331341e-06 0.0 0.0
1267 7.80578331341e-06 0.0 0.0
1268 7.80578331341e-06 0.0 0.0
1269 7.80578331341e-06 0.0 0.0
1270 7.80578331341e-06 0.0 0.0
1271 7.80578331341e-06 0.0 0.0
1272 7.80578331341e-06 0.0 0.0
1273 7.80578331341e-06 0.0 0.0
1274 7.80578331341e-06 0.0 0.0
1275 7.80578331341e-06 0.0 0.0
1276 7.80578331341e-06 0.0 0.0
1277 7.80578331341e-06 0.0 0.0
1278 7.80578331341e-06 0.0 0.0
1279 7.80578331341e-06 0.0 0.0
1280 7.80578331341e-06 0.0 0.0
1281 7.80578331341e-06 0.0 0.0
1282 7.80578331341e-06 0.0 0.0
1283 7.80578331341e-06 0.0 0.0
1284 7.80578331341e-06 0.0 0.0
1285 7.80578331341e-06 0.0 0.0
1286 7.80578331341e-06 0.0 0.0
1287 7.80578331341e-06 0.0 0.0
1288 7.80578331341e-06 0.0 0.0
1289 7.80578331341e-06 0.0 0.0
1290 7.80578331341e-06 0.0 0.0
1291 7.80578331341e-06 0.0 0.0
1292 7.80578331341e-06 0.0 0.0
1293 7.80578331341e-06 0.0 0.0
1294 7.80578331341e-06 0.0 0.0
1295 7.80578331341e-06 0.0 0.0
1296 7.80578331341e-06 0.0 0.0
1297 7.80578331341e-06 0.0 0.0
1298 7.80578331341e-06 0.0 0.0
1299 7.80578331341e-06 0.0 0.0
1300 7.80578331341e-06 0.0 0.0
1301 7.80578331341e-06 0.0 0.0
1302 7.80578331341e-06 0.0 0.0
1303 7.80578331341e-06 0.0 0.0
1304 7.80578331341e-06 0.0 0.0
1305 7.80578331341e-06 0.0 0.0
1306 7.80578331341e-06 0.0 0.0
1307 7.80578331341e-06 0.0 0.0
1308 7.80578331341e-06 0.0 0.0
1309 7.80578331341e-06 0.0 0.0
1310 7.80578331341e-06 0.0 0.0
1311 7.80578331341e-06 0.0 0.0
1312 7.80578331341e-06 0.0 0.0
1313 7.80578331341e-06 0.0 0.0
1314 7.80578331341e-06 0.0 0.0
1315 7.80578331341e-06 0.0 0.0
1316 7.80578331341e-06 0.0 0.0
1317 7.80578331341e-06 0.0 0.0
1318 7.80578331341e-06 0.0 0.0
1319 7.80578331341e-06 0.0 0.0
1320 7.80578331341e-06 0.0 0.0
1321 7.80578331341e-06 0.0 0.0
1322 7.80578331341e-06 0.0 0.0
1323 7.80578331341e-06 0.0 0.0
1324 7.80578331341e-06 0.0 0.0
1325 7.80578331341e-06 0.0 0.0
1326 7.80578331341e-06 0.0 0.0
1327 7.80578331341e-06 0.0 0.0
1328 7.80578331341e-06 0.0 0.0
1329 7.80578331341e-06 0.0 0.0
1330 7.80578331341e-06 0.0 0.0
1331 7.80578331341e-06 0.0 0.0
1332 7.80578331341e-06 0.0 0.0
1333 7.80578331341e-06 0.0 0.0
1334 7.80578331341e-06 0.0 0.0
1335 7.80578331341e-06 0.0 0.0
1336 7.80578331341e-06 0.0 0.0
1337 7.80578331341e-06 0.0 0.0
1338 7.80578331341e-06 0.0 0.0
1339 7.80578331341e-06 0.0 0.0
1340 7.80578331341e-06 0.0 0.0
1341 7.80578331341e-06 0.0 0.0
1342 7.80578331341e-06 0.0 0.0
1343 7.80578331341e-06 0.0 0.0
1344 7.80578331341e-06 0.0 0.0
1345 7.80578331341e-06 0.0 0.0
1346 7.80578331341e-06 0.0 0.0
1347 7.80578331341e-06 0.0 0.0
1348 7.80578331341e-06 0.0 0.0
1349 7.80578331341e-06 0.0 0.0
1350 7.80578331341e-06 0.0 0.0
1351 7.80578331341e-06 0.0 0.0
1352 7.80578331341e-06 0.0 0.0
1353 7.80578331341e-06 0.0 0.0
1354 7.80578331341e-06 0.0 0.0
1355 7.80578331341e-06 0.0 0.0
1356 7.80578331341e-06 0.0 0.0
1357 7.80578331341e-06 0.0 0.0
1358 7.80578331341e-06 0.0 0.0
1359 7.80578331341e-06 0.0 0.0
1360 7.80578331341e-06 0.0 0.0
1361 7.80578331341e-06 0.0 0.0
1362 7.80578331341e-06 0.0 0.0
1363 7.80578331341e-06 0.0 0.0
1364 7.80578331341e-06 0.0 0.0
1365 7.80578331341e-06 0.0 0.0
1366 7.80578331341e-06 0.0 0.0
1367 7.80578331341e-06 0.0 0.0
1368 7.80578331341e-06 0.0 0.0
1369 7.80578331341e-06 0.0 0.0
1370 7.80578331341e-06 0.0 0.0
1371 7.80578331341e-06 0.0 0.0
1372 7.80578331341e-06 0.0 0.0
1373 7.80578331341e-06 0.0 0.0
1374 7.80578331341e-06 0.0 0.0
1375 7.80578331341e-06 0.0 0.0
1376 7.80578331341e-06 0.0 0.0
1377 7.80578331341e-06 0.0 0.0
1378 7.80578331341e-06 0.0 0.0
1379 7.80578331341e-06 0.0 0.0
1380 7.80578331341e-06 0.0 0.0
1381 7.80578331341e-06 0.0 0.0
1382 7.80578331341e-06 0.0 0.0
1383 7.80578331341e-06 0.0 0.0
1384 7.80578331341e-06 0.0 0.0
1385 7.80578331341e-06 0.0 0.0
1386 7.80578331341e-06 0.0 0.0
1387 7.80578331341e-06 0.0 0.0
1388 7.80578331341e-06 0.0 0.0
1389 7.80578331341e-06 0.0 0.0
1390 7.80578331341e-06 0.0 0.0
1391 7.80578331341e-06 0.0 0.0
1392 7.80578331341e-06 0.0 0.0
1393 7.80578331341e-06 0.0 0.0
1394 7.80578331341e-06 0.0 0.0
1395 7.80578331341e-06 0.0 0.0
1396 7.80578331341e-06 0.0 0.0
1397 7.80578331341e-06 0.0 0.0
1398 7.80578331341e-06 0.0 0.0
1399 7.80578331341e-06 0.0 0.0
1400 7.80578331341e-06 0.0 0.0
1401 7.80578331341e-06 0.0 0.0
1402 7.80578331341e-06 0.0 0.0
1403 7.80578331341e-06 0.0 0.0
1404 7.80578331341e-06 0.0 0.0
1405 7.80578331341e-06 0.0 0.0
1406 7.80578331341e-06 0.0 0.0
1407 7.80578331341e-06 0.0 0.0
1408 7.80578331341e-06 0.0 0.0
1409 7.80578331341e-06 0.0 0.0
1410 7.80578331341e-06 0.0 0.0
1411 7.80578331341e-06 0.0 0.0
1412 7.80578331341e-06 0.0 0.0
1413 7.80578331341e-06 0.0 0.0
1414 7.80578331341e-06 0.0 0.0
1415 7.80578331341e-06 0.0 0.0
1416 7.80578331341e-06 0.0 0.0
1417 7.80578331341e-06 0.0 0.0
1418 7.80578331341e-06 0.0 0.0
1419 7.80578331341e-06 0.0 0.0
1420 7.80578331341e-06 0.0 0.0
1421 7.80578331341e-06 0.0 0.0
1422 7.80578331341e-06 0.0 0.0
1423 7.80578331341e-06 0.0 0.0
1424 7.80578331341e-06 0.0 0.0
1425 7.80578331341e-06 0.0 0.0
1426 7.80578331341e-06 0.0 0.0
1427 7.80578331341e-06 0.0 0.0
1428 7.80578331341e-06 0.0 0.0
1429 7.80578331341e-06 0.0 0.0
1430 7.80578331341e-06 0.0 0.0
1431 7.80578331341e-06 0.0 0.0
1432 7.80578331341e-06 0.0 0.0
1433 7.80578331341e-06 0.0 0.0
1434 7.80578331341e-06 0.0 0.0
1435 7.80578331341e-06 0.0 0.0
1436 7.80578331341e-06 0.0 0.0
1437 7.80578331341e-06 0.0 0.0
1438 7.80578331341e-06 0.0 0.0
1439 7.80578331341e-06 0.0 0.0
1440 7.80578331341e-06 0.0 0.0
1441 7.80578331341e-06 0.0 0.0
1442 7.80578331341e-06 0.0 0.0
1443 7.80578331341e-06 0.0 0.0
1444 7.80578331341e-06 0.0 0.0
1445 7.80578331341e-06 0.0 0.0
1446 7.80578331341e-06 0.0 0.0
1447 7.80578331341e-06 0.0 0.0
1448 7.80578331341e-06 0.0 0.0
1449 7.80578331341e-06 0.0 0.0
1450 7.80578331341e-06 0.0 0.0
1451 0.000105894273805 0.0 0.0
1452 0.000105894273805 0.0 0.0
1453 0.000105894273805 0.0 0.0
1454 0.000105894273805 0.0 0.0
1455 0.000105894273805 0.0 0.0
1456 0.000105894273805 0.0 0.0
1457 0.000105894273805 0.0 0.0
1458 0.000105894273805 0.0 0.0
1459 0.000105894273805 0.0 0.0
1460 0.000105894273805 0.0 0.0
1461 0.000105894273805 0.0 0.0
1462 0.000105894273805 0.0 0.0
1463 0.000105894273805 0.0 0.0
1464 0.000105894273805 0.0 0.0
1465 0.000105894273805 0.0 0.0
1466 0.000105894273805 0.0 0.0
1467 0.000105894273805 0.0 0.0
1468 0.000105894273805 0.0 0.0
1469 0.000105894273805 0.0 0.0
1470 0.000105894273805 0.0 0.0
1471 0.000105894273805 0.0 0.0
1472 0.000105894273805 0.0 0.0
1473 0.000105894273805 0.0 0.0
1474 0.000105894273805 0.0 0.0
1475 0.000105894273805 0.0 0.0
1476 0.000105894273805 0.0 0.0
1477 0.000105894273805 0.0 0.0
1478 0.000105894273805 0.0 0.0
1479 0.000105894273805 0.0 0.0
1480 0.000105894273805 0.0 0.0
1481 0.000105894273805 0.0 0.0
1482 0.000105894273805 0.0 0.0
1483 0.000105894273805 0.0 0.0
1484 0.000105894273805 0.0 0.0
1485 0.000105894273805 0.0 0.0
1486 0.000105894273805 0.0 0.0
1487 0.000105894273805 0.0 0.0
1488 0.000105894273805 0.0 0.0
1489 0.000105894273805 0.0 0.0
1490 0.000105894273805 0.0 0.0
1491 0.000105894273805 0.0 0.0
1492 0.000105894273805 0.0 0.0
1493 0.000105894273805 0.0 0.0
1494 0.000105894273805 0.0 0.0
1495 0.000105894273805 0.0 0.0
1496 0.000105894273805 0.0 0.0
1497 0.000105894273805 0.0 0.0
1498 0.000105894273805 0.0 0.0
1499 0.000105894273805 0.0 0.0
1500 0.000105894273805 0.0 0.0
1501 0.000105894273805 0.0 0.0
1502 0.000105894273805 0.0 0.0
1503 0.000105894273805 0.0 0.0
1504 0.000105894273805 0.0 0.0
1505 0.000105894273805 0.0 0.0
1506 0.000105894273805 0.0 0.0
1507 0.000105894273805 0.0 0.0
1508 0.000105894273805 0.0 0.0
1509 0.000105894273805 0.0 0.0
1510 0.000105894273805 0.0 0.0
1511 0.000105894273805 0.0 0.0
1512 0.000105894273805 0.0 0.0
1513 0.000105894273805 0.0 0.0
1514 0.000105894273805 0.0 0.0
1515 0.000105894273805 0.0 0.0
1516 0.000105894273805 0.0 0.0
1517 0.000105894273805 0.0 0.0
1518 0.000105894273805 0.0 0.0
1519 0.000105894273805 0.0 0.0
1520 0.000105894273805 0.0 0.0
1521 0.000105894273805 0.0 0.0
1522 0.000105894273805 0.0 0.0
1523 0.000105894273805 0.0 0.0
1524 0.000105894273805 0.0 0.0
1525 0.000105894273805 0.0 0.0
1526 0.000105894273805 0.0 0.0
1527 0.000105894273805 0.0 0.0
1528 0.000105894273805 0.0 0.0
1529 0.000105894273805 0.0 0.0
1530 0.000105894273805 0.0 0.0
1531 0.000105894273805 0.0 0.0
1532 0.000105894273805 0.0 0.0
1533 0.000105894273805 0.0 0.0
1534 0.000105894273805 0.0 0.0
1535 0.000105894273805 0.0 0.0
1536 0.000105894273805 0.0 0.0
1537 0.000105894273805 0.0 0.0
1538 0.000105894273805 0.0 0.0
1539 0.000105894273805 0.0 0.0
1540 0.000105894273805 0.0 0.0
1541 0.000105894273805 0.0 0.0
1542 0.000105894273805 0.0 0.0
1543 0.000105894273805 0.0 0.0
1544 0.000105894273805 0.0 0.0
1545 0.000105894273805 0.0 0.0
1546 0.000105894273805 0.0 0.0
1547 0.000105894273805 0.0 0.0
1548 0.000105894273805 0.0 0.0
1549 0.000105894273805 0.0 0.0
1550 0.000105894273805 0.0 0.0
1551 0.000670961780927 0.0 0.0
1552 0.000670961780927 0.0 0.0
1553 0.000670961780927 0.0 0.0
1554 0.000670961780927 0.0 0.0
1555 0.000670961780927 0.0 0.0
1556 0.000670961780927 0.0 0.0
1557 0.000670961780927 0.0 0.0
1558 0.000670961780927 0.0 0.0
1559 0.000670961780927 0.0 0.0
1560 0.000670961780927 0.0 0.0
1561 0.000670961780927 0.0 0.0
1562 0.000670961780927 0.0 0.0
1563 0.000670961780927 0.0 0.0
1564 0.000670961780927 0.0 0.0
1565 0.000670961780927 0.0 0.0
1566 0.000670961780927 0.0 0.0
1567 0.000670961780927 0.0 0.0
1568 0.000670961780927 0.0 0.0
1569 0.000670961780927 0.0 0.0
1570 0.000670961780927 0.0 0.0
1571 0.000670961780927 0.0 0.0
1572 0.000670961780927 0.0 0.0
1573 0.000670961780927 0.0 0.0
1574 0.000670961780927 0.0 0.0
1575 0.000670961780927 0.0 0.0
1576 0.000670961780927 0.0 0.0
1577 0.000670961780927 0.0 0.0
1578 0.000670961780927 0.0 0.0
1579 0.000670961780927 0.0 0.0
1580 0.000670961780927 0.0 0.0
1581 0.000670961780927 0.0 0.0
1582 0.000670961780927 0.0 0.0
1583 0.000670961780927 0.0 0.0
1584 0.000670961780927 0.0 0.0
1585 0.000670961780927 0.0 0.0
1586 0.000670961780927 0.0 0.0
1587 0.000670961780927 0.0 0.0
1588 0.000670961780927 0.0 0.0
1589 0.000670961780927 0.0 0.0
1590 0.000670961780927 0.0 0.0
1591 0.000670961780927 0.0 0.0
1592 0.000670961780927 0.0 0.0
1593 0.000670961780927 0.0 0.0
1594 0.000670961780927 0.0 0.0
1595 0.000670961780927 0.0 0.0
1596 0.000670961780927 0.0 0.0
1597 0.000670961780927 0.0 0.0
1598 0.000670961780927 0.0 0.0
1599 0.000670961780927 0.0 0.0
1600 0.000670961780927 0.0 0.0
1601 0.000670961780927 0.0 0.0
1602 0.000670961780927 0.0 0.0
1603 0.000670961780927 0.0 0.0
1604 0.000670961780927 0.0 0.0
1605 0.000670961780927 0.0 0.0
1606 0.000670961780927 0.0 0.0
1607 0.000670961780927 0.0 0.0
1608 0.000670961780927 0.0 0.0
1609 0.000670961780927 0.0 0.0
1610 0.000670961780927 0.0 0.0
1611 0.000670961780927 0.0 0.0
1612 0.000670961780927 0.0 0.0
1613 0.000670961780927 0.0 0.0
1614 0.000670961780927 0.0 0.0
1615 0.000670961780927 0.0 0.0
1616 0.000670961780927 0.0 0.0
1617 0.000670961780927 0.0 0.0
1618 0.000670961780927 0.0 0.0
1619 0.000670961780927 0.0 0.0
1620 0.000670961780927 0.0 0.0
1621 0.000670961780927 0.0 0.0
1622 0.000670961780927 0.0 0.0
1623 0.000670961780927 0.0 0.0
1624 0.000670961780927 0.0 0.0
1625 0.000670961780927 0.0 0.0
1626 0.000670961780927 0.0 0.0
1627 0.000670961780927 0.0 0.0
1628 0.000670961780927 0.0 0.0
1629 0.000670961780927 0.0 0.0
1630 0.000670961780927 0.0 0.0
1631 0.000670961780927 0.0 0.0
1632 0.000670961780927 0.0 0.0
1633 0.000670961780927 0.0 0.0
1634 0.000670961780927 0.0 0.0
1635 0.000670961780927 0.0 0.0
1636 0.000670961780927 0.0 0.0
1637 0.000670961780927 0.0 0.0
1638 0.000670961780927 0.0 0.0
1639 0.000670961780927 0.0 0.0
1640 0.000670961780927 0.0 0.0
1641 0.000670961780927 0.0 0.0
1642 0.000670961780927 0.0 0.0
1643 0.000670961780927 0.0 0.0
1644 0.000670961780927 0.0 0.0
1645 0.000670961780927 0.0 0.0
1646 0.000670961780927 0.0 0.0
1647 0.000670961780927 0.0 0.0
1648 0.000670961780927 0.0 0.0
1649 0.000670961780927 0.0 0.0
1650 0.000670961780927 0.0 0.0
1651 0.000670961780927 0.0 0.0
1652 0.000670961780927 0.0 0.0
1653 0.000670961780927 0.0 0.0
1654 0.000670961780927 0.0 0.0
1655 0.000670961780927 0.0 0.0
1656 0.000670961780927 0.0 0.0
1657 0.000670961780927 0.0 0.0
1658 0.000670961780927 0.0 0.0
1659 0.000670961780927 0.0 0.0
1660 0.000670961780927 0.0 0.0
1661 0.000670961780927 0.0 0.0
1662 0.000670961780927 0.0 0.0
1663 0.000670961780927 0.0 0.0
1664 0.000670961780927 0.0 0.0
1665 0.000670961780927 0.0 0.0
1666 0.000670961780927 0.0 0.0
1667 0.000670961780927 0.0 0.0
1668 0.000670961780927 0.0 0.0
1669 0.000670961780927 0.0 0.0
1670 0.000670961780927 0.0 0.0
1671 0.000670961780927 0.0 0.0
1672 0.000670961780927 0.0 0.0
1673 0.000670961780927 0.0 0.0
1674 0.000670961780927 0.0 0.0
1675 0.000670961780927 0.0 0.0
1676 0.000670961780927 0.0 0.0
1677 0.000670961780927 0.0 0.0
1678 0.000670961780927 0.0 0.0
1679 0.000670961780927 0.0 0.0
1680 0.000670961780927 0.0 0.0
1681 0.000670961780927 0.0 0.0
1682 0.000670961780927 0.0 0.0
1683 0.000670961780927 0.0 0.0
1684 0.000670961780927 0.0 0.0
1685 0.000670961780927 0.0 0.0
1686 0.000670961780927 0.0 0.0
1687 0.000670961780927 0.0 0.0
1688 0.000670961780927 0.0 0.0
1689 0.000670961780927 0.0 0.0
1690 0.000670961780927 0.0 0.0
1691 0.000670961780927 0.0 0.0
1692 0.000670961780927 0.0 0.0
1693 0.000670961780927 0.0 0.0
1694 0.000670961780927 0.0 0.0
1695 0.000670961780927 0.0 0.0
1696 0.000670961780927 0.0 0.0
1697 0.000670961780927 0.0 0.0
1698 0.000670961780927 0.0 0.0
1699 0.000670961780927 0.0 0.0
1700 0.000670961780927 0.0 0.0
1701 0.000670961780927 0.0 0.0
1702 0.000670961780927 0.0 0.0
1703 0.000670961780927 0.0 0.0
1704 0.000670961780927 0.0 0.0
1705 0.000670961780927 0.0 0.0
1706 0.000670961780927 0.0 0.0
1707 0.000670961780927 0.0 0.0
1708 0.000670961780927 0.0 0.0
1709 0.000670961780927 0.0 0.0
1710 0.000670961780927 0.0 0.0
1711 0.000670961780927 0.0 0.0
1712 0.000670961780927 0.0 0.0
1713 0.000670961780927 0.0 0.0
1714 0.000670961780927 0.0 0.0
1715 0.000670961780927 0.0 0.0
1716 0.000670961780927 0.0 0.0
1717 0.000670961780927 0.0 0.0
1718 0.000670961780927 0.0 0.0
1719 0.000670961780927 0.0 0.0
1720 0.000670961780927 0.0 0.0
1721 0.000670961780927 0.0 0.0
1722 0.000670961780927 0.0 0.0
1723 0.000670961780927 0.0 0.0
1724 0.000670961780927 0.0 0.0
1725 0.000670961780927 0.0 0.0
1726 0.000670961780927 0.0 0.0
1727 0.000670961780927 0.0 0.0
1728 0.000670961780927 0.0 0.0
1729 0.000670961780927 0.0 0.0
1730 0.000670961780927 0.0 0.0
1731 0.000670961780927 0.0 0.0
1732 0.000670961780927 0.0 0.0
1733 0.000670961780927 0.0 0.0
1734 0.000670961780927 0.0 0.0
1735 0.000670961780927 0.0 0.0
1736 0.000670961780927 0.0 0.0
1737 0.000670961780927 0.0 0.0
1738 0.000670961780927 0.0 0.0
1739 0.000670961780927 0.0 0.0
1740 0.000670961780927 0.0 0.0
1741 0.000670961780927 0.0 0.0
1742 0.000670961780927 0.0 0.0
1743 0.000670961780927 0.0 0.0
1744 0.000670961780927 0.0 0.0
1745 0.000670961780927 0.0 0.0
1746 0.000670961780927 0.0 0.0
1747 0.000670961780927 0.0 0.0
1748 0.000670961780927 0.0 0.0
1749 0.000670961780927 0.0 0.0
1750 0.000670961780927 0.0 0.0
