0 0.0 0.0 0.0
1 0.0 0.0 0.0
2 -0.00012985831449 0.0 0.0
3 -0.00012985831449 0.0 0.0
4 0.000659528504158 0.0 0.0
5 0.000659528504158 0.0 0.0
6 -0.000171691681848 0.0 0.0
7 -0.000171691681848 0.0 0.0
8 -0.000171691681848 0.0 0.0
9 -0.000171691681848 0.0 0.0
10 -0.000171691681848 0.0 0.0
11 -0.000171691681848 0.0 0.0
12 0.000195819508262 0.0 0.0
13 0.000195819508262 0.0 0.0
14 0.000195819508262 0.0 0.0
15 0.000195819508262 0.0 0.0
16 0.000195819508262 0.0 0.0
17 0.000195819508262 0.0 0.0
18 0.000195819508262 0.0 0.0
19 0.000195819508262 0.0 0.0
20 0.000195819508262 0.0 0.0
21 0.000195819508262 0.0 0.0
22 0.000195819508262 0.0 0.0
23 0.000195819508262 0.0 0.0
24 0.000195819508262 0.0 0.0
25 0.000195819508262 0.0 0.0
26 0.000195819508262 0.0 0.0
27 0.000195819508262 0.0 0.0
28 0.000195819508262 0.0 0.0
29 0.000195819508262 0.0 0.0
30 0.000213169316055 0.0 0.0
31 0.000213169316055 0.0 0.0
32 0.000213169316055 0.0 0.0
33 0.000213169316055 0.0 0.0
34 0.000213169316055 0.0 0.0
35 0.000213169316055 0.0 0.0
36 0.000213169316055 0.0 0.0
37 0.000213169316055 0.0 0.0
38 0.000213169316055 0.0 0.0
39 0.000213169316055 0.0 0.0
40 0.000213169316055 0.0 0.0
41 0.000213169316055 0.0 0.0
42 0.000213169316055 0.0 0.0
43 0.000213169316055 0.0 0.0
44 0.000213169316055 0.0 0.0
45 0.000213169316055 0.0 0.0
46 -5.96194145001e-05 0.0 0.0
47 -5.96194145001e-05 0.0 0.0
48 -5.96194145001e-05 0.0 0.0
49 -5.96194145001e-05 0.0 0.0
50 -5.96194145001e-05 0.0 0.0
51 -5.96194145001e-05 0.0 0.0
52 -5.96194145001e-05 0.0 0.0
53 -5.96194145001e-05 0.0 0.0
54 -5.96194145001e-05 0.0 0.0
55 -5.96194145001e-05 0.0 0.0
56 -5.96194145001e-05 0.0 0.0
57 -5.96194145001e-05 0.0 0.0
58 -5.96194145001e-05 0.0 0.0
59 -5.96194145001e-05 0.0 0.0
60 -5.96194145001e-05 0.0 0.0
61 -5.96194145001e-05 0.0 0.0
62 -5.96194145001e-05 0.0 0.0
63 -5.96194145001e-05 0.0 0.0
64 -5.96194145001e-05 0.0 0.0
65 -5.96194145001e-05 0.0 0.0
66 -5.96194145001e-05 0.0 0.0
67 -5.96194145001e-05 0.0 0.0
68 -5.96194145001e-05 0.0 0.0
69 -5.96194145001e-05 0.0 0.0
70 -5.96194145001e-05 0.0 0.0
71 -5.96194145001e-05 0.0 0.0
72 -5.96194145001e-05 0.0 0.0
73 -5.96194145001e-05 0.0 0.0
74 -5.96194145001e-05 0.0 0.0
75 -5.96194145001e-05 0.0 0.0
76 3.10641041782e-05 0.0 0.0
77 3.10641041782e-05 0.0 0.0
78 3.10641041782e-05 0.0 0.0
79 3.10641041782e-05 0.0 0.0
80 3.10641041782e-05 0.0 0.0
81 3.10641041782e-05 0.0 0.0
82 3.10641041782e-05 0.0 0.0
83 3.10641041782e-05 0.0 0.0
84 3.10641041782e-05 0.0 0.0
85 3.10641041782e-05 0.0 0.0
86 3.10641041782e-05 0.0 0.0
87 3.10641041782e-05 0.0 0.0
88 3.10641041782e-05 0.0 0.0
89 3.10641041782e-05 0.0 0.0
90 3.10641041782e-05 0.0 0.0
91 4.38355269771e-05 0.0 0.0
92 4.38355269771e-05 0.0 0.0
93 4.38355269771e-05 0.0 0.0
94 4.38355269771e-05 0.0 0.0
95 4.38355269771e-05 0.0 0.0
96 4.38355269771e-05 0.0 0.0
97 4.38355269771e-05 0.0 0.0
98 4.38355269771e-05 0.0 0.0
99 4.38355269771e-05 0.0 0.0
100 4.38355269771e-05 0.0 0.0
101 4.38355269771e-05 0.0 0.0
102 4.38355269771e-05 0.0 0.0
103 4.38355269771e-05 0.0 0.0
104 4.38355269771e-05 0.0 0.0
105 4.38355269771e-05 0.0 0.0
106 4.38355269771e-05 0.0 0.0
107 4.38355269771e-05 0.0 0.0
108 4.38355269771e-05 0.0 0.0
109 4.38355269771e-05 0.0 0.0
110 4.38355269771e-05 0.0 0.0
111 4.38355269771e-05 0.0 0.0
112 4.38355269771e-05 0.0 0.0
113 4.38355269771e-05 0.0 0.0
114 4.38355269771e-05 0.0 0.0
115 4.38355269771e-05 0.0 0.0
116 4.38355269771e-05 0.0 0.0
117 4.38355269771e-05 0.0 0.0
118 4.38355269771e-05 0.0 0.0
119 4.38355269771e-05 0.0 0.0
120 4.38355269771e-05 0.0 0.0
121 4.70151634458e-05 0.0 0.0
122 4.70151634458e-05 0.0 0.0
123 4.70151634458e-05 0.0 0.0
124 4.70151634458e-05 0.0 0.0
125 4.70151634458e-05 0.0 0.0
126 4.70151634458e-05 0.0 0.0
127 4.70151634458e-05 0.0 0.0
128 4.70151634458e-05 0.0 0.0
129 4.70151634458e-05 0.0 0.0
130 4.70151634458e-05 0.0 0.0
131 4.70151634458e-05 0.0 0.0
132 4.70151634458e-05 0.0 0.0
133 4.70151634458e-05 0.0 0.0
134 4.70151634458e-05 0.0 0.0
135 4.70151634458e-05 0.0 0.0
136 2.31473559642e-05 0.0 0.0
137 2.31473559642e-05 0.0 0.0
138 2.31473559642e-05 0.0 0.0
139 2.31473559642e-05 0.0 0.0
140 2.31473559642e-05 0.0 0.0
141 2.31473559642e-05 0.0 0.0
142 2.31473559642e-05 0.0 0.0
143 2.31473559642e-05 0.0 0.0
144 2.31473559642e-05 0.0 0.0
145 2.31473559642e-05 0.0 0.0
146 2.31473559642e-05 0.0 0.0
147 2.31473559642e-05 0.0 0.0
148 2.31473559642e-05 0.0 0.0
149 2.31473559642e-05 0.0 0.0
150 2.31473559642e-05 0.0 0.0
151 2.31473559642e-05 0.0 0.0
152 2.31473559642e-05 0.0 0.0
153 2.31473559642e-05 0.0 0.0
154 2.31473559642e-05 0.0 0.0
155 2.31473559642e-05 0.0 0.0
156 2.31473559642e-05 0.0 0.0
157 2.31473559642e-05 0.0 0.0
158 2.31473559642e-05 0.0 0.0
159 2.31473559642e-05 0.0 0.0
160 2.31473559642e-05 0.0 0.0
161 6.5219559606e-05 0.0 0.0
162 6.5219559606e-05 0.0 0.0
163 6.5219559606e-05 0.0 0.0
164 6.5219559606e-05 0.0 0.0
165 6.5219559606e-05 0.0 0.0
166 6.5219559606e-05 0.0 0.0
167 6.5219559606e-05 0.0 0.0
168 6.5219559606e-05 0.0 0.0
169 6.5219559606e-05 0.0 0.0
170 6.5219559606e-05 0.0 0.0
171 6.5219559606e-05 0.0 0.0
172 6.5219559606e-05 0.0 0.0
173 6.5219559606e-05 0.0 0.0
174 6.5219559606e-05 0.0 0.0
175 6.5219559606e-05 0.0 0.0
176 6.5219559606e-05 0.0 0.0
177 6.5219559606e-05 0.0 0.0
178 6.5219559606e-05 0.0 0.0
179 6.5219559606e-05 0.0 0.0
180 6.5219559606e-05 0.0 0.0
181 6.5219559606e-05 0.0 0.0
182 6.5219559606e-05 0.0 0.0
183 6.5219559606e-05 0.0 0.0
184 6.5219559606e-05 0.0 0.0
185 6.5219559606e-05 0.0 0.0
186 6.5219559606e-05 0.0 0.0
187 6.5219559606e-05 0.0 0.0
188 6.5219559606e-05 0.0 0.0
189 6.5219559606e-05 0.0 0.0
190 6.5219559606e-05 0.0 0.0
191 6.5219559606e-05 0.0 0.0
192 6.5219559606e-05 0.0 0.0
193 6.5219559606e-05 0.0 0.0
194 6.5219559606e-05 0.0 0.0
195 6.5219559606e-05 0.0 0.0
196 6.5219559606e-05 0.0 0.0
197 6.5219559606e-05 0.0 0.0
198 6.5219559606e-05 0.0 0.0
199 6.5219559606e-05 0.0 0.0
200 6.5219559606e-05 0.0 0.0
201 2.17598658974e-05 0.0 0.0
202 2.17598658974e-05 0.0 0.0
203 2.17598658974e-05 0.0 0.0
204 2.17598658974e-05 0.0 0.0
205 2.17598658974e-05 0.0 0.0
206 2.17598658974e-05 0.0 0.0
207 2.17598658974e-05 0.0 0.0
208 2.17598658974e-05 0.0 0.0
209 2.17598658974e-05 0.0 0.0
210 2.17598658974e-05 0.0 0.0
211 2.17598658974e-05 0.0 0.0
212 2.17598658974e-05 0.0 0.0
213 2.17598658974e-05 0.0 0.0
214 2.17598658974e-05 0.0 0.0
215 2.17598658974e-05 0.0 0.0
216 2.17598658974e-05 0.0 0.0
217 2.17598658974e-05 0.0 0.0
218 2.17598658974e-05 0.0 0.0
219 2.17598658974e-05 0.0 0.0
220 2.17598658974e-05 0.0 0.0
221 2.17598658974e-05 0.0 0.0
222 2.17598658974e-05 0.0 0.0
223 2.17598658974e-05 0.0 0.0
224 2.17598658974e-05 0.0 0.0
225 2.17598658974e-05 0.0 0.0
226 2.17598658974e-05 0.0 0.0
227 2.17598658974e-05 0.0 0.0
228 2.17598658974e-05 0.0 0.0
229 2.17598658974e-05 0.0 0.0
230 2.17598658974e-05 0.0 0.0
231 2.17598658974e-05 0.0 0.0
232 2.17598658974e-05 0.0 0.0
233 2.17598658974e-05 0.0 0.0
234 2.17598658974e-05 0.0 0.0
235 2.17598658974e-05 0.0 0.0
236 2.17598658974e-05 0.0 0.0
237 2.17598658974e-05 0.0 0.0
238 2.17598658974e-05 0.0 0.0
239 2.17598658974e-05 0.0 0.0
240 2.17598658974e-05 0.0 0.0
241 2.17598658974e-05 0.0 0.0
242 2.17598658974e-05 0.0 0.0
243 2.17598658974e-05 0.0 0.0
244 2.17598658974e-05 0.0 0.0
245 2.17598658974e-05 0.0 0.0
246 2.17598658974e-05 0.0 0.0
247 2.17598658974e-05 0.0 0.0
248 2.17598658974e-05 0.0 0.0
249 2.17598658974e-05 0.0 0.0
250 2.17598658974e-05 0.0 0.0
251 2.17598658974e-05 0.0 0.0
252 2.17598658974e-05 0.0 0.0
253 2.17598658974e-05 0.0 0.0
254 2.17598658974e-05 0.0 0.0
255 2.17598658974e-05 0.0 0.0
256 2.17598658974e-05 0.0 0.0
257 2.17598658974e-05 0.0 0.0
258 2.17598658974e-05 0.0 0.0
259 2.17598658974e-05 0.0 0.0
260 2.17598658974e-05 0.0 0.0
261 2.17598658974e-05 0.0 0.0
262 2.17598658974e-05 0.0 0.0
263 2.17598658974e-05 0.0 0.0
264 2.17598658974e-05 0.0 0.0
265 2.17598658974e-05 0.0 0.0
266 2.17598658974e-05 0.0 0.0
267 2.17598658974e-05 0.0 0.0
268 2.17598658974e-05 0.0 0.0
269 2.17598658974e-05 0.0 0.0
270 2.17598658974e-05 0.0 0.0
271 -7.78338831955e-05 0.0 0.0
272 -7.78338831955e-05 0.0 0.0
273 -7.78338831955e-05 0.0 0.0
274 -7.78338831955e-05 0.0 0.0
275 -7.78338831955e-05 0.0 0.0
276 -7.78338831955e-05 0.0 0.0
277 -7.78338831955e-05 0.0 0.0
278 -7.78338831955e-05 0.0 0.0
279 -7.78338831955e-05 0.0 0.0
280 -7.78338831955e-05 0.0 0.0
281 -7.78338831955e-05 0.0 0.0
282 -7.78338831955e-05 0.0 0.0
283 -7.78338831955e-05 0.0 0.0
284 -7.78338831955e-05 0.0 0.0
285 -7.78338831955e-05 0.0 0.0
286 -7.78338831955e-05 0.0 0.0
287 -7.78338831955e-05 0.0 0.0
288 -7.78338831955e-05 0.0 0.0
289 -7.78338831955e-05 0.0 0.0
290 -7.78338831955e-05 0.0 0.0
291 -7.78338831955e-05 0.0 0.0
292 -7.78338831955e-05 0.0 0.0
293 -7.78338831955e-05 0.0 0.0
294 -7.78338831955e-05 0.0 0.0
295 -7.78338831955e-05 0.0 0.0
296 -7.78338831955e-05 0.0 0.0
297 -7.78338831955e-05 0.0 0.0
298 -7.78338831955e-05 0.0 0.0
299 -7.78338831955e-05 0.0 0.0
300 -7.78338831955e-05 0.0 0.0
301 -7.78338831955e-05 0.0 0.0
302 -7.78338831955e-05 0.0 0.0
303 -7.78338831955e-05 0.0 0.0
304 -7.78338831955e-05 0.0 0.0
305 -7.78338831955e-05 0.0 0.0
306 -7.78338831955e-05 0.0 0.0
307 -7.78338831955e-05 0.0 0.0
308 -7.78338831955e-05 0.0 0.0
309 -7.78338831955e-05 0.0 0.0
310 -7.78338831955e-05 0.0 0.0
311 -7.78338831955e-05 0.0 0.0
312 -7.78338831955e-05 0.0 0.0
313 -7.78338831955e-05 0.0 0.0
314 -7.78338831955e-05 0.0 0.0
315 -7.78338831955e-05 0.0 0.0
316 -7.78338831955e-05 0.0 0.0
317 -7.78338831955e-05 0.0 0.0
318 -7.78338831955e-05 0.0 0.0
319 -7.78338831955e-05 0.0 0.0
320 -7.78338831955e-05 0.0 0.0
321 -7.78338831955e-05 0.0 0.0
322 -7.78338831955e-05 0.0 0.0
323 -7.78338831955e-05 0.0 0.0
324 -7.78338831955e-05 0.0 0.0
325 -7.78338831955e-05 0.0 0.0
326 0.000162609558571 0.0 0.0
327 0.000162609558571 0.0 0.0
328 0.000162609558571 0.0 0.0
329 0.000162609558571 0.0 0.0
330 0.000162609558571 0.0 0.0
331 0.000162609558571 0.0 0.0
332 0.000162609558571 0.0 0.0
333 0.000162609558571 0.0 0.0
334 0.000162609558571 0.0 0.0
335 0.000162609558571 0.0 0.0
336 0.000162609558571 0.0 0.0
337 0.000162609558571 0.0 0.0
338 0.000162609558571 0.0 0.0
339 0.000162609558571 0.0 0.0
340 0.000162609558571 0.0 0.0
341 0.000162609558571 0.0 0.0
342 0.000162609558571 0.0 0.0
343 0.000162609558571 0.0 0.0
344 0.000162609558571 0.0 0.0
345 0.000162609558571 0.0 0.0
346 0.000162609558571 0.0 0.0
347 0.000162609558571 0.0 0.0
348 0.000162609558571 0.0 0.0
349 0.000162609558571 0.0 0.0
350 0.000162609558571 0.0 0.0
351 0.000162609558571 0.0 0.0
352 0.000162609558571 0.0 0.0
353 0.000162609558571 0.0 0.0
354 0.000162609558571 0.0 0.0
355 0.000162609558571 0.0 0.0
356 0.000162609558571 0.0 0.0
357 0.000162609558571 0.0 0.0
358 0.000162609558571 0.0 0.0
359 0.000162609558571 0.0 0.0
360 0.000162609558571 0.0 0.0
361 0.000162609558571 0.0 0.0
362 0.000162609558571 0.0 0.0
363 0.000162609558571 0.0 0.0
364 0.000162609558571 0.0 0.0
365 0.000162609558571 0.0 0.0
366 0.000162609558571 0.0 0.0
367 0.000162609558571 0.0 0.0
368 0.000162609558571 0.0 0.0
369 0.000162609558571 0.0 0.0
370 0.000162609558571 0.0 0.0
371 0.000162609558571 0.0 0.0
372 0.000162609558571 0.0 0.0
373 0.000162609558571 0.0 0.0
374 0.000162609558571 0.0 0.0
375 0.000162609558571 0.0 0.0
376 0.000129426811909 0.0 0.0
377 0.000129426811909 0.0 0.0
378 0.000129426811909 0.0 0.0
379 0.000129426811909 0.0 0.0
380 0.000129426811909 0.0 0.0
381 0.000129426811909 0.0 0.0
382 0.000129426811909 0.0 0.0
383 0.000129426811909 0.0 0.0
384 0.000129426811909 0.0 0.0
385 0.000129426811909 0.0 0.0
386 0.000129426811909 0.0 0.0
387 0.000129426811909 0.0 0.0
388 0.000129426811909 0.0 0.0
389 0.000129426811909 0.0 0.0
390 0.000129426811909 0.0 0.0
391 0.000129426811909 0.0 0.0
392 0.000129426811909 0.0 0.0
393 0.000129426811909 0.0 0.0
394 0.000129426811909 0.0 0.0
395 0.000129426811909 0.0 0.0
396 0.000129426811909 0.0 0.0
397 0.000129426811909 0.0 0.0
398 0.000129426811909 0.0 0.0
399 0.000129426811909 0.0 0.0
400 0.000129426811909 0.0 0.0
401 0.000129426811909 0.0 0.0
402 0.000129426811909 0.0 0.0
403 0.000129426811909 0.0 0.0
404 0.000129426811909 0.0 0.0
405 0.000129426811909 0.0 0.0
406 0.000129426811909 0.0 0.0
407 0.000129426811909 0.0 0.0
408 0.000129426811909 0.0 0.0
409 0.000129426811909 0.0 0.0
410 0.000129426811909 0.0 0.0
411 0.000129426811909 0.0 0.0
412 0.000129426811909 0.0 0.0
413 0.000129426811909 0.0 0.0
414 0.000129426811909 0.0 0.0
415 0.000129426811909 0.0 0.0
416 0.000129426811909 0.0 0.0
417 0.000129426811909 0.0 0.0
418 0.000129426811909 0.0 0.0
419 0.000129426811909 0.0 0.0
420 0.000129426811909 0.0 0.0
421 0.000129426811909 0.0 0.0
422 0.000129426811909 0.0 0.0
423 0.000129426811909 0.0 0.0
424 0.000129426811909 0.0 0.0
425 0.000129426811909 0.0 0.0
426 -4.40663641889e-05 0.0 0.0
427 -4.40663641889e-05 0.0 0.0
428 -4.40663641889e-05 0.0 0.0
429 -4.40663641889e-05 0.0 0.0
430 -4.40663641889e-05 0.0 0.0
431 -4.40663641889e-05 0.0 0.0
432 -4.40663641889e-05 0.0 0.0
433 -4.40663641889e-05 0.0 0.0
434 -4.40663641889e-05 0.0 0.0
435 -4.40663641889e-05 0.0 0.0
436 -4.40663641889e-05 0.0 0.0
437 -4.40663641889e-05 0.0 0.0
438 -4.40663641889e-05 0.0 0.0
439 -4.40663641889e-05 0.0 0.0
440 -4.40663641889e-05 0.0 0.0
441 -4.40663641889e-05 0.0 0.0
442 -4.40663641889e-05 0.0 0.0
443 -4.40663641889e-05 0.0 0.0
444 -4.40663641889e-05 0.0 0.0
445 -4.40663641889e-05 0.0 0.0
446 -4.40663641889e-05 0.0 0.0
447 -4.40663641889e-05 0.0 0.0
448 -4.40663641889e-05 0.0 0.0
449 -4.40663641889e-05 0.0 0.0
450 -4.40663641889e-05 0.0 0.0
451 -4.40663641889e-05 0.0 0.0
452 -4.40663641889e-05 0.0 0.0
453 -4.40663641889e-05 0.0 0.0
454 -4.40663641889e-05 0.0 0.0
455 -4.40663641889e-05 0.0 0.0
456 -4.40663641889e-05 0.0 0.0
457 -4.40663641889e-05 0.0 0.0
458 -4.40663641889e-05 0.0 0.0
459 -4.40663641889e-05 0.0 0.0
460 -4.40663641889e-05 0.0 0.0
461 -4.40663641889e-05 0.0 0.0
462 -4.40663641889e-05 0.0 0.0
463 -4.40663641889e-05 0.0 0.0
464 -4.40663641889e-05 0.0 0.0
465 -4.40663641889e-05 0.0 0.0
466 -4.40663641889e-05 0.0 0.0
467 -4.40663641889e-05 0.0 0.0
468 -4.40663641889e-05 0.0 0.0
469 -4.40663641889e-05 0.0 0.0
470 -4.40663641889e-05 0.0 0.0
471 -4.40663641889e-05 0.0 0.0
472 -4.40663641889e-05 0.0 0.0
473 -4.40663641889e-05 0.0 0.0
474 -4.40663641889e-05 0.0 0.0
475 -4.40663641889e-05 0.0 0.0
476 -0.000110482444045 0.0 0.0
477 -0.000110482444045 0.0 0.0
478 -0.000110482444045 0.0 0.0
479 -0.000110482444045 0.0 0.0
480 -0.000110482444045 0.0 0.0
481 -0.000110482444045 0.0 0.0
482 -0.000110482444045 0.0 0.0
483 -0.000110482444045 0.0 0.0
484 -0.000110482444045 0.0 0.0
485 -0.000110482444045 0.0 0.0
486 -0.000110482444045 0.0 0.0
487 -0.000110482444045 0.0 0.0
488 -0.000110482444045 0.0 0.0
489 -0.000110482444045 0.0 0.0
490 -0.000110482444045 0.0 0.0
491 -0.000110482444045 0.0 0.0
492 -0.000110482444045 0.0 0.0
493 -0.000110482444045 0.0 0.0
494 -0.000110482444045 0.0 0.0
495 -0.000110482444045 0.0 0.0
496 -0.000110482444045 0.0 0.0
497 -0.000110482444045 0.0 0.0
498 -0.000110482444045 0.0 0.0
499 -0.000110482444045 0.0 0.0
500 -0.000110482444045 0.0 0.0
501 -0.000110482444045 0.0 0.0
502 -0.000110482444045 0.0 0.0
503 -0.000110482444045 0.0 0.0
504 -0.000110482444045 0.0 0.0
505 -0.000110482444045 0.0 0.0
506 -0.000110482444045 0.0 0.0
507 -0.000110482444045 0.0 0.0
508 -0.000110482444045 0.0 0.0
509 -0.000110482444045 0.0 0.0
510 -0.000110482444045 0.0 0.0
511 -0.000110482444045 0.0 0.0
512 -0.000110482444045 0.0 0.0
513 -0.000110482444045 0.0 0.0
514 -0.000110482444045 0.0 0.0
515 -0.000110482444045 0.0 0.0
516 -0.000110482444045 0.0 0.0
517 -0.000110482444045 0.0 0.0
518 -0.000110482444045 0.0 0.0
519 -0.000110482444045 0.0 0.0
520 -0.000110482444045 0.0 0.0
521 -0.000110482444045 0.0 0.0
522 -0.000110482444045 0.0 0.0
523 -0.000110482444045 0.0 0.0
524 -0.000110482444045 0.0 0.0
525 -0.000110482444045 0.0 0.0
526 -0.000119601555582 0.0 0.0
527 -0.000119601555582 0.0 0.0
528 -0.000119601555582 0.0 0.0
529 -0.000119601555582 0.0 0.0
530 -0.000119601555582 0.0 0.0
531 -0.000119601555582 0.0 0.0
532 -0.000119601555582 0.0 0.0
533 -0.000119601555582 0.0 0.0
534 -0.000119601555582 0.0 0.0
535 -0.000119601555582 0.0 0.0
536 -0.000119601555582 0.0 0.0
537 -0.000119601555582 0.0 0.0
538 -0.000119601555582 0.0 0.0
539 -0.000119601555582 0.0 0.0
540 -0.000119601555582 0.0 0.0
541 -0.000119601555582 0.0 0.0
542 -0.000119601555582 0.0 0.0
543 -0.000119601555582 0.0 0.0
544 -0.000119601555582 0.0 0.0
545 -0.000119601555582 0.0 0.0
546 -0.000119601555582 0.0 0.0
547 -0.000119601555582 0.0 0.0
548 -0.000119601555582 0.0 0.0
549 -0.000119601555582 0.0 0.0
550 -0.000119601555582 0.0 0.0
551 -0.000119601555582 0.0 0.0
552 -0.000119601555582 0.0 0.0
553 -0.000119601555582 0.0 0.0
554 -0.000119601555582 0.0 0.0
555 -0.000119601555582 0.0 0.0
556 -0.000119601555582 0.0 0.0
557 -0.000119601555582 0.0 0.0
558 -0.000119601555582 0.0 0.0
559 -0.000119601555582 0.0 0.0
560 -0.000119601555582 0.0 0.0
561 -0.000119601555582 0.0 0.0
562 -0.000119601555582 0.0 0.0
563 -0.000119601555582 0.0 0.0
564 -0.000119601555582 0.0 0.0
565 -0.000119601555582 0.0 0.0
566 -0.000119601555582 0.0 0.0
567 -0.000119601555582 0.0 0.0
568 -0.000119601555582 0.0 0.0
569 -0.000119601555582 0.0 0.0
570 -0.000119601555582 0.0 0.0
571 -0.000119601555582 0.0 0.0
572 -0.000119601555582 0.0 0.0
573 -0.000119601555582 0.0 0.0
574 -0.000119601555582 0.0 0.0
575 -0.000119601555582 0.0 0.0
576 3.793177421e-06 0.0 0.0
577 3.793177421e-06 0.0 0.0
578 3.793177421e-06 0.0 0.0
579 3.793177421e-06 0.0 0.0
580 3.793177421e-06 0.0 0.0
581 3.793177421e-06 0.0 0.0
582 3.793177421e-06 0.0 0.0
583 3.793177421e-06 0.0 0.0
584 3.793177421e-06 0.0 0.0
585 3.793177421e-06 0.0 0.0
586 3.793177421e-06 0.0 0.0
587 3.793177421e-06 0.0 0.0
588 3.793177421e-06 0.0 0.0
589 3.793177421e-06 0.0 0.0
590 3.793177421e-06 0.0 0.0
591 3.793177421e-06 0.0 0.0
592 3.793177421e-06 0.0 0.0
593 3.793177421e-06 0.0 0.0
594 3.793177421e-06 0.0 0.0
595 3.793177421e-06 0.0 0.0
596 3.793177421e-06 0.0 0.0
597 3.793177421e-06 0.0 0.0
598 3.793177421e-06 0.0 0.0
599 3.793177421e-06 0.0 0.0
600 3.793177421e-06 0.0 0.0
601 3.793177421e-06 0.0 0.0
602 3.793177421e-06 0.0 0.0
603 3.793177421e-06 0.0 0.0
604 3.793177421e-06 0.0 0.0
605 3.793177421e-06 0.0 0.0
606 3.793177421e-06 0.0 0.0
607 3.793177421e-06 0.0 0.0
608 3.793177421e-06 0.0 0.0
609 3.793177421e-06 0.0 0.0
610 3.793177421e-06 0.0 0.0
611 3.793177421e-06 0.0 0.0
612 3.793177421e-06 0.0 0.0
613 3.793177421e-06 0.0 0.0
614 3.793177421e-06 0.0 0.0
615 3.793177421e-06 0.0 0.0
616 3.793177421e-06 0.0 0.0
617 3.793177421e-06 0.0 0.0
618 3.793177421e-06 0.0 0.0
619 3.793177421e-06 0.0 0.0
620 3.793177421e-06 0.0 0.0
621 3.793177421e-06 0.0 0.0
622 3.793177421e-06 0.0 0.0
623 3.793177421e-06 0.0 0.0
624 3.793177421e-06 0.0 0.0
625 3.793177421e-06 0.0 0.0
626 0.000191294423137 0.0 0.0
627 0.000191294423137 0.0 0.0
628 0.000191294423137 0.0 0.0
629 0.000191294423137 0.0 0.0
630 0.000191294423137 0.0 0.0
631 0.000191294423137 0.0 0.0
632 0.000191294423137 0.0 0.0
633 0.000191294423137 0.0 0.0
634 0.000191294423137 0.0 0.0
635 0.000191294423137 0.0 0.0
636 0.000191294423137 0.0 0.0
637 0.000191294423137 0.0 0.0
638 0.000191294423137 0.0 0.0
639 0.000191294423137 0.0 0.0
640 0.000191294423137 0.0 0.0
641 0.000191294423137 0.0 0.0
642 0.000191294423137 0.0 0.0
643 0.000191294423137 0.0 0.0
644 0.000191294423137 0.0 0.0
645 0.000191294423137 0.0 0.0
646 0.000191294423137 0.0 0.0
647 0.000191294423137 0.0 0.0
648 0.000191294423137 0.0 0.0
649 0.000191294423137 0.0 0.0
650 0.000191294423137 0.0 0.0
651 0.000191294423137 0.0 0.0
652 0.000191294423137 0.0 0.0
653 0.000191294423137 0.0 0.0
654 0.000191294423137 0.0 0.0
655 0.000191294423137 0.0 0.0
656 0.000191294423137 0.0 0.0
657 0.000191294423137 0.0 0.0
658 0.000191294423137 0.0 0.0
659 0.000191294423137 0.0 0.0
660 0.000191294423137 0.0 0.0
661 0.000191294423137 0.0 0.0
662 0.000191294423137 0.0 0.0
663 0.000191294423137 0.0 0.0
664 0.000191294423137 0.0 0.0
665 0.000191294423137 0.0 0.0
666 0.000191294423137 0.0 0.0
667 0.000191294423137 0.0 0.0
668 0.000191294423137 0.0 0.0
669 0.000191294423137 0.0 0.0
670 0.000191294423137 0.0 0.0
671 0.000191294423137 0.0 0.0
672 0.000191294423137 0.0 0.0
673 0.000191294423137 0.0 0.0
674 0.000191294423137 0.0 0.0
675 0.000191294423137 0.0 0.0
676 9.58826011226e-05 0.0 0.0
677 9.58826011226e-05 0.0 0.0
678 9.58826011226e-05 0.0 0.0
679 9.58826011226e-05 0.0 0.0
680 9.58826011226e-05 0.0 0.0
681 9.58826011226e-05 0.0 0.0
682 9.58826011226e-05 0.0 0.0
683 9.58826011226e-05 0.0 0.0
684 9.58826011226e-05 0.0 0.0
685 9.58826011226e-05 0.0 0.0
686 9.58826011226e-05 0.0 0.0
687 9.58826011226e-05 0.0 0.0
688 9.58826011226e-05 0.0 0.0
689 9.58826011226e-05 0.0 0.0
690 9.58826011226e-05 0.0 0.0
691 9.58826011226e-05 0.0 0.0
692 9.58826011226e-05 0.0 0.0
693 9.58826011226e-05 0.0 0.0
694 9.58826011226e-05 0.0 0.0
695 9.58826011226e-05 0.0 0.0
696 9.58826011226e-05 0.0 0.0
697 9.58826011226e-05 0.0 0.0
698 9.58826011226e-05 0.0 0.0
699 9.58826011226e-05 0.0 0.0
700 9.58826011226e-05 0.0 0.0
701 9.58826011226e-05 0.0 0.0
702 9.58826011226e-05 0.0 0.0
703 9.58826011226e-05 0.0 0.0
704 9.58826011226e-05 0.0 0.0
705 9.58826011226e-05 0.0 0.0
706 9.58826011226e-05 0.0 0.0
707 9.58826011226e-05 0.0 0.0
708 9.58826011226e-05 0.0 0.0
709 9.58826011226e-05 0.0 0.0
710 9.58826011226e-05 0.0 0.0
711 9.58826011226e-05 0.0 0.0
712 9.58826011226e-05 0.0 0.0
713 9.58826011226e-05 0.0 0.0
714 9.58826011226e-05 0.0 0.0
715 9.58826011226e-05 0.0 0.0
716 9.58826011226e-05 0.0 0.0
717 9.58826011226e-05 0.0 0.0
718 9.58826011226e-05 0.0 0.0
719 9.58826011226e-05 0.0 0.0
720 9.58826011226e-05 0.0 0.0
721 9.58826011226e-05 0.0 0.0
722 9.58826011226e-05 0.0 0.0
723 9.58826011226e-05 0.0 0.0
724 9.58826011226e-05 0.0 0.0
725 9.58826011226e-05 0.0 0.0
726 -3.13398661312e-05 0.0 0.0
727 -3.13398661312e-05 0.0 0.0
728 -3.13398661312e-05 0.0 0.0
729 -3.13398661312e-05 0.0 0.0
730 -3.13398661312e-05 0.0 0.0
731 -3.13398661312e-05 0.0 0.0
732 -3.13398661312e-05 0.0 0.0
733 -3.13398661312e-05 0.0 0.0
734 -3.13398661312e-05 0.0 0.0
735 -3.13398661312e-05 0.0 0.0
736 -3.13398661312e-05 0.0 0.0
737 -3.13398661312e-05 0.0 0.0
738 -3.13398661312e-05 0.0 0.0
739 -3.13398661312e-05 0.0 0.0
740 -3.13398661312e-05 0.0 0.0
741 -3.13398661312e-05 0.0 0.0
742 -3.13398661312e-05 0.0 0.0
743 -3.13398661312e-05 0.0 0.0
744 -3.13398661312e-05 0.0 0.0
745 -3.13398661312e-05 0.0 0.0
746 -3.13398661312e-05 0.0 0.0
747 -3.13398661312e-05 0.0 0.0
748 -3.13398661312e-05 0.0 0.0
749 -3.13398661312e-05 0.0 0.0
750 -3.13398661312e-05 0.0 0.0
751 -3.13398661312e-05 0.0 0.0
752 -3.13398661312e-05 0.0 0.0
753 -3.13398661312e-05 0.0 0.0
754 -3.13398661312e-05 0.0 0.0
755 -3.13398661312e-05 0.0 0.0
756 -3.13398661312e-05 0.0 0.0
757 -3.13398661312e-05 0.0 0.0
758 -3.13398661312e-05 0.0 0.0
759 -3.13398661312e-05 0.0 0.0
760 -3.13398661312e-05 0.0 0.0
761 -3.13398661312e-05 0.0 0.0
762 -3.13398661312e-05 0.0 0.0
763 -3.13398661312e-05 0.0 0.0
764 -3.13398661312e-05 0.0 0.0
765 -3.13398661312e-05 0.0 0.0
766 -3.13398661312e-05 0.0 0.0
767 -3.13398661312e-05 0.0 0.0
768 -3.13398661312e-05 0.0 0.0
769 -3.13398661312e-05 0.0 0.0
770 -3.13398661312e-05 0.0 0.0
771 -3.13398661312e-05 0.0 0.0
772 -3.13398661312e-05 0.0 0.0
773 -3.13398661312e-05 0.0 0.0
774 -3.13398661312e-05 0.0 0.0
775 -3.13398661312e-05 0.0 0.0
776 -7.05905609451e-05 0.0 0.0
777 -7.05905609451e-05 0.0 0.0
778 -7.05905609451e-05 0.0 0.0
779 -7.05905609451e-05 0.0 0.0
780 -7.05905609451e-05 0.0 0.0
781 -7.05905609451e-05 0.0 0.0
782 -7.05905609451e-05 0.0 0.0
783 -7.05905609451e-05 0.0 0.0
784 -7.05905609451e-05 0.0 0.0
785 -7.05905609451e-05 0.0 0.0
786 -7.05905609451e-05 0.0 0.0
787 -7.05905609451e-05 0.0 0.0
788 -7.05905609451e-05 0.0 0.0
789 -7.05905609451e-05 0.0 0.0
790 -7.05905609451e-05 0.0 0.0
791 -7.05905609451e-05 0.0 0.0
792 -7.05905609451e-05 0.0 0.0
793 -7.05905609451e-05 0.0 0.0
794 -7.05905609451e-05 0.0 0.0
795 -7.05905609451e-05 0.0 0.0
796 -7.05905609451e-05 0.0 0.0
797 -7.05905609451e-05 0.0 0.0
798 -7.05905609451e-05 0.0 0.0
799 -7.05905609451e-05 0.0 0.0
800 -7.05905609451e-05 0.0 0.0
801 -7.05905609451e-05 0.0 0.0
802 -7.05905609451e-05 0.0 0.0
803 -7.05905609451e-05 0.0 0.0
804 -7.05905609451e-05 0.0 0.0
805 -7.05905609451e-05 0.0 0.0
806 -7.05905609451e-05 0.0 0.0
807 -7.05905609451e-05 0.0 0.0
808 -7.05905609451e-05 0.0 0.0
809 -7.05905609451e-05 0.0 0.0
810 -7.05905609451e-05 0.0 0.0
811 -7.05905609451e-05 0.0 0.0
812 -7.05905609451e-05 0.0 0.0
813 -7.05905609451e-05 0.0 0.0
814 -7.05905609451e-05 0.0 0.0
815 -7.05905609451e-05 0.0 0.0
816 -7.05905609451e-05 0.0 0.0
817 -7.05905609451e-05 0.0 0.0
818 -7.05905609451e-05 0.0 0.0
819 -7.05905609451e-05 0.0 0.0
820 -7.05905609451e-05 0.0 0.0
821 -7.05905609451e-05 0.0 0.0
822 -7.05905609451e-05 0.0 0.0
823 -7.05905609451e-05 0.0 0.0
824 -7.05905609451e-05 0.0 0.0
825 -7.05905609451e-05 0.0 0.0
826 7.15076132057e-05 0.0 0.0
827 7.15076132057e-05 0.0 0.0
828 7.15076132057e-05 0.0 0.0
829 7.15076132057e-05 0.0 0.0
830 7.15076132057e-05 0.0 0.0
831 7.15076132057e-05 0.0 0.0
832 7.15076132057e-05 0.0 0.0
833 7.15076132057e-05 0.0 0.0
834 7.15076132057e-05 0.0 0.0
835 7.15076132057e-05 0.0 0.0
836 7.15076132057e-05 0.0 0.0
837 7.15076132057e-05 0.0 0.0
838 7.15076132057e-05 0.0 0.0
839 7.15076132057e-05 0.0 0.0
840 7.15076132057e-05 0.0 0.0
841 7.15076132057e-05 0.0 0.0
842 7.15076132057e-05 0.0 0.0
843 7.15076132057e-05 0.0 0.0
844 7.15076132057e-05 0.0 0.0
845 7.15076132057e-05 0.0 0.0
846 7.15076132057e-05 0.0 0.0
847 7.15076132057e-05 0.0 0.0
848 7.15076132057e-05 0.0 0.0
849 7.15076132057e-05 0.0 0.0
850 7.15076132057e-05 0.0 0.0
851 7.15076132057e-05 0.0 0.0
852 7.15076132057e-05 0.0 0.0
853 7.15076132057e-05 0.0 0.0
854 7.15076132057e-05 0.0 0.0
855 7.15076132057e-05 0.0 0.0
856 7.15076132057e-05 0.0 0.0
857 7.15076132057e-05 0.0 0.0
858 7.15076132057e-05 0.0 0.0
859 7.15076132057e-05 0.0 0.0
860 7.15076132057e-05 0.0 0.0
861 7.15076132057e-05 0.0 0.0
862 7.15076132057e-05 0.0 0.0
863 7.15076132057e-05 0.0 0.0
864 7.15076132057e-05 0.0 0.0
865 7.15076132057e-05 0.0 0.0
866 7.15076132057e-05 0.0 0.0
867 7.15076132057e-05 0.0 0.0
868 7.15076132057e-05 0.0 0.0
869 7.15076132057e-05 0.0 0.0
870 7.15076132057e-05 0.0 0.0
871 7.15076132057e-05 0.0 0.0
872 7.15076132057e-05 0.0 0.0
873 7.15076132057e-05 0.0 0.0
874 7.15076132057e-05 0.0 0.0
875 7.15076132057e-05 0.0 0.0
876 7.15076132057e-05 0.0 0.0
877 7.15076132057e-05 0.0 0.0
878 7.15076132057e-05 0.0 0.0
879 7.15076132057e-05 0.0 0.0
880 7.15076132057e-05 0.0 0.0
881 7.15076132057e-05 0.0 0.0
882 7.15076132057e-05 0.0 0.0
883 7.15076132057e-05 0.0 0.0
884 7.15076132057e-05 0.0 0.0
885 7.15076132057e-05 0.0 0.0
886 7.15076132057e-05 0.0 0.0
887 7.15076132057e-05 0.0 0.0
888 7.15076132057e-05 0.0 0.0
889 7.15076132057e-05 0.0 0.0
890 7.15076132057e-05 0.0 0.0
891 7.15076132057e-05 0.0 0.0
892 7.15076132057e-05 0.0 0.0
893 7.15076132057e-05 0.0 0.0
894 7.15076132057e-05 0.0 0.0
895 7.15076132057e-05 0.0 0.0
896 7.15076132057e-05 0.0 0.0
897 7.15076132057e-05 0.0 0.0
898 7.15076132057e-05 0.0 0.0
899 7.15076132057e-05 0.0 0.0
900 7.15076132057e-05 0.0 0.0
901 7.15076132057e-05 0.0 0.0
902 7.15076132057e-05 0.0 0.0
903 7.15076132057e-05 0.0 0.0
904 7.15076132057e-05 0.0 0.0
905 7.15076132057e-05 0.0 0.0
906 7.15076132057e-05 0.0 0.0
907 7.15076132057e-05 0.0 0.0
908 7.15076132057e-05 0.0 0.0
909 7.15076132057e-05 0.0 0.0
910 7.15076132057e-05 0.0 0.0
911 7.15076132057e-05 0.0 0.0
912 7.15076132057e-05 0.0 0.0
913 7.15076132057e-05 0.0 0.0
914 7.15076132057e-05 0.0 0.0
915 7.15076132057e-05 0.0 0.0
916 7.15076132057e-05 0.0 0.0
917 7.15076132057e-05 0.0 0.0
918 7.15076132057e-05 0.0 0.0
919 7.15076132057e-05 0.0 0.0
920 7.15076132057e-05 0.0 0.0
921 7.15076132057e-05 0.0 0.0
922 7.15076132057e-05 0.0 0.0
923 7.15076132057e-05 0.0 0.0
924 7.15076132057e-05 0.0 0.0
925 7.15076132057e-05 0.0 0.0
926 7.15076132057e-05 0.0 0.0
927 7.15076132057e-05 0.0 0.0
928 7.15076132057e-05 0.0 0.0
929 7.15076132057e-05 0.0 0.0
930 7.15076132057e-05 0.0 0.0
931 7.15076132057e-05 0.0 0.0
932 7.15076132057e-05 0.0 0.0
933 7.15076132057e-05 0.0 0.0
934 7.15076132057e-05 0.0 0.0
935 7.15076132057e-05 0.0 0.0
936 7.15076132057e-05 0.0 0.0
937 7.15076132057e-05 0.0 0.0
938 7.15076132057e-05 0.0 0.0
939 7.15076132057e-05 0.0 0.0
940 7.15076132057e-05 0.0 0.0
941 7.15076132057e-05 0.0 0.0
942 7.15076132057e-05 0.0 0.0
943 7.15076132057e-05 0.0 0.0
944 7.15076132057e-05 0.0 0.0
945 7.15076132057e-05 0.0 0.0
946 7.15076132057e-05 0.0 0.0
947 7.15076132057e-05 0.0 0.0
948 7.15076132057e-05 0.0 0.0
949 7.15076132057e-05 0.0 0.0
950 7.15076132057e-05 0.0 0.0
951 7.15076132057e-05 0.0 0.0
952 7.15076132057e-05 0.0 0.0
953 7.15076132057e-05 0.0 0.0
954 7.15076132057e-05 0.0 0.0
955 7.15076132057e-05 0.0 0.0
956 7.15076132057e-05 0.0 0.0
957 7.15076132057e-05 0.0 0.0
958 7.15076132057e-05 0.0 0.0
959 7.15076132057e-05 0.0 0.0
960 7.15076132057e-05 0.0 0.0
961 7.15076132057e-05 0.0 0.0
962 7.15076132057e-05 0.0 0.0
963 7.15076132057e-05 0.0 0.0
964 7.15076132057e-05 0.0 0.0
965 7.15076132057e-05 0.0 0.0
966 7.15076132057e-05 0.0 0.0
967 7.15076132057e-05 0.0 0.0
968 7.15076132057e-05 0.0 0.0
969 7.15076132057e-05 0.0 0.0
970 7.15076132057e-05 0.0 0.0
971 7.15076132057e-05 0.0 0.0
972 7.15076132057e-05 0.0 0.0
973 7.15076132057e-05 0.0 0.0
974 7.15076132057e-05 0.0 0.0
975 7.15076132057e-05 0.0 0.0
976 7.15076132057e-05 0.0 0.0
977 7.15076132057e-05 0.0 0.0
978 7.15076132057e-05 0.0 0.0
979 7.15076132057e-05 0.0 0.0
980 7.15076132057e-05 0.0 0.0
981 7.15076132057e-05 0.0 0.0
982 7.15076132057e-05 0.0 0.0
983 7.15076132057e-05 0.0 0.0
984 7.15076132057e-05 0.0 0.0
985 7.15076132057e-05 0.0 0.0
986 7.15076132057e-05 0.0 0.0
987 7.15076132057e-05 0.0 0.0
988 7.15076132057e-05 0.0 0.0
989 7.15076132057e-05 0.0 0.0
990 7.15076132057e-05 0.0 0.0
991 7.15076132057e-05 0.0 0.0
992 7.15076132057e-05 0.0 0.0
993 7.15076132057e-05 0.0 0.0
994 7.15076132057e-05 0.0 0.0
995 7.15076132057e-05 0.0 0.0
996 7.15076132057e-05 0.0 0.0
997 7.15076132057e-05 0.0 0.0
998 7.15076132057e-05 0.0 0.0
999 7.15076132057e-05 0.0 0.0
1000 7.15076132057e-05 0.0 0.0
1001 7.15076132057e-05 0.0 0.0
1002 7.15076132057e-05 0.0 0.0
1003 7.15076132057e-05 0.0 0.0
1004 7.15076132057e-05 0.0 0.0
1005 7.15076132057e-05 0.0 0.0
1006 7.15076132057e-05 0.0 0.0
1007 7.15076132057e-05 0.0 0.0
1008 7.15076132057e-05 0.0 0.0
1009 7.15076132057e-05 0.0 0.0
1010 7.15076132057e-05 0.0 0.0
1011 7.15076132057e-05 0.0 0.0
1012 7.15076132057e-05 0.0 0.0
1013 7.15076132057e-05 0.0 0.0
1014 7.15076132057e-05 0.0 0.0
1015 7.15076132057e-05 0.0 0.0
1016 7.15076132057e-05 0.0 0.0
1017 7.15076132057e-05 0.0 0.0
1018 7.15076132057e-05 0.0 0.0
1019 7.15076132057e-05 0.0 0.0
1020 7.15076132057e-05 0.0 0.0
1021 7.15076132057e-05 0.0 0.0
1022 7.15076132057e-05 0.0 0.0
1023 7.15076132057e-05 0.0 0.0
1024 7.15076132057e-05 0.0 0.0
1025 7.15076132057e-05 0.0 0.0
1026 7.15076132057e-05 0.0 0.0
1027 7.15076132057e-05 0.0 0.0
1028 7.15076132057e-05 0.0 0.0
1029 7.15076132057e-05 0.0 0.0
1030 7.15076132057e-05 0.0 0.0
1031 7.15076132057e-05 0.0 0.0
1032 7.15076132057e-05 0.0 0.0
1033 7.15076132057e-05 0.0 0.0
1034 7.15076132057e-05 0.0 0.0
1035 7.15076132057e-05 0.0 0.0
1036 7.15076132057e-05 0.0 0.0
1037 7.15076132057e-05 0.0 0.0
1038 7.15076132057e-05 0.0 0.0
1039 7.15076132057e-05 0.0 0.0
1040 7.15076132057e-05 0.0 0.0
1041 7.15076132057e-05 0.0 0.0
1042 7.15076132057e-05 0.0 0.0
1043 7.15076132057e-05 0.0 0.0
1044 7.15076132057e-05 0.0 0.0
1045 7.15076132057e-05 0.0 0.0
1046 7.15076132057e-05 0.0 0.0
1047 7.15076132057e-05 0.0 0.0
1048 7.15076132057e-05 0.0 0.0
1049 7.15076132057e-05 0.0 0.0
1050 7.15076132057e-05 0.0 0.0
1051 0.00169746842597 0.0 0.0
1052 0.00169746842597 0.0 0.0
1053 0.00169746842597 0.0 0.0
1054 0.00169746842597 0.0 0.0
1055 0.00169746842597 0.0 0.0
1056 0.00169746842597 0.0 0.0
1057 0.00169746842597 0.0 0.0
1058 0.00169746842597 0.0 0.0
1059 0.00169746842597 0.0 0.0
1060 0.00169746842597 0.0 0.0
1061 0.00169746842597 0.0 0.0
1062 0.00169746842597 0.0 0.0
1063 0.00169746842597 0.0 0.0
1064 0.00169746842597 0.0 0.0
1065 0.00169746842597 0.0 0.0
1066 0.00169746842597 0.0 0.0
1067 0.00169746842597 0.0 0.0
1068 0.00169746842597 0.0 0.0
1069 0.00169746842597 0.0 0.0
1070 0.00169746842597 0.0 0.0
1071 0.00169746842597 0.0 0.0
1072 0.00169746842597 0.0 0.0
1073 0.00169746842597 0.0 0.0
1074 0.00169746842597 0.0 0.0
1075 0.00169746842597 0.0 0.0
1076 0.00169746842597 0.0 0.0
1077 0.00169746842597 0.0 0.0
1078 0.00169746842597 0.0 0.0
1079 0.00169746842597 0.0 0.0
1080 0.00169746842597 0.0 0.0
1081 0.00169746842597 0.0 0.0
1082 0.00169746842597 0.0 0.0
1083 0.00169746842597 0.0 0.0
1084 0.00169746842597 0.0 0.0
1085 0.00169746842597 0.0 0.0
1086 0.00169746842597 0.0 0.0
1087 0.00169746842597 0.0 0.0
1088 0.00169746842597 0.0 0.0
1089 0.00169746842597 0.0 0.0
1090 0.00169746842597 0.0 0.0
1091 0.00169746842597 0.0 0.0
1092 0.00169746842597 0.0 0.0
1093 0.00169746842597 0.0 0.0
1094 0.00169746842597 0.0 0.0
1095 0.00169746842597 0.0 0.0
1096 0.00169746842597 0.0 0.0
1097 0.00169746842597 0.0 0.0
1098 0.00169746842597 0.0 0.0
1099 0.00169746842597 0.0 0.0
1100 0.00169746842597 0.0 0.0
1101 0.00169746842597 0.0 0.0
1102 0.00169746842597 0.0 0.0
1103 0.00169746842597 0.0 0.0
1104 0.00169746842597 0.0 0.0
1105 0.00169746842597 0.0 0.0
1106 0.00169746842597 0.0 0.0
1107 0.00169746842597 0.0 0.0
1108 0.00169746842597 0.0 0.0
1109 0.00169746842597 0.0 0.0
1110 0.00169746842597 0.0 0.0
1111 0.00169746842597 0.0 0.0
1112 0.00169746842597 0.0 0.0
1113 0.00169746842597 0.0 0.0
1114 0.00169746842597 0.0 0.0
1115 0.00169746842597 0.0 0.0
1116 0.00169746842597 0.0 0.0
1117 0.00169746842597 0.0 0.0
1118 0.00169746842597 0.0 0.0
1119 0.00169746842597 0.0 0.0
1120 0.00169746842597 0.0 0.0
1121 0.00169746842597 0.0 0.0
1122 0.00169746842597 0.0 0.0
1123 0.00169746842597 0.0 0.0
1124 0.00169746842597 0.0 0.0
1125 0.00169746842597 0.0 0.0
1126 0.00169746842597 0.0 0.0
1127 0.00169746842597 0.0 0.0
1128 0.00169746842597 0.0 0.0
1129 0.00169746842597 0.0 0.0
1130 0.00169746842597 0.0 0.0
1131 0.00169746842597 0.0 0.0
1132 0.00169746842597 0.0 0.0
1133 0.00169746842597 0.0 0.0
1134 0.00169746842597 0.0 0.0
1135 0.00169746842597 0.0 0.0
1136 0.00169746842597 0.0 0.0
1137 0.00169746842597 0.0 0.0
1138 0.00169746842597 0.0 0.0
1139 0.00169746842597 0.0 0.0
1140 0.00169746842597 0.0 0.0
1141 0.00169746842597 0.0 0.0
1142 0.00169746842597 0.0 0.0
1143 0.00169746842597 0.0 0.0
1144 0.00169746842597 0.0 0.0
1145 0.00169746842597 0.0 0.0
1146 0.00169746842597 0.0 0.0
1147 0.00169746842597 0.0 0.0
1148 0.00169746842597 0.0 0.0
1149 0.00169746842597 0.0 0.0
1150 0.00169746842597 0.0 0.0
1151 0.00334448160535 0.0 0.0
1152 0.00334448160535 0.0 0.0
1153 0.00334448160535 0.0 0.0
1154 0.00334448160535 0.0 0.0
1155 0.00334448160535 0.0 0.0
1156 0.00334448160535 0.0 0.0
1157 0.00334448160535 0.0 0.0
1158 0.00334448160535 0.0 0.0
1159 0.00334448160535 0.0 0.0
1160 0.00334448160535 0.0 0.0
1161 0.00334448160535 0.0 0.0
1162 0.00334448160535 0.0 0.0
1163 0.00334448160535 0.0 0.0
1164 0.00334448160535 0.0 0.0
1165 0.00334448160535 0.0 0.0
1166 0.00334448160535 0.0 0.0
1167 0.00334448160535 0.0 0.0
1168 0.00334448160535 0.0 0.0
1169 0.00334448160535 0.0 0.0
1170 0.00334448160535 0.0 0.0
1171 0.00334448160535 0.0 0.0
1172 0.00334448160535 0.0 0.0
1173 0.00334448160535 0.0 0.0
1174 0.00334448160535 0.0 0.0
1175 0.00334448160535 0.0 0.0
1176 0.00334448160535 0.0 0.0
1177 0.00334448160535 0.0 0.0
1178 0.00334448160535 0.0 0.0
1179 0.00334448160535 0.0 0.0
1180 0.00334448160535 0.0 0.0
1181 0.00334448160535 0.0 0.0
1182 0.00334448160535 0.0 0.0
1183 0.00334448160535 0.0 0.0
1184 0.00334448160535 0.0 0.0
1185 0.00334448160535 0.0 0.0
1186 0.00334448160535 0.0 0.0
1187 0.00334448160535 0.0 0.0
1188 0.00334448160535 0.0 0.0
1189 0.00334448160535 0.0 0.0
1190 0.00334448160535 0.0 0.0
1191 0.00334448160535 0.0 0.0
1192 0.00334448160535 0.0 0.0
1193 0.00334448160535 0.0 0.0
1194 0.00334448160535 0.0 0.0
1195 0.00334448160535 0.0 0.0
1196 0.00334448160535 0.0 0.0
1197 0.00334448160535 0.0 0.0
1198 0.00334448160535 0.0 0.0
1199 0.00334448160535 0.0 0.0
1200 0.00334448160535 0.0 0.0
1201 0.00334448160535 0.0 0.0
1202 0.00334448160535 0.0 0.0
1203 0.00334448160535 0.0 0.0
1204 0.00334448160535 0.0 0.0
1205 0.00334448160535 0.0 0.0
1206 0.00334448160535 0.0 0.0
1207 0.00334448160535 0.0 0.0
1208 0.00334448160535 0.0 0.0
1209 0.00334448160535 0.0 0.0
1210 0.00334448160535 0.0 0.0
1211 0.00334448160535 0.0 0.0
1212 0.00334448160535 0.0 0.0
1213 0.00334448160535 0.0 0.0
1214 0.00334448160535 0.0 0.0
1215 0.00334448160535 0.0 0.0
1216 0.00334448160535 0.0 0.0
1217 0.00334448160535 0.0 0.0
1218 0.00334448160535 0.0 0.0
1219 0.00334448160535 0.0 0.0
1220 0.00334448160535 0.0 0.0
1221 0.00334448160535 0.0 0.0
1222 0.00334448160535 0.0 0.0
1223 0.00334448160535 0.0 0.0
1224 0.00334448160535 0.0 0.0
1225 0.00334448160535 0.0 0.0
1226 0.00334448160535 0.0 0.0
1227 0.00334448160535 0.0 0.0
1228 0.00334448160535 0.0 0.0
1229 0.00334448160535 0.0 0.0
1230 0.00334448160535 0.0 0.0
1231 0.00334448160535 0.0 0.0
1232 0.00334448160535 0.0 0.0
1233 0.00334448160535 0.0 0.0
1234 0.00334448160535 0.0 0.0
1235 0.00334448160535 0.0 0.0
1236 0.00334448160535 0.0 0.0
1237 0.00334448160535 0.0 0.0
1238 0.00334448160535 0.0 0.0
1239 0.00334448160535 0.0 0.0
1240 0.00334448160535 0.0 0.0
1241 0.00334448160535 0.0 0.0
1242 0.00334448160535 0.0 0.0
1243 0.00334448160535 0.0 0.0
1244 0.00334448160535 0.0 0.0
1245 0.00334448160535 0.0 0.0
1246 0.00334448160535 0.0 0.0
1247 0.00334448160535 0.0 0.0
1248 0.00334448160535 0.0 0.0
1249 0.00334448160535 0.0 0.0
1250 0.00334448160535 0.0 0.0
1251 0.00334448160535 0.0 0.0
1252 0.00334448160535 0.0 0.0
1253 0.00334448160535 0.0 0.0
1254 0.00334448160535 0.0 0.0
1255 0.00334448160535 0.0 0.0
1256 0.00334448160535 0.0 0.0
1257 0.00334448160535 0.0 0.0
1258 0.00334448160535 0.0 0.0
1259 0.00334448160535 0.0 0.0
1260 0.00334448160535 0.0 0.0
1261 0.00334448160535 0.0 0.0
1262 0.00334448160535 0.0 0.0
1263 0.00334448160535 0.0 0.0
1264 0.00334448160535 0.0 0.0
1265 0.00334448160535 0.0 0.0
1266 0.00334448160535 0.0 0.0
1267 0.00334448160535 0.0 0.0
1268 0.00334448160535 0.0 0.0
1269 0.00334448160535 0.0 0.0
1270 0.00334448160535 0.0 0.0
1271 0.00334448160535 0.0 0.0
1272 0.00334448160535 0.0 0.0
1273 0.00334448160535 0.0 0.0
1274 0.00334448160535 0.0 0.0
1275 0.00334448160535 0.0 0.0
1276 0.00334448160535 0.0 0.0
1277 0.00334448160535 0.0 0.0
1278 0.00334448160535 0.0 0.0
1279 0.00334448160535 0.0 0.0
1280 0.00334448160535 0.0 0.0
1281 0.00334448160535 0.0 0.0
1282 0.00334448160535 0.0 0.0
1283 0.00334448160535 0.0 0.0
1284 0.00334448160535 0.0 0.0
1285 0.00334448160535 0.0 0.0
1286 0.00334448160535 0.0 0.0
1287 0.00334448160535 0.0 0.0
1288 0.00334448160535 0.0 0.0
1289 0.00334448160535 0.0 0.0
1290 0.00334448160535 0.0 0.0
1291 0.00334448160535 0.0 0.0
1292 0.00334448160535 0.0 0.0
1293 0.00334448160535 0.0 0.0
1294 0.00334448160535 0.0 0.0
1295 0.00334448160535 0.0 0.0
1296 0.00334448160535 0.0 0.0
1297 0.00334448160535 0.0 0.0
1298 0.00334448160535 0.0 0.0
1299 0.00334448160535 0.0 0.0
1300 0.00334448160535 0.0 0.0
1301 0.00334448160535 0.0 0.0
1302 0.00334448160535 0.0 0.0
1303 0.00334448160535 0.0 0.0
1304 0.00334448160535 0.0 0.0
1305 0.00334448160535 0.0 0.0
1306 0.00334448160535 0.0 0.0
1307 0.00334448160535 0.0 0.0
1308 0.00334448160535 0.0 0.0
1309 0.00334448160535 0.0 0.0
1310 0.00334448160535 0.0 0.0
1311 0.00334448160535 0.0 0.0
1312 0.00334448160535 0.0 0.0
1313 0.00334448160535 0.0 0.0
1314 0.00334448160535 0.0 0.0
1315 0.00334448160535 0.0 0.0
1316 0.00334448160535 0.0 0.0
1317 0.00334448160535 0.0 0.0
1318 0.00334448160535 0.0 0.0
1319 0.00334448160535 0.0 0.0
1320 0.00334448160535 0.0 0.0
1321 0.00334448160535 0.0 0.0
1322 0.00334448160535 0.0 0.0
1323 0.00334448160535 0.0 0.0
1324 0.00334448160535 0.0 0.0
1325 0.00334448160535 0.0 0.0
1326 0.00334448160535 0.0 0.0
1327 0.00334448160535 0.0 0.0
1328 0.00334448160535 0.0 0.0
1329 0.00334448160535 0.0 0.0
1330 0.00334448160535 0.0 0.0
1331 0.00334448160535 0.0 0.0
1332 0.00334448160535 0.0 0.0
1333 0.00334448160535 0.0 0.0
1334 0.00334448160535 0.0 0.0
1335 0.00334448160535 0.0 0.0
1336 0.00334448160535 0.0 0.0
1337 0.00334448160535 0.0 0.0
1338 0.00334448160535 0.0 0.0
1339 0.00334448160535 0.0 0.0
1340 0.00334448160535 0.0 0.0
1341 0.00334448160535 0.0 0.0
1342 0.00334448160535 0.0 0.0
1343 0.00334448160535 0.0 0.0
1344 0.00334448160535 0.0 0.0
1345 0.00334448160535 0.0 0.0
1346 0.00334448160535 0.0 0.0
1347 0.00334448160535 0.0 0.0
1348 0.00334448160535 0.0 0.0
1349 0.00334448160535 0.0 0.0
1350 0.00334448160535 0.0 0.0
1351 0.00334448160535 0.0 0.0
1352 0.00334448160535 0.0 0.0
1353 0.00334448160535 0.0 0.0
1354 0.00334448160535 0.0 0.0
1355 0.00334448160535 0.0 0.0
1356 0.00334448160535 0.0 0.0
1357 0.00334448160535 0.0 0.0
1358 0.00334448160535 0.0 0.0
1359 0.00334448160535 0.0 0.0
1360 0.00334448160535 0.0 0.0
1361 0.00334448160535 0.0 0.0
1362 0.00334448160535 0.0 0.0
1363 0.00334448160535 0.0 0.0
1364 0.00334448160535 0.0 0.0
1365 0.00334448160535 0.0 0.0
1366 0.00334448160535 0.0 0.0
1367 0.00334448160535 0.0 0.0
1368 0.00334448160535 0.0 0.0
1369 0.00334448160535 0.0 0.0
1370 0.00334448160535 0.0 0.0
1371 0.00334448160535 0.0 0.0
1372 0.00334448160535 0.0 0.0
1373 0.00334448160535 0.0 0.0
1374 0.00334448160535 0.0 0.0
1375 0.00334448160535 0.0 0.0
1376 0.00334448160535 0.0 0.0
1377 0.00334448160535 0.0 0.0
1378 0.00334448160535 0.0 0.0
1379 0.00334448160535 0.0 0.0
1380 0.00334448160535 0.0 0.0
1381 0.00334448160535 0.0 0.0
1382 0.00334448160535 0.0 0.0
1383 0.00334448160535 0.0 0.0
1384 0.00334448160535 0.0 0.0
1385 0.00334448160535 0.0 0.0
1386 0.00334448160535 0.0 0.0
1387 0.00334448160535 0.0 0.0
1388 0.00334448160535 0.0 0.0
1389 0.00334448160535 0.0 0.0
1390 0.00334448160535 0.0 0.0
1391 0.00334448160535 0.0 0.0
1392 0.00334448160535 0.0 0.0
1393 0.00334448160535 0.0 0.0
1394 0.00334448160535 0.0 0.0
1395 0.00334448160535 0.0 0.0
1396 0.00334448160535 0.0 0.0
1397 0.00334448160535 0.0 0.0
1398 0.00334448160535 0.0 0.0
1399 0.00334448160535 0.0 0.0
1400 0.00334448160535 0.0 0.0
1401 0.00334448160535 0.0 0.0
1402 0.00334448160535 0.0 0.0
1403 0.00334448160535 0.0 0.0
1404 0.00334448160535 0.0 0.0
1405 0.00334448160535 0.0 0.0
1406 0.00334448160535 0.0 0.0
1407 0.00334448160535 0.0 0.0
1408 0.00334448160535 0.0 0.0
1409 0.00334448160535 0.0 0.0
1410 0.00334448160535 0.0 0.0
1411 0.00334448160535 0.0 0.0
1412 0.00334448160535 0.0 0.0
1413 0.00334448160535 0.0 0.0
1414 0.00334448160535 0.0 0.0
1415 0.00334448160535 0.0 0.0
1416 0.00334448160535 0.0 0.0
1417 0.00334448160535 0.0 0.0
1418 0.00334448160535 0.0 0.0
1419 0.00334448160535 0.0 0.0
1420 0.00334448160535 0.0 0.0
1421 0.00334448160535 0.0 0.0
1422 0.00334448160535 0.0 0.0
1423 0.00334448160535 0.0 0.0
1424 0.00334448160535 0.0 0.0
1425 0.00334448160535 0.0 0.0
1426 0.00334448160535 0.0 0.0
1427 0.00334448160535 0.0 0.0
1428 0.00334448160535 0.0 0.0
1429 0.00334448160535 0.0 0.0
1430 0.00334448160535 0.0 0.0
1431 0.00334448160535 0.0 0.0
1432 0.00334448160535 0.0 0.0
1433 0.00334448160535 0.0 0.0
1434 0.00334448160535 0.0 0.0
1435 0.00334448160535 0.0 0.0
1436 0.00334448160535 0.0 0.0
1437 0.00334448160535 0.0 0.0
1438 0.00334448160535 0.0 0.0
1439 0.00334448160535 0.0 0.0
1440 0.00334448160535 0.0 0.0
1441 0.00334448160535 0.0 0.0
1442 0.00334448160535 0.0 0.0
1443 0.00334448160535 0.0 0.0
1444 0.00334448160535 0.0 0.0
1445 0.00334448160535 0.0 0.0
1446 0.00334448160535 0.0 0.0
1447 0.00334448160535 0.0 0.0
1448 0.00334448160535 0.0 0.0
1449 0.00334448160535 0.0 0.0
1450 0.00334448160535 0.0 0.0
1451 0.00125732174211 0.0 0.0
1452 0.00125732174211 0.0 0.0
1453 0.00125732174211 0.0 0.0
1454 0.00125732174211 0.0 0.0
1455 0.00125732174211 0.0 0.0
1456 0.00125732174211 0.0 0.0
1457 0.00125732174211 0.0 0.0
1458 0.00125732174211 0.0 0.0
1459 0.00125732174211 0.0 0.0
1460 0.00125732174211 0.0 0.0
1461 0.00125732174211 0.0 0.0
1462 0.00125732174211 0.0 0.0
1463 0.00125732174211 0.0 0.0
1464 0.00125732174211 0.0 0.0
1465 0.00125732174211 0.0 0.0
1466 0.00125732174211 0.0 0.0
1467 0.00125732174211 0.0 0.0
1468 0.00125732174211 0.0 0.0
1469 0.00125732174211 0.0 0.0
1470 0.00125732174211 0.0 0.0
1471 0.00125732174211 0.0 0.0
1472 0.00125732174211 0.0 0.0
1473 0.00125732174211 0.0 0.0
1474 0.00125732174211 0.0 0.0
1475 0.00125732174211 0.0 0.0
1476 0.00125732174211 0.0 0.0
1477 0.00125732174211 0.0 0.0
1478 0.00125732174211 0.0 0.0
1479 0.00125732174211 0.0 0.0
1480 0.00125732174211 0.0 0.0
1481 0.00125732174211 0.0 0.0
1482 0.00125732174211 0.0 0.0
1483 0.00125732174211 0.0 0.0
1484 0.00125732174211 0.0 0.0
1485 0.00125732174211 0.0 0.0
1486 0.00125732174211 0.0 0.0
1487 0.00125732174211 0.0 0.0
1488 0.00125732174211 0.0 0.0
1489 0.00125732174211 0.0 0.0
1490 0.00125732174211 0.0 0.0
1491 0.00125732174211 0.0 0.0
1492 0.00125732174211 0.0 0.0
1493 0.00125732174211 0.0 0.0
1494 0.00125732174211 0.0 0.0
1495 0.00125732174211 0.0 0.0
1496 0.00125732174211 0.0 0.0
1497 0.00125732174211 0.0 0.0
1498 0.00125732174211 0.0 0.0
1499 0.00125732174211 0.0 0.0
1500 0.00125732174211 0.0 0.0
1501 0.00125732174211 0.0 0.0
1502 0.00125732174211 0.0 0.0
1503 0.00125732174211 0.0 0.0
1504 0.00125732174211 0.0 0.0
1505 0.00125732174211 0.0 0.0
1506 0.00125732174211 0.0 0.0
1507 0.00125732174211 0.0 0.0
1508 0.00125732174211 0.0 0.0
1509 0.00125732174211 0.0 0.0
1510 0.00125732174211 0.0 0.0
1511 0.00125732174211 0.0 0.0
1512 0.00125732174211 0.0 0.0
1513 0.00125732174211 0.0 0.0
1514 0.00125732174211 0.0 0.0
1515 0.00125732174211 0.0 0.0
1516 0.00125732174211 0.0 0.0
1517 0.00125732174211 0.0 0.0
1518 0.00125732174211 0.0 0.0
1519 0.00125732174211 0.0 0.0
1520 0.00125732174211 0.0 0.0
1521 0.00125732174211 0.0 0.0
1522 0.00125732174211 0.0 0.0
1523 0.00125732174211 0.0 0.0
1524 0.00125732174211 0.0 0.0
1525 0.00125732174211 0.0 0.0
1526 0.00125732174211 0.0 0.0
1527 0.00125732174211 0.0 0.0
1528 0.00125732174211 0.0 0.0
1529 0.00125732174211 0.0 0.0
1530 0.00125732174211 0.0 0.0
1531 0.00125732174211 0.0 0.0
1532 0.00125732174211 0.0 0.0
1533 0.00125732174211 0.0 0.0
1534 0.00125732174211 0.0 0.0
1535 0.00125732174211 0.0 0.0
1536 0.00125732174211 0.0 0.0
1537 0.00125732174211 0.0 0.0
1538 0.00125732174211 0.0 0.0
1539 0.00125732174211 0.0 0.0
1540 0.00125732174211 0.0 0.0
1541 0.00125732174211 0.0 0.0
1542 0.00125732174211 0.0 0.0
1543 0.00125732174211 0.0 0.0
1544 0.00125732174211 0.0 0.0
1545 0.00125732174211 0.0 0.0
1546 0.00125732174211 0.0 0.0
1547 0.00125732174211 0.0 0.0
1548 0.00125732174211 0.0 0.0
1549 0.00125732174211 0.0 0.0
1550 0.00125732174211 0.0 0.0
1551 0.000451101439853 0.0 0.0
1552 0.000451101439853 0.0 0.0
1553 0.000451101439853 0.0 0.0
1554 0.000451101439853 0.0 0.0
1555 0.000451101439853 0.0 0.0
1556 0.000451101439853 0.0 0.0
1557 0.000451101439853 0.0 0.0
1558 0.000451101439853 0.0 0.0
1559 0.000451101439853 0.0 0.0
1560 0.000451101439853 0.0 0.0
1561 0.000451101439853 0.0 0.0
1562 0.000451101439853 0.0 0.0
1563 0.000451101439853 0.0 0.0
1564 0.000451101439853 0.0 0.0
1565 0.000451101439853 0.0 0.0
1566 0.000451101439853 0.0 0.0
1567 0.000451101439853 0.0 0.0
1568 0.000451101439853 0.0 0.0
1569 0.000451101439853 0.0 0.0
1570 0.000451101439853 0.0 0.0
1571 0.000451101439853 0.0 0.0
1572 0.000451101439853 0.0 0.0
1573 0.000451101439853 0.0 0.0
1574 0.000451101439853 0.0 0.0
1575 0.000451101439853 0.0 0.0
1576 0.000451101439853 0.0 0.0
1577 0.000451101439853 0.0 0.0
1578 0.000451101439853 0.0 0.0
1579 0.000451101439853 0.0 0.0
1580 0.000451101439853 0.0 0.0
1581 0.000451101439853 0.0 0.0
1582 0.000451101439853 0.0 0.0
1583 0.000451101439853 0.0 0.0
1584 0.000451101439853 0.0 0.0
1585 0.000451101439853 0.0 0.0
1586 0.000451101439853 0.0 0.0
1587 0.000451101439853 0.0 0.0
1588 0.000451101439853 0.0 0.0
1589 0.000451101439853 0.0 0.0
1590 0.000451101439853 0.0 0.0
1591 0.000451101439853 0.0 0.0
1592 0.000451101439853 0.0 0.0
1593 0.000451101439853 0.0 0.0
1594 0.000451101439853 0.0 0.0
1595 0.000451101439853 0.0 0.0
1596 0.000451101439853 0.0 0.0
1597 0.000451101439853 0.0 0.0
1598 0.000451101439853 0.0 0.0
1599 0.000451101439853 0.0 0.0
1600 0.000451101439853 0.0 0.0
1601 0.000451101439853 0.0 0.0
1602 0.000451101439853 0.0 0.0
1603 0.000451101439853 0.0 0.0
1604 0.000451101439853 0.0 0.0
1605 0.000451101439853 0.0 0.0
1606 0.000451101439853 0.0 0.0
1607 0.000451101439853 0.0 0.0
1608 0.000451101439853 0.0 0.0
1609 0.000451101439853 0.0 0.0
1610 0.000451101439853 0.0 0.0
1611 0.000451101439853 0.0 0.0
1612 0.000451101439853 0.0 0.0
1613 0.000451101439853 0.0 0.0
1614 0.000451101439853 0.0 0.0
1615 0.000451101439853 0.0 0.0
1616 0.000451101439853 0.0 0.0
1617 0.000451101439853 0.0 0.0
1618 0.000451101439853 0.0 0.0
1619 0.000451101439853 0.0 0.0
1620 0.000451101439853 0.0 0.0
1621 0.000451101439853 0.0 0.0
1622 0.000451101439853 0.0 0.0
1623 0.000451101439853 0.0 0.0
1624 0.000451101439853 0.0 0.0
1625 0.000451101439853 0.0 0.0
1626 0.000451101439853 0.0 0.0
1627 0.000451101439853 0.0 0.0
1628 0.000451101439853 0.0 0.0
1629 0.000451101439853 0.0 0.0
1630 0.000451101439853 0.0 0.0
1631 0.000451101439853 0.0 0.0
1632 0.000451101439853 0.0 0.0
1633 0.000451101439853 0.0 0.0
1634 0.000451101439853 0.0 0.0
1635 0.000451101439853 0.0 0.0
1636 0.000451101439853 0.0 0.0
1637 0.000451101439853 0.0 0.0
1638 0.000451101439853 0.0 0.0
1639 0.000451101439853 0.0 0.0
1640 0.000451101439853 0.0 0.0
1641 0.000451101439853 0.0 0.0
1642 0.000451101439853 0.0 0.0
1643 0.000451101439853 0.0 0.0
1644 0.000451101439853 0.0 0.0
1645 0.000451101439853 0.0 0.0
1646 0.000451101439853 0.0 0.0
1647 0.000451101439853 0.0 0.0
1648 0.000451101439853 0.0 0.0
1649 0.000451101439853 0.0 0.0
1650 0.000451101439853 0.0 0.0
1651 0.000451101439853 0.0 0.0
1652 0.000451101439853 0.0 0.0
1653 0.000451101439853 0.0 0.0
1654 0.000451101439853 0.0 0.0
1655 0.000451101439853 0.0 0.0
1656 0.000451101439853 0.0 0.0
1657 0.000451101439853 0.0 0.0
1658 0.000451101439853 0.0 0.0
1659 0.000451101439853 0.0 0.0
1660 0.000451101439853 0.0 0.0
1661 0.000451101439853 0.0 0.0
1662 0.000451101439853 0.0 0.0
1663 0.000451101439853 0.0 0.0
1664 0.000451101439853 0.0 0.0
1665 0.000451101439853 0.0 0.0
1666 0.000451101439853 0.0 0.0
1667 0.000451101439853 0.0 0.0
1668 0.000451101439853 0.0 0.0
1669 0.000451101439853 0.0 0.0
1670 0.000451101439853 0.0 0.0
1671 0.000451101439853 0.0 0.0
1672 0.000451101439853 0.0 0.0
1673 0.000451101439853 0.0 0.0
1674 0.000451101439853 0.0 0.0
1675 0.000451101439853 0.0 0.0
1676 0.000451101439853 0.0 0.0
1677 0.000451101439853 0.0 0.0
1678 0.000451101439853 0.0 0.0
1679 0.000451101439853 0.0 0.0
1680 0.000451101439853 0.0 0.0
1681 0.000451101439853 0.0 0.0
1682 0.000451101439853 0.0 0.0
1683 0.000451101439853 0.0 0.0
1684 0.000451101439853 0.0 0.0
1685 0.000451101439853 0.0 0.0
1686 0.000451101439853 0.0 0.0
1687 0.000451101439853 0.0 0.0
1688 0.000451101439853 0.0 0.0
1689 0.000451101439853 0.0 0.0
1690 0.000451101439853 0.0 0.0
1691 0.000451101439853 0.0 0.0
1692 0.000451101439853 0.0 0.0
1693 0.000451101439853 0.0 0.0
1694 0.000451101439853 0.0 0.0
1695 0.000451101439853 0.0 0.0
1696 0.000451101439853 0.0 0.0
1697 0.000451101439853 0.0 0.0
1698 0.000451101439853 0.0 0.0
1699 0.000451101439853 0.0 0.0
1700 0.000451101439853 0.0 0.0
1701 0.000451101439853 0.0 0.0
1702 0.000451101439853 0.0 0.0
1703 0.000451101439853 0.0 0.0
1704 0.000451101439853 0.0 0.0
1705 0.000451101439853 0.0 0.0
1706 0.000451101439853 0.0 0.0
1707 0.000451101439853 0.0 0.0
1708 0.000451101439853 0.0 0.0
1709 0.000451101439853 0.0 0.0
1710 0.000451101439853 0.0 0.0
1711 0.000451101439853 0.0 0.0
1712 0.000451101439853 0.0 0.0
1713 0.000451101439853 0.0 0.0
1714 0.000451101439853 0.0 0.0
1715 0.000451101439853 0.0 0.0
1716 0.000451101439853 0.0 0.0
1717 0.000451101439853 0.0 0.0
1718 0.000451101439853 0.0 0.0
1719 0.000451101439853 0.0 0.0
1720 0.000451101439853 0.0 0.0
1721 0.000451101439853 0.0 0.0
1722 0.000451101439853 0.0 0.0
1723 0.000451101439853 0.0 0.0
1724 0.000451101439853 0.0 0.0
1725 0.000451101439853 0.0 0.0
1726 0.000451101439853 0.0 0.0
1727 0.000451101439853 0.0 0.0
1728 0.000451101439853 0.0 0.0
1729 0.000451101439853 0.0 0.0
1730 0.000451101439853 0.0 0.0
1731 0.000451101439853 0.0 0.0
1732 0.000451101439853 0.0 0.0
1733 0.000451101439853 0.0 0.0
1734 0.000451101439853 0.0 0.0
1735 0.000451101439853 0.0 0.0
1736 0.000451101439853 0.0 0.0
1737 0.000451101439853 0.0 0.0
1738 0.000451101439853 0.0 0.0
1739 0.000451101439853 0.0 0.0
1740 0.000451101439853 0.0 0.0
1741 0.000451101439853 0.0 0.0
1742 0.000451101439853 0.0 0.0
1743 0.000451101439853 0.0 0.0
1744 0.000451101439853 0.0 0.0
1745 0.000451101439853 0.0 0.0
1746 0.000451101439853 0.0 0.0
1747 0.000451101439853 0.0 0.0
1748 0.000451101439853 0.0 0.0
1749 0.000451101439853 0.0 0.0
1750 0.000451101439853 0.0 0.0
