0 0.0 0.0 0.0
1 0.0 0.0 0.0
2 -0.00823508513083 0.0 0.0
3 -0.00823508513083 0.0 0.0
4 0.00240277541686 0.0 0.0
5 0.00240277541686 0.0 0.0
6 -0.000133162882563 0.0 0.0
7 -0.000133162882563 0.0 0.0
8 -0.000133162882563 0.0 0.0
9 -0.000133162882563 0.0 0.0
10 -0.000133162882563 0.0 0.0
11 -0.000133162882563 0.0 0.0
12 -0.000191901294623 0.0 0.0
13 -0.000191901294623 0.0 0.0
14 -0.000191901294623 0.0 0.0
15 -0.000191901294623 0.0 0.0
16 -0.000191901294623 0.0 0.0
17 -0.000191901294623 0.0 0.0
18 -0.000191901294623 0.0 0.0
19 -0.000191901294623 0.0 0.0
20 -0.000191901294623 0.0 0.0
21 -0.000191901294623 0.0 0.0
22 -0.000191901294623 0.0 0.0
23 -0.000191901294623 0.0 0.0
24 -0.000191901294623 0.0 0.0
25 -0.000191901294623 0.0 0.0
26 -0.000191901294623 0.0 0.0
27 -0.000191901294623 0.0 0.0
28 -0.000191901294623 0.0 0.0
29 -0.000191901294623 0.0 0.0
30 -0.000443378119582 0.0 0.0
31 -0.000443378119582 0.0 0.0
32 -0.000443378119582 0.0 0.0
33 -0.000443378119582 0.0 0.0
34 -0.000443378119582 0.0 0.0
35 -0.000443378119582 0.0 0.0
36 -0.000443378119582 0.0 0.0
37 -0.000443378119582 0.0 0.0
38 -0.000443378119582 0.0 0.0
39 -0.000443378119582 0.0 0.0
40 -0.000443378119582 0.0 0.0
41 -0.000443378119582 0.0 0.0
42 -0.000443378119582 0.0 0.0
43 -0.000443378119582 0.0 0.0
44 -0.000443378119582 0.0 0.0
45 -0.000443378119582 0.0 0.0
46 -0.000277035532889 0.0 0.0
47 -0.000277035532889 0.0 0.0
48 -0.000277035532889 0.0 0.0
49 -0.000277035532889 0.0 0.0
50 -0.000277035532889 0.0 0.0
51 -0.000277035532889 0.0 0.0
52 -0.000277035532889 0.0 0.0
53 -0.000277035532889 0.0 0.0
54 -0.000277035532889 0.0 0.0
55 -0.000277035532889 0.0 0.0
56 -0.000277035532889 0.0 0.0
57 -0.000277035532889 0.0 0.0
58 -0.000277035532889 0.0 0.0
59 -0.000277035532889 0.0 0.0
60 -0.000277035532889 0.0 0.0
61 -0.000277035532889 0.0 0.0
62 -0.000277035532889 0.0 0.0
63 -0.000277035532889 0.0 0.0
64 -0.000277035532889 0.0 0.0
65 -0.000277035532889 0.0 0.0
66 -0.000277035532889 0.0 0.0
67 -0.000277035532889 0.0 0.0
68 -0.000277035532889 0.0 0.0
69 -0.000277035532889 0.0 0.0
70 -0.000277035532889 0.0 0.0
71 -0.000277035532889 0.0 0.0
72 -0.000277035532889 0.0 0.0
73 -0.000277035532889 0.0 0.0
74 -0.000277035532889 0.0 0.0
75 -0.000277035532889 0.0 0.0
76 0.000730308050904 0.0 0.0
77 0.000730308050904 0.0 0.0
78 0.000730308050904 0.0 0.0
79 0.000730308050904 0.0 0.0
80 0.000730308050904 0.0 0.0
81 0.000730308050904 0.0 0.0
82 0.000730308050904 0.0 0.0
83 0.000730308050904 0.0 0.0
84 0.000730308050904 0.0 0.0
85 0.000730308050904 0.0 0.0
86 0.000730308050904 0.0 0.0
87 0.000730308050904 0.0 0.0
88 0.000730308050904 0.0 0.0
89 0.000730308050904 0.0 0.0
90 0.000730308050904 0.0 0.0
91 -9.27823485647e-05 0.0 0.0
92 -9.27823485647e-05 0.0 0.0
93 -9.27823485647e-05 0.0 0.0
94 -9.27823485647e-05 0.0 0.0
95 -9.27823485647e-05 0.0 0.0
96 -9.27823485647e-05 0.0 0.0
97 -9.27823485647e-05 0.0 0.0
98 -9.27823485647e-05 0.0 0.0
99 -9.27823485647e-05 0.0 0.0
100 -9.27823485647e-05 0.0 0.0
101 -9.27823485647e-05 0.0 0.0
102 -9.27823485647e-05 0.0 0.0
103 -9.27823485647e-05 0.0 0.0
104 -9.27823485647e-05 0.0 0.0
105 -9.27823485647e-05 0.0 0.0
106 -9.27823485647e-05 0.0 0.0
107 -9.27823485647e-05 0.0 0.0
108 -9.27823485647e-05 0.0 0.0
109 -9.27823485647e-05 0.0 0.0
110 -9.27823485647e-05 0.0 0.0
111 -9.27823485647e-05 0.0 0.0
112 -9.27823485647e-05 0.0 0.0
113 -9.27823485647e-05 0.0 0.0
114 -9.27823485647e-05 0.0 0.0
115 -9.27823485647e-05 0.0 0.0
116 -9.27823485647e-05 0.0 0.0
117 -9.27823485647e-05 0.0 0.0
118 -9.27823485647e-05 0.0 0.0
119 -9.27823485647e-05 0.0 0.0
120 -9.27823485647e-05 0.0 0.0
121 -0.000239085597686 0.0 0.0
122 -0.000239085597686 0.0 0.0
123 -0.000239085597686 0.0 0.0
124 -0.000239085597686 0.0 0.0
125 -0.000239085597686 0.0 0.0
126 -0.000239085597686 0.0 0.0
127 -0.000239085597686 0.0 0.0
128 -0.000239085597686 0.0 0.0
129 -0.000239085597686 0.0 0.0
130 -0.000239085597686 0.0 0.0
131 -0.000239085597686 0.0 0.0
132 -0.000239085597686 0.0 0.0
133 -0.000239085597686 0.0 0.0
134 -0.000239085597686 0.0 0.0
135 -0.000239085597686 0.0 0.0
136 -0.000146071831519 0.0 0.0
137 -0.000146071831519 0.0 0.0
138 -0.000146071831519 0.0 0.0
139 -0.000146071831519 0.0 0.0
140 -0.000146071831519 0.0 0.0
141 -0.000146071831519 0.0 0.0
142 -0.000146071831519 0.0 0.0
143 -0.000146071831519 0.0 0.0
144 -0.000146071831519 0.0 0.0
145 -0.000146071831519 0.0 0.0
146 -0.000146071831519 0.0 0.0
147 -0.000146071831519 0.0 0.0
148 -0.000146071831519 0.0 0.0
149 -0.000146071831519 0.0 0.0
150 -0.000146071831519 0.0 0.0
151 -0.000146071831519 0.0 0.0
152 -0.000146071831519 0.0 0.0
153 -0.000146071831519 0.0 0.0
154 -0.000146071831519 0.0 0.0
155 -0.000146071831519 0.0 0.0
156 -0.000146071831519 0.0 0.0
157 -0.000146071831519 0.0 0.0
158 -0.000146071831519 0.0 0.0
159 -0.000146071831519 0.0 0.0
160 -0.000146071831519 0.0 0.0
161 -0.000319856342951 0.0 0.0
162 -0.000319856342951 0.0 0.0
163 -0.000319856342951 0.0 0.0
164 -0.000319856342951 0.0 0.0
165 -0.000319856342951 0.0 0.0
166 -0.000319856342951 0.0 0.0
167 -0.000319856342951 0.0 0.0
168 -0.000319856342951 0.0 0.0
169 -0.000319856342951 0.0 0.0
170 -0.000319856342951 0.0 0.0
171 -0.000319856342951 0.0 0.0
172 -0.000319856342951 0.0 0.0
173 -0.000319856342951 0.0 0.0
174 -0.000319856342951 0.0 0.0
175 -0.000319856342951 0.0 0.0
176 -0.000319856342951 0.0 0.0
177 -0.000319856342951 0.0 0.0
178 -0.000319856342951 0.0 0.0
179 -0.000319856342951 0.0 0.0
180 -0.000319856342951 0.0 0.0
181 -0.000319856342951 0.0 0.0
182 -0.000319856342951 0.0 0.0
183 -0.000319856342951 0.0 0.0
184 -0.000319856342951 0.0 0.0
185 -0.000319856342951 0.0 0.0
186 -0.000319856342951 0.0 0.0
187 -0.000319856342951 0.0 0.0
188 -0.000319856342951 0.0 0.0
189 -0.000319856342951 0.0 0.0
190 -0.000319856342951 0.0 0.0
191 -0.000319856342951 0.0 0.0
192 -0.000319856342951 0.0 0.0
193 -0.000319856342951 0.0 0.0
194 -0.000319856342951 0.0 0.0
195 -0.000319856342951 0.0 0.0
196 -0.000319856342951 0.0 0.0
197 -0.000319856342951 0.0 0.0
198 -0.000319856342951 0.0 0.0
199 -0.000319856342951 0.0 0.0
200 -0.000319856342951 0.0 0.0
201 -0.000510720121373 0.0 0.0
202 -0.000510720121373 0.0 0.0
203 -0.000510720121373 0.0 0.0
204 -0.000510720121373 0.0 0.0
205 -0.000510720121373 0.0 0.0
206 -0.000510720121373 0.0 0.0
207 -0.000510720121373 0.0 0.0
208 -0.000510720121373 0.0 0.0
209 -0.000510720121373 0.0 0.0
210 -0.000510720121373 0.0 0.0
211 -0.000510720121373 0.0 0.0
212 -0.000510720121373 0.0 0.0
213 -0.000510720121373 0.0 0.0
214 -0.000510720121373 0.0 0.0
215 -0.000510720121373 0.0 0.0
216 -0.000510720121373 0.0 0.0
217 -0.000510720121373 0.0 0.0
218 -0.000510720121373 0.0 0.0
219 -0.000510720121373 0.0 0.0
220 -0.000510720121373 0.0 0.0
221 -0.000510720121373 0.0 0.0
222 -0.000510720121373 0.0 0.0
223 -0.000510720121373 0.0 0.0
224 -0.000510720121373 0.0 0.0
225 -0.000510720121373 0.0 0.0
226 -0.000510720121373 0.0 0.0
227 -0.000510720121373 0.0 0.0
228 -0.000510720121373 0.0 0.0
229 -0.000510720121373 0.0 0.0
230 -0.000510720121373 0.0 0.0
231 -0.000510720121373 0.0 0.0
232 -0.000510720121373 0.0 0.0
233 -0.000510720121373 0.0 0.0
234 -0.000510720121373 0.0 0.0
235 -0.000510720121373 0.0 0.0
236 -0.000510720121373 0.0 0.0
237 -0.000510720121373 0.0 0.0
238 -0.000510720121373 0.0 0.0
239 -0.000510720121373 0.0 0.0
240 -0.000510720121373 0.0 0.0
241 -0.000510720121373 0.0 0.0
242 -0.000510720121373 0.0 0.0
243 -0.000510720121373 0.0 0.0
244 -0.000510720121373 0.0 0.0
245 -0.000510720121373 0.0 0.0
246 -0.000510720121373 0.0 0.0
247 -0.000510720121373 0.0 0.0
248 -0.000510720121373 0.0 0.0
249 -0.000510720121373 0.0 0.0
250 -0.000510720121373 0.0 0.0
251 -0.000510720121373 0.0 0.0
252 -0.000510720121373 0.0 0.0
253 -0.000510720121373 0.0 0.0
254 -0.000510720121373 0.0 0.0
255 -0.000510720121373 0.0 0.0
256 -0.000510720121373 0.0 0.0
257 -0.000510720121373 0.0 0.0
258 -0.000510720121373 0.0 0.0
259 -0.000510720121373 0.0 0.0
260 -0.000510720121373 0.0 0.0
261 -0.000510720121373 0.0 0.0
262 -0.000510720121373 0.0 0.0
263 -0.000510720121373 0.0 0.0
264 -0.000510720121373 0.0 0.0
265 -0.000510720121373 0.0 0.0
266 -0.000510720121373 0.0 0.0
267 -0.000510720121373 0.0 0.0
268 -0.000510720121373 0.0 0.0
269 -0.000510720121373 0.0 0.0
270 -0.000510720121373 0.0 0.0
271 -0.000422101322047 0.0 0.0
272 -0.000422101322047 0.0 0.0
273 -0.000422101322047 0.0 0.0
274 -0.000422101322047 0.0 0.0
275 -0.000422101322047 0.0 0.0
276 -0.000422101322047 0.0 0.0
277 -0.000422101322047 0.0 0.0
278 -0.000422101322047 0.0 0.0
279 -0.000422101322047 0.0 0.0
280 -0.000422101322047 0.0 0.0
281 -0.000422101322047 0.0 0.0
282 -0.000422101322047 0.0 0.0
283 -0.000422101322047 0.0 0.0
284 -0.000422101322047 0.0 0.0
285 -0.000422101322047 0.0 0.0
286 -0.000422101322047 0.0 0.0
287 -0.000422101322047 0.0 0.0
288 -0.000422101322047 0.0 0.0
289 -0.000422101322047 0.0 0.0
290 -0.000422101322047 0.0 0.0
291 -0.000422101322047 0.0 0.0
292 -0.000422101322047 0.0 0.0
293 -0.000422101322047 0.0 0.0
294 -0.000422101322047 0.0 0.0
295 -0.000422101322047 0.0 0.0
296 -0.000422101322047 0.0 0.0
297 -0.000422101322047 0.0 0.0
298 -0.000422101322047 0.0 0.0
299 -0.000422101322047 0.0 0.0
300 -0.000422101322047 0.0 0.0
301 -0.000422101322047 0.0 0.0
302 -0.000422101322047 0.0 0.0
303 -0.000422101322047 0.0 0.0
304 -0.000422101322047 0.0 0.0
305 -0.000422101322047 0.0 0.0
306 -0.000422101322047 0.0 0.0
307 -0.000422101322047 0.0 0.0
308 -0.000422101322047 0.0 0.0
309 -0.000422101322047 0.0 0.0
310 -0.000422101322047 0.0 0.0
311 -0.000422101322047 0.0 0.0
312 -0.000422101322047 0.0 0.0
313 -0.000422101322047 0.0 0.0
314 -0.000422101322047 0.0 0.0
315 -0.000422101322047 0.0 0.0
316 -0.000422101322047 0.0 0.0
317 -0.000422101322047 0.0 0.0
318 -0.000422101322047 0.0 0.0
319 -0.000422101322047 0.0 0.0
320 -0.000422101322047 0.0 0.0
321 -0.000422101322047 0.0 0.0
322 -0.000422101322047 0.0 0.0
323 -0.000422101322047 0.0 0.0
324 -0.000422101322047 0.0 0.0
325 -0.000422101322047 0.0 0.0
326 -0.000638177274419 0.0 0.0
327 -0.000638177274419 0.0 0.0
328 -0.000638177274419 0.0 0.0
329 -0.000638177274419 0.0 0.0
330 -0.000638177274419 0.0 0.0
331 -0.000638177274419 0.0 0.0
332 -0.000638177274419 0.0 0.0
333 -0.000638177274419 0.0 0.0
334 -0.000638177274419 0.0 0.0
335 -0.000638177274419 0.0 0.0
336 -0.000638177274419 0.0 0.0
337 -0.000638177274419 0.0 0.0
338 -0.000638177274419 0.0 0.0
339 -0.000638177274419 0.0 0.0
340 -0.000638177274419 0.0 0.0
341 -0.000638177274419 0.0 0.0
342 -0.000638177274419 0.0 0.0
343 -0.000638177274419 0.0 0.0
344 -0.000638177274419 0.0 0.0
345 -0.000638177274419 0.0 0.0
346 -0.000638177274419 0.0 0.0
347 -0.000638177274419 0.0 0.0
348 -0.000638177274419 0.0 0.0
349 -0.000638177274419 0.0 0.0
350 -0.000638177274419 0.0 0.0
351 -0.000638177274419 0.0 0.0
352 -0.000638177274419 0.0 0.0
353 -0.000638177274419 0.0 0.0
354 -0.000638177274419 0.0 0.0
355 -0.000638177274419 0.0 0.0
356 -0.000638177274419 0.0 0.0
357 -0.000638177274419 0.0 0.0
358 -0.000638177274419 0.0 0.0
359 -0.000638177274419 0.0 0.0
360 -0.000638177274419 0.0 0.0
361 -0.000638177274419 0.0 0.0
362 -0.000638177274419 0.0 0.0
363 -0.000638177274419 0.0 0.0
364 -0.000638177274419 0.0 0.0
365 -0.000638177274419 0.0 0.0
366 -0.000638177274419 0.0 0.0
367 -0.000638177274419 0.0 0.0
368 -0.000638177274419 0.0 0.0
369 -0.000638177274419 0.0 0.0
370 -0.000638177274419 0.0 0.0
371 -0.000638177274419 0.0 0.0
372 -0.000638177274419 0.0 0.0
373 -0.000638177274419 0.0 0.0
374 -0.000638177274419 0.0 0.0
375 -0.000638177274419 0.0 0.0
376 0.0081039700443 0.0 0.0
377 0.0081039700443 0.0 0.0
378 0.0081039700443 0.0 0.0
379 0.0081039700443 0.0 0.0
380 0.0081039700443 0.0 0.0
381 0.0081039700443 0.0 0.0
382 0.0081039700443 0.0 0.0
383 0.0081039700443 0.0 0.0
384 0.0081039700443 0.0 0.0
385 0.0081039700443 0.0 0.0
386 0.0081039700443 0.0 0.0
387 0.0081039700443 0.0 0.0
388 0.0081039700443 0.0 0.0
389 0.0081039700443 0.0 0.0
390 0.0081039700443 0.0 0.0
391 0.0081039700443 0.0 0.0
392 0.0081039700443 0.0 0.0
393 0.0081039700443 0.0 0.0
394 0.0081039700443 0.0 0.0
395 0.0081039700443 0.0 0.0
396 0.0081039700443 0.0 0.0
397 0.0081039700443 0.0 0.0
398 0.0081039700443 0.0 0.0
399 0.0081039700443 0.0 0.0
400 0.0081039700443 0.0 0.0
401 0.0081039700443 0.0 0.0
402 0.0081039700443 0.0 0.0
403 0.0081039700443 0.0 0.0
404 0.0081039700443 0.0 0.0
405 0.0081039700443 0.0 0.0
406 0.0081039700443 0.0 0.0
407 0.0081039700443 0.0 0.0
408 0.0081039700443 0.0 0.0
409 0.0081039700443 0.0 0.0
410 0.0081039700443 0.0 0.0
411 0.0081039700443 0.0 0.0
412 0.0081039700443 0.0 0.0
413 0.0081039700443 0.0 0.0
414 0.0081039700443 0.0 0.0
415 0.0081039700443 0.0 0.0
416 0.0081039700443 0.0 0.0
417 0.0081039700443 0.0 0.0
418 0.0081039700443 0.0 0.0
419 0.0081039700443 0.0 0.0
420 0.0081039700443 0.0 0.0
421 0.0081039700443 0.0 0.0
422 0.0081039700443 0.0 0.0
423 0.0081039700443 0.0 0.0
424 0.0081039700443 0.0 0.0
425 0.0081039700443 0.0 0.0
426 0.0204081632653 0.0 0.0
427 0.0204081632653 0.0 0.0
428 0.0204081632653 0.0 0.0
429 0.0204081632653 0.0 0.0
430 0.0204081632653 0.0 0.0
431 0.0204081632653 0.0 0.0
432 0.0204081632653 0.0 0.0
433 0.0204081632653 0.0 0.0
434 0.0204081632653 0.0 0.0
435 0.0204081632653 0.0 0.0
436 0.0204081632653 0.0 0.0
437 0.0204081632653 0.0 0.0
438 0.0204081632653 0.0 0.0
439 0.0204081632653 0.0 0.0
440 0.0204081632653 0.0 0.0
441 0.0204081632653 0.0 0.0
442 0.0204081632653 0.0 0.0
443 0.0204081632653 0.0 0.0
444 0.0204081632653 0.0 0.0
445 0.0204081632653 0.0 0.0
446 0.0204081632653 0.0 0.0
447 0.0204081632653 0.0 0.0
448 0.0204081632653 0.0 0.0
449 0.0204081632653 0.0 0.0
450 0.0204081632653 0.0 0.0
451 0.0204081632653 0.0 0.0
452 0.0204081632653 0.0 0.0
453 0.0204081632653 0.0 0.0
454 0.0204081632653 0.0 0.0
455 0.0204081632653 0.0 0.0
456 0.0204081632653 0.0 0.0
457 0.0204081632653 0.0 0.0
458 0.0204081632653 0.0 0.0
459 0.0204081632653 0.0 0.0
460 0.0204081632653 0.0 0.0
461 0.0204081632653 0.0 0.0
462 0.0204081632653 0.0 0.0
463 0.0204081632653 0.0 0.0
464 0.0204081632653 0.0 0.0
465 0.0204081632653 0.0 0.0
466 0.0204081632653 0.0 0.0
467 0.0204081632653 0.0 0.0
468 0.0204081632653 0.0 0.0
469 0.0204081632653 0.0 0.0
470 0.0204081632653 0.0 0.0
471 0.0204081632653 0.0 0.0
472 0.0204081632653 0.0 0.0
473 0.0204081632653 0.0 0.0
474 0.0204081632653 0.0 0.0
475 0.0204081632653 0.0 0.0
476 0.0102606910857 0.0 0.0
477 0.0102606910857 0.0 0.0
478 0.0102606910857 0.0 0.0
479 0.0102606910857 0.0 0.0
480 0.0102606910857 0.0 0.0
481 0.0102606910857 0.0 0.0
482 0.0102606910857 0.0 0.0
483 0.0102606910857 0.0 0.0
484 0.0102606910857 0.0 0.0
485 0.0102606910857 0.0 0.0
486 0.0102606910857 0.0 0.0
487 0.0102606910857 0.0 0.0
488 0.0102606910857 0.0 0.0
489 0.0102606910857 0.0 0.0
490 0.0102606910857 0.0 0.0
491 0.0102606910857 0.0 0.0
492 0.0102606910857 0.0 0.0
493 0.0102606910857 0.0 0.0
494 0.0102606910857 0.0 0.0
495 0.0102606910857 0.0 0.0
496 0.0102606910857 0.0 0.0
497 0.0102606910857 0.0 0.0
498 0.0102606910857 0.0 0.0
499 0.0102606910857 0.0 0.0
500 0.0102606910857 0.0 0.0
501 0.0102606910857 0.0 0.0
502 0.0102606910857 0.0 0.0
503 0.0102606910857 0.0 0.0
504 0.0102606910857 0.0 0.0
505 0.0102606910857 0.0 0.0
506 0.0102606910857 0.0 0.0
507 0.0102606910857 0.0 0.0
508 0.0102606910857 0.0 0.0
509 0.0102606910857 0.0 0.0
510 0.0102606910857 0.0 0.0
511 0.0102606910857 0.0 0.0
512 0.0102606910857 0.0 0.0
513 0.0102606910857 0.0 0.0
514 0.0102606910857 0.0 0.0
515 0.0102606910857 0.0 0.0
516 0.0102606910857 0.0 0.0
517 0.0102606910857 0.0 0.0
518 0.0102606910857 0.0 0.0
519 0.0102606910857 0.0 0.0
520 0.0102606910857 0.0 0.0
521 0.0102606910857 0.0 0.0
522 0.0102606910857 0.0 0.0
523 0.0102606910857 0.0 0.0
524 0.0102606910857 0.0 0.0
525 0.0102606910857 0.0 0.0
526 -0.0013798436197 0.0 0.0
527 -0.0013798436197 0.0 0.0
528 -0.0013798436197 0.0 0.0
529 -0.0013798436197 0.0 0.0
530 -0.0013798436197 0.0 0.0
531 -0.0013798436197 0.0 0.0
532 -0.0013798436197 0.0 0.0
533 -0.0013798436197 0.0 0.0
534 -0.0013798436197 0.0 0.0
535 -0.0013798436197 0.0 0.0
536 -0.0013798436197 0.0 0.0
537 -0.0013798436197 0.0 0.0
538 -0.0013798436197 0.0 0.0
539 -0.0013798436197 0.0 0.0
540 -0.0013798436197 0.0 0.0
541 -0.0013798436197 0.0 0.0
542 -0.0013798436197 0.0 0.0
543 -0.0013798436197 0.0 0.0
544 -0.0013798436197 0.0 0.0
545 -0.0013798436197 0.0 0.0
546 -0.0013798436197 0.0 0.0
547 -0.0013798436197 0.0 0.0
548 -0.0013798436197 0.0 0.0
549 -0.0013798436197 0.0 0.0
550 -0.0013798436197 0.0 0.0
551 -0.0013798436197 0.0 0.0
552 -0.0013798436197 0.0 0.0
553 -0.0013798436197 0.0 0.0
554 -0.0013798436197 0.0 0.0
555 -0.0013798436197 0.0 0.0
556 -0.0013798436197 0.0 0.0
557 -0.0013798436197 0.0 0.0
558 -0.0013798436197 0.0 0.0
559 -0.0013798436197 0.0 0.0
560 -0.0013798436197 0.0 0.0
561 -0.0013798436197 0.0 0.0
562 -0.0013798436197 0.0 0.0
563 -0.0013798436197 0.0 0.0
564 -0.0013798436197 0.0 0.0
565 -0.0013798436197 0.0 0.0
566 -0.0013798436197 0.0 0.0
567 -0.0013798436197 0.0 0.0
568 -0.0013798436197 0.0 0.0
569 -0.0013798436197 0.0 0.0
570 -0.0013798436197 0.0 0.0
571 -0.0013798436197 0.0 0.0
572 -0.0013798436197 0.0 0.0
573 -0.0013798436197 0.0 0.0
574 -0.0013798436197 0.0 0.0
575 -0.0013798436197 0.0 0.0
576 -0.00153104103931 0.0 0.0
577 -0.00153104103931 0.0 0.0
578 -0.00153104103931 0.0 0.0
579 -0.00153104103931 0.0 0.0
580 -0.00153104103931 0.0 0.0
581 -0.00153104103931 0.0 0.0
582 -0.00153104103931 0.0 0.0
583 -0.00153104103931 0.0 0.0
584 -0.00153104103931 0.0 0.0
585 -0.00153104103931 0.0 0.0
586 -0.00153104103931 0.0 0.0
587 -0.00153104103931 0.0 0.0
588 -0.00153104103931 0.0 0.0
589 -0.00153104103931 0.0 0.0
590 -0.00153104103931 0.0 0.0
591 -0.00153104103931 0.0 0.0
592 -0.00153104103931 0.0 0.0
593 -0.00153104103931 0.0 0.0
594 -0.00153104103931 0.0 0.0
595 -0.00153104103931 0.0 0.0
596 -0.00153104103931 0.0 0.0
597 -0.00153104103931 0.0 0.0
598 -0.00153104103931 0.0 0.0
599 -0.00153104103931 0.0 0.0
600 -0.00153104103931 0.0 0.0
601 -0.00153104103931 0.0 0.0
602 -0.00153104103931 0.0 0.0
603 -0.00153104103931 0.0 0.0
604 -0.00153104103931 0.0 0.0
605 -0.00153104103931 0.0 0.0
606 -0.00153104103931 0.0 0.0
607 -0.00153104103931 0.0 0.0
608 -0.00153104103931 0.0 0.0
609 -0.00153104103931 0.0 0.0
610 -0.00153104103931 0.0 0.0
611 -0.00153104103931 0.0 0.0
612 -0.00153104103931 0.0 0.0
613 -0.00153104103931 0.0 0.0
614 -0.00153104103931 0.0 0.0
615 -0.00153104103931 0.0 0.0
616 -0.00153104103931 0.0 0.0
617 -0.00153104103931 0.0 0.0
618 -0.00153104103931 0.0 0.0
619 -0.00153104103931 0.0 0.0
620 -0.00153104103931 0.0 0.0
621 -0.00153104103931 0.0 0.0
622 -0.00153104103931 0.0 0.0
623 -0.00153104103931 0.0 0.0
624 -0.00153104103931 0.0 0.0
625 -0.00153104103931 0.0 0.0
626 -0.000273285588807 0.0 0.0
627 -0.000273285588807 0.0 0.0
628 -0.000273285588807 0.0 0.0
629 -0.000273285588807 0.0 0.0
630 -0.000273285588807 0.0 0.0
631 -0.000273285588807 0.0 0.0
632 -0.000273285588807 0.0 0.0
633 -0.000273285588807 0.0 0.0
634 -0.000273285588807 0.0 0.0
635 -0.000273285588807 0.0 0.0
636 -0.000273285588807 0.0 0.0
637 -0.000273285588807 0.0 0.0
638 -0.000273285588807 0.0 0.0
639 -0.000273285588807 0.0 0.0
640 -0.000273285588807 0.0 0.0
641 -0.000273285588807 0.0 0.0
642 -0.000273285588807 0.0 0.0
643 -0.000273285588807 0.0 0.0
644 -0.000273285588807 0.0 0.0
645 -0.000273285588807 0.0 0.0
646 -0.000273285588807 0.0 0.0
647 -0.000273285588807 0.0 0.0
648 -0.000273285588807 0.0 0.0
649 -0.000273285588807 0.0 0.0
650 -0.000273285588807 0.0 0.0
651 -0.000273285588807 0.0 0.0
652 -0.000273285588807 0.0 0.0
653 -0.000273285588807 0.0 0.0
654 -0.000273285588807 0.0 0.0
655 -0.000273285588807 0.0 0.0
656 -0.000273285588807 0.0 0.0
657 -0.000273285588807 0.0 0.0
658 -0.000273285588807 0.0 0.0
659 -0.000273285588807 0.0 0.0
660 -0.000273285588807 0.0 0.0
661 -0.000273285588807 0.0 0.0
662 -0.000273285588807 0.0 0.0
663 -0.000273285588807 0.0 0.0
664 -0.000273285588807 0.0 0.0
665 -0.000273285588807 0.0 0.0
666 -0.000273285588807 0.0 0.0
667 -0.000273285588807 0.0 0.0
668 -0.000273285588807 0.0 0.0
669 -0.000273285588807 0.0 0.0
670 -0.000273285588807 0.0 0.0
671 -0.000273285588807 0.0 0.0
672 -0.000273285588807 0.0 0.0
673 -0.000273285588807 0.0 0.0
674 -0.000273285588807 0.0 0.0
675 -0.000273285588807 0.0 0.0
676 -0.000877429611838 0.0 0.0
677 -0.000877429611838 0.0 0.0
678 -0.000877429611838 0.0 0.0
679 -0.000877429611838 0.0 0.0
680 -0.000877429611838 0.0 0.0
681 -0.000877429611838 0.0 0.0
682 -0.000877429611838 0.0 0.0
683 -0.000877429611838 0.0 0.0
684 -0.000877429611838 0.0 0.0
685 -0.000877429611838 0.0 0.0
686 -0.000877429611838 0.0 0.0
687 -0.000877429611838 0.0 0.0
688 -0.000877429611838 0.0 0.0
689 -0.000877429611838 0.0 0.0
690 -0.000877429611838 0.0 0.0
691 -0.000877429611838 0.0 0.0
692 -0.000877429611838 0.0 0.0
693 -0.000877429611838 0.0 0.0
694 -0.000877429611838 0.0 0.0
695 -0.000877429611838 0.0 0.0
696 -0.000877429611838 0.0 0.0
697 -0.000877429611838 0.0 0.0
698 -0.000877429611838 0.0 0.0
699 -0.000877429611838 0.0 0.0
700 -0.000877429611838 0.0 0.0
701 -0.000877429611838 0.0 0.0
702 -0.000877429611838 0.0 0.0
703 -0.000877429611838 0.0 0.0
704 -0.000877429611838 0.0 0.0
705 -0.000877429611838 0.0 0.0
706 -0.000877429611838 0.0 0.0
707 -0.000877429611838 0.0 0.0
708 -0.000877429611838 0.0 0.0
709 -0.000877429611838 0.0 0.0
710 -0.000877429611838 0.0 0.0
711 -0.000877429611838 0.0 0.0
712 -0.000877429611838 0.0 0.0
713 -0.000877429611838 0.0 0.0
714 -0.000877429611838 0.0 0.0
715 -0.000877429611838 0.0 0.0
716 -0.000877429611838 0.0 0.0
717 -0.000877429611838 0.0 0.0
718 -0.000877429611838 0.0 0.0
719 -0.000877429611838 0.0 0.0
720 -0.000877429611838 0.0 0.0
721 -0.000877429611838 0.0 0.0
722 -0.000877429611838 0.0 0.0
723 -0.000877429611838 0.0 0.0
724 -0.000877429611838 0.0 0.0
725 -0.000877429611838 0.0 0.0
726 -0.00103839013245 0.0 0.0
727 -0.00103839013245 0.0 0.0
728 -0.00103839013245 0.0 0.0
729 -0.00103839013245 0.0 0.0
730 -0.00103839013245 0.0 0.0
731 -0.00103839013245 0.0 0.0
732 -0.00103839013245 0.0 0.0
733 -0.00103839013245 0.0 0.0
734 -0.00103839013245 0.0 0.0
735 -0.00103839013245 0.0 0.0
736 -0.00103839013245 0.0 0.0
737 -0.00103839013245 0.0 0.0
738 -0.00103839013245 0.0 0.0
739 -0.00103839013245 0.0 0.0
740 -0.00103839013245 0.0 0.0
741 -0.00103839013245 0.0 0.0
742 -0.00103839013245 0.0 0.0
743 -0.00103839013245 0.0 0.0
744 -0.00103839013245 0.0 0.0
745 -0.00103839013245 0.0 0.0
746 -0.00103839013245 0.0 0.0
747 -0.00103839013245 0.0 0.0
748 -0.00103839013245 0.0 0.0
749 -0.00103839013245 0.0 0.0
750 -0.00103839013245 0.0 0.0
751 -0.00103839013245 0.0 0.0
752 -0.00103839013245 0.0 0.0
753 -0.00103839013245 0.0 0.0
754 -0.00103839013245 0.0 0.0
755 -0.00103839013245 0.0 0.0
756 -0.00103839013245 0.0 0.0
757 -0.00103839013245 0.0 0.0
758 -0.00103839013245 0.0 0.0
759 -0.00103839013245 0.0 0.0
760 -0.00103839013245 0.0 0.0
761 -0.00103839013245 0.0 0.0
762 -0.00103839013245 0.0 0.0
763 -0.00103839013245 0.0 0.0
764 -0.00103839013245 0.0 0.0
765 -0.00103839013245 0.0 0.0
766 -0.00103839013245 0.0 0.0
767 -0.00103839013245 0.0 0.0
768 -0.00103839013245 0.0 0.0
769 -0.00103839013245 0.0 0.0
770 -0.00103839013245 0.0 0.0
771 -0.00103839013245 0.0 0.0
772 -0.00103839013245 0.0 0.0
773 -0.00103839013245 0.0 0.0
774 -0.00103839013245 0.0 0.0
775 -0.00103839013245 0.0 0.0
776 -0.000562377049905 0.0 0.0
777 -0.000562377049905 0.0 0.0
778 -0.000562377049905 0.0 0.0
779 -0.000562377049905 0.0 0.0
780 -0.000562377049905 0.0 0.0
781 -0.000562377049905 0.0 0.0
782 -0.000562377049905 0.0 0.0
783 -0.000562377049905 0.0 0.0
784 -0.000562377049905 0.0 0.0
785 -0.000562377049905 0.0 0.0
786 -0.000562377049905 0.0 0.0
787 -0.000562377049905 0.0 0.0
788 -0.000562377049905 0.0 0.0
789 -0.000562377049905 0.0 0.0
790 -0.000562377049905 0.0 0.0
791 -0.000562377049905 0.0 0.0
792 -0.000562377049905 0.0 0.0
793 -0.000562377049905 0.0 0.0
794 -0.000562377049905 0.0 0.0
795 -0.000562377049905 0.0 0.0
796 -0.000562377049905 0.0 0.0
797 -0.000562377049905 0.0 0.0
798 -0.000562377049905 0.0 0.0
799 -0.000562377049905 0.0 0.0
800 -0.000562377049905 0.0 0.0
801 -0.000562377049905 0.0 0.0
802 -0.000562377049905 0.0 0.0
803 -0.000562377049905 0.0 0.0
804 -0.000562377049905 0.0 0.0
805 -0.000562377049905 0.0 0.0
806 -0.000562377049905 0.0 0.0
807 -0.000562377049905 0.0 0.0
808 -0.000562377049905 0.0 0.0
809 -0.000562377049905 0.0 0.0
810 -0.000562377049905 0.0 0.0
811 -0.000562377049905 0.0 0.0
812 -0.000562377049905 0.0 0.0
813 -0.000562377049905 0.0 0.0
814 -0.000562377049905 0.0 0.0
815 -0.000562377049905 0.0 0.0
816 -0.000562377049905 0.0 0.0
817 -0.000562377049905 0.0 0.0
818 -0.000562377049905 0.0 0.0
819 -0.000562377049905 0.0 0.0
820 -0.000562377049905 0.0 0.0
821 -0.000562377049905 0.0 0.0
822 -0.000562377049905 0.0 0.0
823 -0.000562377049905 0.0 0.0
824 -0.000562377049905 0.0 0.0
825 -0.000562377049905 0.0 0.0
826 -3.80238289429e-06 0.0 0.0
827 -3.80238289429e-06 0.0 0.0
828 -3.80238289429e-06 0.0 0.0
829 -3.80238289429e-06 0.0 0.0
830 -3.80238289429e-06 0.0 0.0
831 -3.80238289429e-06 0.0 0.0
832 -3.80238289429e-06 0.0 0.0
833 -3.80238289429e-06 0.0 0.0
834 -3.80238289429e-06 0.0 0.0
835 -3.80238289429e-06 0.0 0.0
836 -3.80238289429e-06 0.0 0.0
837 -3.80238289429e-06 0.0 0.0
838 -3.80238289429e-06 0.0 0.0
839 -3.80238289429e-06 0.0 0.0
840 -3.80238289429e-06 0.0 0.0
841 -3.80238289429e-06 0.0 0.0
842 -3.80238289429e-06 0.0 0.0
843 -3.80238289429e-06 0.0 0.0
844 -3.80238289429e-06 0.0 0.0
845 -3.80238289429e-06 0.0 0.0
846 -3.80238289429e-06 0.0 0.0
847 -3.80238289429e-06 0.0 0.0
848 -3.80238289429e-06 0.0 0.0
849 -3.80238289429e-06 0.0 0.0
850 -3.80238289429e-06 0.0 0.0
851 -3.80238289429e-06 0.0 0.0
852 -3.80238289429e-06 0.0 0.0
853 -3.80238289429e-06 0.0 0.0
854 -3.80238289429e-06 0.0 0.0
855 -3.80238289429e-06 0.0 0.0
856 -3.80238289429e-06 0.0 0.0
857 -3.80238289429e-06 0.0 0.0
858 -3.80238289429e-06 0.0 0.0
859 -3.80238289429e-06 0.0 0.0
860 -3.80238289429e-06 0.0 0.0
861 -3.80238289429e-06 0.0 0.0
862 -3.80238289429e-06 0.0 0.0
863 -3.80238289429e-06 0.0 0.0
864 -3.80238289429e-06 0.0 0.0
865 -3.80238289429e-06 0.0 0.0
866 -3.80238289429e-06 0.0 0.0
867 -3.80238289429e-06 0.0 0.0
868 -3.80238289429e-06 0.0 0.0
869 -3.80238289429e-06 0.0 0.0
870 -3.80238289429e-06 0.0 0.0
871 -3.80238289429e-06 0.0 0.0
872 -3.80238289429e-06 0.0 0.0
873 -3.80238289429e-06 0.0 0.0
874 -3.80238289429e-06 0.0 0.0
875 -3.80238289429e-06 0.0 0.0
876 -3.80238289429e-06 0.0 0.0
877 -3.80238289429e-06 0.0 0.0
878 -3.80238289429e-06 0.0 0.0
879 -3.80238289429e-06 0.0 0.0
880 -3.80238289429e-06 0.0 0.0
881 -3.80238289429e-06 0.0 0.0
882 -3.80238289429e-06 0.0 0.0
883 -3.80238289429e-06 0.0 0.0
884 -3.80238289429e-06 0.0 0.0
885 -3.80238289429e-06 0.0 0.0
886 -3.80238289429e-06 0.0 0.0
887 -3.80238289429e-06 0.0 0.0
888 -3.80238289429e-06 0.0 0.0
889 -3.80238289429e-06 0.0 0.0
890 -3.80238289429e-06 0.0 0.0
891 -3.80238289429e-06 0.0 0.0
892 -3.80238289429e-06 0.0 0.0
893 -3.80238289429e-06 0.0 0.0
894 -3.80238289429e-06 0.0 0.0
895 -3.80238289429e-06 0.0 0.0
896 -3.80238289429e-06 0.0 0.0
897 -3.80238289429e-06 0.0 0.0
898 -3.80238289429e-06 0.0 0.0
899 -3.80238289429e-06 0.0 0.0
900 -3.80238289429e-06 0.0 0.0
901 -3.80238289429e-06 0.0 0.0
902 -3.80238289429e-06 0.0 0.0
903 -3.80238289429e-06 0.0 0.0
904 -3.80238289429e-06 0.0 0.0
905 -3.80238289429e-06 0.0 0.0
906 -3.80238289429e-06 0.0 0.0
907 -3.80238289429e-06 0.0 0.0
908 -3.80238289429e-06 0.0 0.0
909 -3.80238289429e-06 0.0 0.0
910 -3.80238289429e-06 0.0 0.0
911 -3.80238289429e-06 0.0 0.0
912 -3.80238289429e-06 0.0 0.0
913 -3.80238289429e-06 0.0 0.0
914 -3.80238289429e-06 0.0 0.0
915 -3.80238289429e-06 0.0 0.0
916 -3.80238289429e-06 0.0 0.0
917 -3.80238289429e-06 0.0 0.0
918 -3.80238289429e-06 0.0 0.0
919 -3.80238289429e-06 0.0 0.0
920 -3.80238289429e-06 0.0 0.0
921 -3.80238289429e-06 0.0 0.0
922 -3.80238289429e-06 0.0 0.0
923 -3.80238289429e-06 0.0 0.0
924 -3.80238289429e-06 0.0 0.0
925 -3.80238289429e-06 0.0 0.0
926 -3.80238289429e-06 0.0 0.0
927 -3.80238289429e-06 0.0 0.0
928 -3.80238289429e-06 0.0 0.0
929 -3.80238289429e-06 0.0 0.0
930 -3.80238289429e-06 0.0 0.0
931 -3.80238289429e-06 0.0 0.0
932 -3.80238289429e-06 0.0 0.0
933 -3.80238289429e-06 0.0 0.0
934 -3.80238289429e-06 0.0 0.0
935 -3.80238289429e-06 0.0 0.0
936 -3.80238289429e-06 0.0 0.0
937 -3.80238289429e-06 0.0 0.0
938 -3.80238289429e-06 0.0 0.0
939 -3.80238289429e-06 0.0 0.0
940 -3.80238289429e-06 0.0 0.0
941 -3.80238289429e-06 0.0 0.0
942 -3.80238289429e-06 0.0 0.0
943 -3.80238289429e-06 0.0 0.0
944 -3.80238289429e-06 0.0 0.0
945 -3.80238289429e-06 0.0 0.0
946 -3.80238289429e-06 0.0 0.0
947 -3.80238289429e-06 0.0 0.0
948 -3.80238289429e-06 0.0 0.0
949 -3.80238289429e-06 0.0 0.0
950 -3.80238289429e-06 0.0 0.0
951 -3.80238289429e-06 0.0 0.0
952 -3.80238289429e-06 0.0 0.0
953 -3.80238289429e-06 0.0 0.0
954 -3.80238289429e-06 0.0 0.0
955 -3.80238289429e-06 0.0 0.0
956 -3.80238289429e-06 0.0 0.0
957 -3.80238289429e-06 0.0 0.0
958 -3.80238289429e-06 0.0 0.0
959 -3.80238289429e-06 0.0 0.0
960 -3.80238289429e-06 0.0 0.0
961 -3.80238289429e-06 0.0 0.0
962 -3.80238289429e-06 0.0 0.0
963 -3.80238289429e-06 0.0 0.0
964 -3.80238289429e-06 0.0 0.0
965 -3.80238289429e-06 0.0 0.0
966 -3.80238289429e-06 0.0 0.0
967 -3.80238289429e-06 0.0 0.0
968 -3.80238289429e-06 0.0 0.0
969 -3.80238289429e-06 0.0 0.0
970 -3.80238289429e-06 0.0 0.0
971 -3.80238289429e-06 0.0 0.0
972 -3.80238289429e-06 0.0 0.0
973 -3.80238289429e-06 0.0 0.0
974 -3.80238289429e-06 0.0 0.0
975 -3.80238289429e-06 0.0 0.0
976 -3.80238289429e-06 0.0 0.0
977 -3.80238289429e-06 0.0 0.0
978 -3.80238289429e-06 0.0 0.0
979 -3.80238289429e-06 0.0 0.0
980 -3.80238289429e-06 0.0 0.0
981 -3.80238289429e-06 0.0 0.0
982 -3.80238289429e-06 0.0 0.0
983 -3.80238289429e-06 0.0 0.0
984 -3.80238289429e-06 0.0 0.0
985 -3.80238289429e-06 0.0 0.0
986 -3.80238289429e-06 0.0 0.0
987 -3.80238289429e-06 0.0 0.0
988 -3.80238289429e-06 0.0 0.0
989 -3.80238289429e-06 0.0 0.0
990 -3.80238289429e-06 0.0 0.0
991 -3.80238289429e-06 0.0 0.0
992 -3.80238289429e-06 0.0 0.0
993 -3.80238289429e-06 0.0 0.0
994 -3.80238289429e-06 0.0 0.0
995 -3.80238289429e-06 0.0 0.0
996 -3.80238289429e-06 0.0 0.0
997 -3.80238289429e-06 0.0 0.0
998 -3.80238289429e-06 0.0 0.0
999 -3.80238289429e-06 0.0 0.0
1000 -3.80238289429e-06 0.0 0.0
1001 -3.80238289429e-06 0.0 0.0
1002 -3.80238289429e-06 0.0 0.0
1003 -3.80238289429e-06 0.0 0.0
1004 -3.80238289429e-06 0.0 0.0
1005 -3.80238289429e-06 0.0 0.0
1006 -3.80238289429e-06 0.0 0.0
1007 -3.80238289429e-06 0.0 0.0
1008 -3.80238289429e-06 0.0 0.0
1009 -3.80238289429e-06 0.0 0.0
1010 -3.80238289429e-06 0.0 0.0
1011 -3.80238289429e-06 0.0 0.0
1012 -3.80238289429e-06 0.0 0.0
1013 -3.80238289429e-06 0.0 0.0
1014 -3.80238289429e-06 0.0 0.0
1015 -3.80238289429e-06 0.0 0.0
1016 -3.80238289429e-06 0.0 0.0
1017 -3.80238289429e-06 0.0 0.0
1018 -3.80238289429e-06 0.0 0.0
1019 -3.80238289429e-06 0.0 0.0
1020 -3.80238289429e-06 0.0 0.0
1021 -3.80238289429e-06 0.0 0.0
1022 -3.80238289429e-06 0.0 0.0
1023 -3.80238289429e-06 0.0 0.0
1024 -3.80238289429e-06 0.0 0.0
1025 -3.80238289429e-06 0.0 0.0
1026 -3.80238289429e-06 0.0 0.0
1027 -3.80238289429e-06 0.0 0.0
1028 -3.80238289429e-06 0.0 0.0
1029 -3.80238289429e-06 0.0 0.0
1030 -3.80238289429e-06 0.0 0.0
1031 -3.80238289429e-06 0.0 0.0
1032 -3.80238289429e-06 0.0 0.0
1033 -3.80238289429e-06 0.0 0.0
1034 -3.80238289429e-06 0.0 0.0
1035 -3.80238289429e-06 0.0 0.0
1036 -3.80238289429e-06 0.0 0.0
1037 -3.80238289429e-06 0.0 0.0
1038 -3.80238289429e-06 0.0 0.0
1039 -3.80238289429e-06 0.0 0.0
1040 -3.80238289429e-06 0.0 0.0
1041 -3.80238289429e-06 0.0 0.0
1042 -3.80238289429e-06 0.0 0.0
1043 -3.80238289429e-06 0.0 0.0
1044 -3.80238289429e-06 0.0 0.0
1045 -3.80238289429e-06 0.0 0.0
1046 -3.80238289429e-06 0.0 0.0
1047 -3.80238289429e-06 0.0 0.0
1048 -3.80238289429e-06 0.0 0.0
1049 -3.80238289429e-06 0.0 0.0
1050 -3.80238289429e-06 0.0 0.0
1051 0.000139234228434 0.0 0.0
1052 0.000139234228434 0.0 0.0
1053 0.000139234228434 0.0 0.0
1054 0.000139234228434 0.0 0.0
1055 0.000139234228434 0.0 0.0
1056 0.000139234228434 0.0 0.0
1057 0.000139234228434 0.0 0.0
1058 0.000139234228434 0.0 0.0
1059 0.000139234228434 0.0 0.0
1060 0.000139234228434 0.0 0.0
1061 0.000139234228434 0.0 0.0
1062 0.000139234228434 0.0 0.0
1063 0.000139234228434 0.0 0.0
1064 0.000139234228434 0.0 0.0
1065 0.000139234228434 0.0 0.0
1066 0.000139234228434 0.0 0.0
1067 0.000139234228434 0.0 0.0
1068 0.000139234228434 0.0 0.0
1069 0.000139234228434 0.0 0.0
1070 0.000139234228434 0.0 0.0
1071 0.000139234228434 0.0 0.0
1072 0.000139234228434 0.0 0.0
1073 0.000139234228434 0.0 0.0
1074 0.000139234228434 0.0 0.0
1075 0.000139234228434 0.0 0.0
1076 0.000139234228434 0.0 0.0
1077 0.000139234228434 0.0 0.0
1078 0.000139234228434 0.0 0.0
1079 0.000139234228434 0.0 0.0
1080 0.000139234228434 0.0 0.0
1081 0.000139234228434 0.0 0.0
1082 0.000139234228434 0.0 0.0
1083 0.000139234228434 0.0 0.0
1084 0.000139234228434 0.0 0.0
1085 0.000139234228434 0.0 0.0
1086 0.000139234228434 0.0 0.0
1087 0.000139234228434 0.0 0.0
1088 0.000139234228434 0.0 0.0
1089 0.000139234228434 0.0 0.0
1090 0.000139234228434 0.0 0.0
1091 0.000139234228434 0.0 0.0
1092 0.000139234228434 0.0 0.0
1093 0.000139234228434 0.0 0.0
1094 0.000139234228434 0.0 0.0
1095 0.000139234228434 0.0 0.0
1096 0.000139234228434 0.0 0.0
1097 0.000139234228434 0.0 0.0
1098 0.000139234228434 0.0 0.0
1099 0.000139234228434 0.0 0.0
1100 0.000139234228434 0.0 0.0
1101 0.000139234228434 0.0 0.0
1102 0.000139234228434 0.0 0.0
1103 0.000139234228434 0.0 0.0
1104 0.000139234228434 0.0 0.0
1105 0.000139234228434 0.0 0.0
1106 0.000139234228434 0.0 0.0
1107 0.000139234228434 0.0 0.0
1108 0.000139234228434 0.0 0.0
1109 0.000139234228434 0.0 0.0
1110 0.000139234228434 0.0 0.0
1111 0.000139234228434 0.0 0.0
1112 0.000139234228434 0.0 0.0
1113 0.000139234228434 0.0 0.0
1114 0.000139234228434 0.0 0.0
1115 0.000139234228434 0.0 0.0
1116 0.000139234228434 0.0 0.0
1117 0.000139234228434 0.0 0.0
1118 0.000139234228434 0.0 0.0
1119 0.000139234228434 0.0 0.0
1120 0.000139234228434 0.0 0.0
1121 0.000139234228434 0.0 0.0
1122 0.000139234228434 0.0 0.0
1123 0.000139234228434 0.0 0.0
1124 0.000139234228434 0.0 0.0
1125 0.000139234228434 0.0 0.0
1126 0.000139234228434 0.0 0.0
1127 0.000139234228434 0.0 0.0
1128 0.000139234228434 0.0 0.0
1129 0.000139234228434 0.0 0.0
1130 0.000139234228434 0.0 0.0
1131 0.000139234228434 0.0 0.0
1132 0.000139234228434 0.0 0.0
1133 0.000139234228434 0.0 0.0
1134 0.000139234228434 0.0 0.0
1135 0.000139234228434 0.0 0.0
1136 0.000139234228434 0.0 0.0
1137 0.000139234228434 0.0 0.0
1138 0.000139234228434 0.0 0.0
1139 0.000139234228434 0.0 0.0
1140 0.000139234228434 0.0 0.0
1141 0.000139234228434 0.0 0.0
1142 0.000139234228434 0.0 0.0
1143 0.000139234228434 0.0 0.0
1144 0.000139234228434 0.0 0.0
1145 0.000139234228434 0.0 0.0
1146 0.000139234228434 0.0 0.0
1147 0.000139234228434 0.0 0.0
1148 0.000139234228434 0.0 0.0
1149 0.000139234228434 0.0 0.0
1150 0.000139234228434 0.0 0.0
1151 -3.96125692367e-05 0.0 0.0
1152 -3.96125692367e-05 0.0 0.0
1153 -3.96125692367e-05 0.0 0.0
1154 -3.96125692367e-05 0.0 0.0
1155 -3.96125692367e-05 0.0 0.0
1156 -3.96125692367e-05 0.0 0.0
1157 -3.96125692367e-05 0.0 0.0
1158 -3.96125692367e-05 0.0 0.0
1159 -3.96125692367e-05 0.0 0.0
1160 -3.96125692367e-05 0.0 0.0
1161 -3.96125692367e-05 0.0 0.0
1162 -3.96125692367e-05 0.0 0.0
1163 -3.96125692367e-05 0.0 0.0
1164 -3.96125692367e-05 0.0 0.0
1165 -3.96125692367e-05 0.0 0.0
1166 -3.96125692367e-05 0.0 0.0
1167 -3.96125692367e-05 0.0 0.0
1168 -3.96125692367e-05 0.0 0.0
1169 -3.96125692367e-05 0.0 0.0
1170 -3.96125692367e-05 0.0 0.0
1171 -3.96125692367e-05 0.0 0.0
1172 -3.96125692367e-05 0.0 0.0
1173 -3.96125692367e-05 0.0 0.0
1174 -3.96125692367e-05 0.0 0.0
1175 -3.96125692367e-05 0.0 0.0
1176 -3.96125692367e-05 0.0 0.0
1177 -3.96125692367e-05 0.0 0.0
1178 -3.96125692367e-05 0.0 0.0
1179 -3.96125692367e-05 0.0 0.0
1180 -3.96125692367e-05 0.0 0.0
1181 -3.96125692367e-05 0.0 0.0
1182 -3.96125692367e-05 0.0 0.0
1183 -3.96125692367e-05 0.0 0.0
1184 -3.96125692367e-05 0.0 0.0
1185 -3.96125692367e-05 0.0 0.0
1186 -3.96125692367e-05 0.0 0.0
1187 -3.96125692367e-05 0.0 0.0
1188 -3.96125692367e-05 0.0 0.0
1189 -3.96125692367e-05 0.0 0.0
1190 -3.96125692367e-05 0.0 0.0
1191 -3.96125692367e-05 0.0 0.0
1192 -3.96125692367e-05 0.0 0.0
1193 -3.96125692367e-05 0.0 0.0
1194 -3.96125692367e-05 0.0 0.0
1195 -3.96125692367e-05 0.0 0.0
1196 -3.96125692367e-05 0.0 0.0
1197 -3.96125692367e-05 0.0 0.0
1198 -3.96125692367e-05 0.0 0.0
1199 -3.96125692367e-05 0.0 0.0
1200 -3.96125692367e-05 0.0 0.0
1201 -3.96125692367e-05 0.0 0.0
1202 -3.96125692367e-05 0.0 0.0
1203 -3.96125692367e-05 0.0 0.0
1204 -3.96125692367e-05 0.0 0.0
1205 -3.96125692367e-05 0.0 0.0
1206 -3.96125692367e-05 0.0 0.0
1207 -3.96125692367e-05 0.0 0.0
1208 -3.96125692367e-05 0.0 0.0
1209 -3.96125692367e-05 0.0 0.0
1210 -3.96125692367e-05 0.0 0.0
1211 -3.96125692367e-05 0.0 0.0
1212 -3.96125692367e-05 0.0 0.0
1213 -3.96125692367e-05 0.0 0.0
1214 -3.96125692367e-05 0.0 0.0
1215 -3.96125692367e-05 0.0 0.0
1216 -3.96125692367e-05 0.0 0.0
1217 -3.96125692367e-05 0.0 0.0
1218 -3.96125692367e-05 0.0 0.0
1219 -3.96125692367e-05 0.0 0.0
1220 -3.96125692367e-05 0.0 0.0
1221 -3.96125692367e-05 0.0 0.0
1222 -3.96125692367e-05 0.0 0.0
1223 -3.96125692367e-05 0.0 0.0
1224 -3.96125692367e-05 0.0 0.0
1225 -3.96125692367e-05 0.0 0.0
1226 -3.96125692367e-05 0.0 0.0
1227 -3.96125692367e-05 0.0 0.0
1228 -3.96125692367e-05 0.0 0.0
1229 -3.96125692367e-05 0.0 0.0
1230 -3.96125692367e-05 0.0 0.0
1231 -3.96125692367e-05 0.0 0.0
1232 -3.96125692367e-05 0.0 0.0
1233 -3.96125692367e-05 0.0 0.0
1234 -3.96125692367e-05 0.0 0.0
1235 -3.96125692367e-05 0.0 0.0
1236 -3.96125692367e-05 0.0 0.0
1237 -3.96125692367e-05 0.0 0.0
1238 -3.96125692367e-05 0.0 0.0
1239 -3.96125692367e-05 0.0 0.0
1240 -3.96125692367e-05 0.0 0.0
1241 -3.96125692367e-05 0.0 0.0
1242 -3.96125692367e-05 0.0 0.0
1243 -3.96125692367e-05 0.0 0.0
1244 -3.96125692367e-05 0.0 0.0
1245 -3.96125692367e-05 0.0 0.0
1246 -3.96125692367e-05 0.0 0.0
1247 -3.96125692367e-05 0.0 0.0
1248 -3.96125692367e-05 0.0 0.0
1249 -3.96125692367e-05 0.0 0.0
1250 -3.96125692367e-05 0.0 0.0
1251 -3.96125692367e-05 0.0 0.0
1252 -3.96125692367e-05 0.0 0.0
1253 -3.96125692367e-05 0.0 0.0
1254 -3.96125692367e-05 0.0 0.0
1255 -3.96125692367e-05 0.0 0.0
1256 -3.96125692367e-05 0.0 0.0
1257 -3.96125692367e-05 0.0 0.0
1258 -3.96125692367e-05 0.0 0.0
1259 -3.96125692367e-05 0.0 0.0
1260 -3.96125692367e-05 0.0 0.0
1261 -3.96125692367e-05 0.0 0.0
1262 -3.96125692367e-05 0.0 0.0
1263 -3.96125692367e-05 0.0 0.0
1264 -3.96125692367e-05 0.0 0.0
1265 -3.96125692367e-05 0.0 0.0
1266 -3.96125692367e-05 0.0 0.0
1267 -3.96125692367e-05 0.0 0.0
1268 -3.96125692367e-05 0.0 0.0
1269 -3.96125692367e-05 0.0 0.0
1270 -3.96125692367e-05 0.0 0.0
1271 -3.96125692367e-05 0.0 0.0
1272 -3.96125692367e-05 0.0 0.0
1273 -3.96125692367e-05 0.0 0.0
1274 -3.96125692367e-05 0.0 0.0
1275 -3.96125692367e-05 0.0 0.0
1276 -3.96125692367e-05 0.0 0.0
1277 -3.96125692367e-05 0.0 0.0
1278 -3.96125692367e-05 0.0 0.0
1279 -3.96125692367e-05 0.0 0.0
1280 -3.96125692367e-05 0.0 0.0
1281 -3.96125692367e-05 0.0 0.0
1282 -3.96125692367e-05 0.0 0.0
1283 -3.96125692367e-05 0.0 0.0
1284 -3.96125692367e-05 0.0 0.0
1285 -3.96125692367e-05 0.0 0.0
1286 -3.96125692367e-05 0.0 0.0
1287 -3.96125692367e-05 0.0 0.0
1288 -3.96125692367e-05 0.0 0.0
1289 -3.96125692367e-05 0.0 0.0
1290 -3.96125692367e-05 0.0 0.0
1291 -3.96125692367e-05 0.0 0.0
1292 -3.96125692367e-05 0.0 0.0
1293 -3.96125692367e-05 0.0 0.0
1294 -3.96125692367e-05 0.0 0.0
1295 -3.96125692367e-05 0.0 0.0
1296 -3.96125692367e-05 0.0 0.0
1297 -3.96125692367e-05 0.0 0.0
1298 -3.96125692367e-05 0.0 0.0
1299 -3.96125692367e-05 0.0 0.0
1300 -3.96125692367e-05 0.0 0.0
1301 -3.96125692367e-05 0.0 0.0
1302 -3.96125692367e-05 0.0 0.0
1303 -3.96125692367e-05 0.0 0.0
1304 -3.96125692367e-05 0.0 0.0
1305 -3.96125692367e-05 0.0 0.0
1306 -3.96125692367e-05 0.0 0.0
1307 -3.96125692367e-05 0.0 0.0
1308 -3.96125692367e-05 0.0 0.0
1309 -3.96125692367e-05 0.0 0.0
1310 -3.96125692367e-05 0.0 0.0
1311 -3.96125692367e-05 0.0 0.0
1312 -3.96125692367e-05 0.0 0.0
1313 -3.96125692367e-05 0.0 0.0
1314 -3.96125692367e-05 0.0 0.0
1315 -3.96125692367e-05 0.0 0.0
1316 -3.96125692367e-05 0.0 0.0
1317 -3.96125692367e-05 0.0 0.0
1318 -3.96125692367e-05 0.0 0.0
1319 -3.96125692367e-05 0.0 0.0
1320 -3.96125692367e-05 0.0 0.0
1321 -3.96125692367e-05 0.0 0.0
1322 -3.96125692367e-05 0.0 0.0
1323 -3.96125692367e-05 0.0 0.0
1324 -3.96125692367e-05 0.0 0.0
1325 -3.96125692367e-05 0.0 0.0
1326 -3.96125692367e-05 0.0 0.0
1327 -3.96125692367e-05 0.0 0.0
1328 -3.96125692367e-05 0.0 0.0
1329 -3.96125692367e-05 0.0 0.0
1330 -3.96125692367e-05 0.0 0.0
1331 -3.96125692367e-05 0.0 0.0
1332 -3.96125692367e-05 0.0 0.0
1333 -3.96125692367e-05 0.0 0.0
1334 -3.96125692367e-05 0.0 0.0
1335 -3.96125692367e-05 0.0 0.0
1336 -3.96125692367e-05 0.0 0.0
1337 -3.96125692367e-05 0.0 0.0
1338 -3.96125692367e-05 0.0 0.0
1339 -3.96125692367e-05 0.0 0.0
1340 -3.96125692367e-05 0.0 0.0
1341 -3.96125692367e-05 0.0 0.0
1342 -3.96125692367e-05 0.0 0.0
1343 -3.96125692367e-05 0.0 0.0
1344 -3.96125692367e-05 0.0 0.0
1345 -3.96125692367e-05 0.0 0.0
1346 -3.96125692367e-05 0.0 0.0
1347 -3.96125692367e-05 0.0 0.0
1348 -3.96125692367e-05 0.0 0.0
1349 -3.96125692367e-05 0.0 0.0
1350 -3.96125692367e-05 0.0 0.0
1351 -3.96125692367e-05 0.0 0.0
1352 -3.96125692367e-05 0.0 0.0
1353 -3.96125692367e-05 0.0 0.0
1354 -3.96125692367e-05 0.0 0.0
1355 -3.96125692367e-05 0.0 0.0
1356 -3.96125692367e-05 0.0 0.0
1357 -3.96125692367e-05 0.0 0.0
1358 -3.96125692367e-05 0.0 0.0
1359 -3.96125692367e-05 0.0 0.0
1360 -3.96125692367e-05 0.0 0.0
1361 -3.96125692367e-05 0.0 0.0
1362 -3.96125692367e-05 0.0 0.0
1363 -3.96125692367e-05 0.0 0.0
1364 -3.96125692367e-05 0.0 0.0
1365 -3.96125692367e-05 0.0 0.0
1366 -3.96125692367e-05 0.0 0.0
1367 -3.96125692367e-05 0.0 0.0
1368 -3.96125692367e-05 0.0 0.0
1369 -3.96125692367e-05 0.0 0.0
1370 -3.96125692367e-05 0.0 0.0
1371 -3.96125692367e-05 0.0 0.0
1372 -3.96125692367e-05 0.0 0.0
1373 -3.96125692367e-05 0.0 0.0
1374 -3.96125692367e-05 0.0 0.0
1375 -3.96125692367e-05 0.0 0.0
1376 -3.96125692367e-05 0.0 0.0
1377 -3.96125692367e-05 0.0 0.0
1378 -3.96125692367e-05 0.0 0.0
1379 -3.96125692367e-05 0.0 0.0
1380 -3.96125692367e-05 0.0 0.0
1381 -3.96125692367e-05 0.0 0.0
1382 -3.96125692367e-05 0.0 0.0
1383 -3.96125692367e-05 0.0 0.0
1384 -3.96125692367e-05 0.0 0.0
1385 -3.96125692367e-05 0.0 0.0
1386 -3.96125692367e-05 0.0 0.0
1387 -3.96125692367e-05 0.0 0.0
1388 -3.96125692367e-05 0.0 0.0
1389 -3.96125692367e-05 0.0 0.0
1390 -3.96125692367e-05 0.0 0.0
1391 -3.96125692367e-05 0.0 0.0
1392 -3.96125692367e-05 0.0 0.0
1393 -3.96125692367e-05 0.0 0.0
1394 -3.96125692367e-05 0.0 0.0
1395 -3.96125692367e-05 0.0 0.0
1396 -3.96125692367e-05 0.0 0.0
1397 -3.96125692367e-05 0.0 0.0
1398 -3.96125692367e-05 0.0 0.0
1399 -3.96125692367e-05 0.0 0.0
1400 -3.96125692367e-05 0.0 0.0
1401 -3.96125692367e-05 0.0 0.0
1402 -3.96125692367e-05 0.0 0.0
1403 -3.96125692367e-05 0.0 0.0
1404 -3.96125692367e-05 0.0 0.0
1405 -3.96125692367e-05 0.0 0.0
1406 -3.96125692367e-05 0.0 0.0
1407 -3.96125692367e-05 0.0 0.0
1408 -3.96125692367e-05 0.0 0.0
1409 -3.96125692367e-05 0.0 0.0
1410 -3.96125692367e-05 0.0 0.0
1411 -3.96125692367e-05 0.0 0.0
1412 -3.96125692367e-05 0.0 0.0
1413 -3.96125692367e-05 0.0 0.0
1414 -3.96125692367e-05 0.0 0.0
1415 -3.96125692367e-05 0.0 0.0
1416 -3.96125692367e-05 0.0 0.0
1417 -3.96125692367e-05 0.0 0.0
1418 -3.96125692367e-05 0.0 0.0
1419 -3.96125692367e-05 0.0 0.0
1420 -3.96125692367e-05 0.0 0.0
1421 -3.96125692367e-05 0.0 0.0
1422 -3.96125692367e-05 0.0 0.0
1423 -3.96125692367e-05 0.0 0.0
1424 -3.96125692367e-05 0.0 0.0
1425 -3.96125692367e-05 0.0 0.0
1426 -3.96125692367e-05 0.0 0.0
1427 -3.96125692367e-05 0.0 0.0
1428 -3.96125692367e-05 0.0 0.0
1429 -3.96125692367e-05 0.0 0.0
1430 -3.96125692367e-05 0.0 0.0
1431 -3.96125692367e-05 0.0 0.0
1432 -3.96125692367e-05 0.0 0.0
1433 -3.96125692367e-05 0.0 0.0
1434 -3.96125692367e-05 0.0 0.0
1435 -3.96125692367e-05 0.0 0.0
1436 -3.96125692367e-05 0.0 0.0
1437 -3.96125692367e-05 0.0 0.0
1438 -3.96125692367e-05 0.0 0.0
1439 -3.96125692367e-05 0.0 0.0
1440 -3.96125692367e-05 0.0 0.0
1441 -3.96125692367e-05 0.0 0.0
1442 -3.96125692367e-05 0.0 0.0
1443 -3.96125692367e-05 0.0 0.0
1444 -3.96125692367e-05 0.0 0.0
1445 -3.96125692367e-05 0.0 0.0
1446 -3.96125692367e-05 0.0 0.0
1447 -3.96125692367e-05 0.0 0.0
1448 -3.96125692367e-05 0.0 0.0
1449 -3.96125692367e-05 0.0 0.0
1450 -3.96125692367e-05 0.0 0.0
1451 -4.05579438062e-05 0.0 0.0
1452 -4.05579438062e-05 0.0 0.0
1453 -4.05579438062e-05 0.0 0.0
1454 -4.05579438062e-05 0.0 0.0
1455 -4.05579438062e-05 0.0 0.0
1456 -4.05579438062e-05 0.0 0.0
1457 -4.05579438062e-05 0.0 0.0
1458 -4.05579438062e-05 0.0 0.0
1459 -4.05579438062e-05 0.0 0.0
1460 -4.05579438062e-05 0.0 0.0
1461 -4.05579438062e-05 0.0 0.0
1462 -4.05579438062e-05 0.0 0.0
1463 -4.05579438062e-05 0.0 0.0
1464 -4.05579438062e-05 0.0 0.0
1465 -4.05579438062e-05 0.0 0.0
1466 -4.05579438062e-05 0.0 0.0
1467 -4.05579438062e-05 0.0 0.0
1468 -4.05579438062e-05 0.0 0.0
1469 -4.05579438062e-05 0.0 0.0
1470 -4.05579438062e-05 0.0 0.0
1471 -4.05579438062e-05 0.0 0.0
1472 -4.05579438062e-05 0.0 0.0
1473 -4.05579438062e-05 0.0 0.0
1474 -4.05579438062e-05 0.0 0.0
1475 -4.05579438062e-05 0.0 0.0
1476 -4.05579438062e-05 0.0 0.0
1477 -4.05579438062e-05 0.0 0.0
1478 -4.05579438062e-05 0.0 0.0
1479 -4.05579438062e-05 0.0 0.0
1480 -4.05579438062e-05 0.0 0.0
1481 -4.05579438062e-05 0.0 0.0
1482 -4.05579438062e-05 0.0 0.0
1483 -4.05579438062e-05 0.0 0.0
1484 -4.05579438062e-05 0.0 0.0
1485 -4.05579438062e-05 0.0 0.0
1486 -4.05579438062e-05 0.0 0.0
1487 -4.05579438062e-05 0.0 0.0
1488 -4.05579438062e-05 0.0 0.0
1489 -4.05579438062e-05 0.0 0.0
1490 -4.05579438062e-05 0.0 0.0
1491 -4.05579438062e-05 0.0 0.0
1492 -4.05579438062e-05 0.0 0.0
1493 -4.05579438062e-05 0.0 0.0
1494 -4.05579438062e-05 0.0 0.0
1495 -4.05579438062e-05 0.0 0.0
1496 -4.05579438062e-05 0.0 0.0
1497 -4.05579438062e-05 0.0 0.0
1498 -4.05579438062e-05 0.0 0.0
1499 -4.05579438062e-05 0.0 0.0
1500 -4.05579438062e-05 0.0 0.0
1501 -4.05579438062e-05 0.0 0.0
1502 -4.05579438062e-05 0.0 0.0
1503 -4.05579438062e-05 0.0 0.0
1504 -4.05579438062e-05 0.0 0.0
1505 -4.05579438062e-05 0.0 0.0
1506 -4.05579438062e-05 0.0 0.0
1507 -4.05579438062e-05 0.0 0.0
1508 -4.05579438062e-05 0.0 0.0
1509 -4.05579438062e-05 0.0 0.0
1510 -4.05579438062e-05 0.0 0.0
1511 -4.05579438062e-05 0.0 0.0
1512 -4.05579438062e-05 0.0 0.0
1513 -4.05579438062e-05 0.0 0.0
1514 -4.05579438062e-05 0.0 0.0
1515 -4.05579438062e-05 0.0 0.0
1516 -4.05579438062e-05 0.0 0.0
1517 -4.05579438062e-05 0.0 0.0
1518 -4.05579438062e-05 0.0 0.0
1519 -4.05579438062e-05 0.0 0.0
1520 -4.05579438062e-05 0.0 0.0
1521 -4.05579438062e-05 0.0 0.0
1522 -4.05579438062e-05 0.0 0.0
1523 -4.05579438062e-05 0.0 0.0
1524 -4.05579438062e-05 0.0 0.0
1525 -4.05579438062e-05 0.0 0.0
1526 -4.05579438062e-05 0.0 0.0
1527 -4.05579438062e-05 0.0 0.0
1528 -4.05579438062e-05 0.0 0.0
1529 -4.05579438062e-05 0.0 0.0
1530 -4.05579438062e-05 0.0 0.0
1531 -4.05579438062e-05 0.0 0.0
1532 -4.05579438062e-05 0.0 0.0
1533 -4.05579438062e-05 0.0 0.0
1534 -4.05579438062e-05 0.0 0.0
1535 -4.05579438062e-05 0.0 0.0
1536 -4.05579438062e-05 0.0 0.0
1537 -4.05579438062e-05 0.0 0.0
1538 -4.05579438062e-05 0.0 0.0
1539 -4.05579438062e-05 0.0 0.0
1540 -4.05579438062e-05 0.0 0.0
1541 -4.05579438062e-05 0.0 0.0
1542 -4.05579438062e-05 0.0 0.0
1543 -4.05579438062e-05 0.0 0.0
1544 -4.05579438062e-05 0.0 0.0
1545 -4.05579438062e-05 0.0 0.0
1546 -4.05579438062e-05 0.0 0.0
1547 -4.05579438062e-05 0.0 0.0
1548 -4.05579438062e-05 0.0 0.0
1549 -4.05579438062e-05 0.0 0.0
1550 -4.05579438062e-05 0.0 0.0
1551 -9.79002115534e-05 0.0 0.0
1552 -9.79002115534e-05 0.0 0.0
1553 -9.79002115534e-05 0.0 0.0
1554 -9.79002115534e-05 0.0 0.0
1555 -9.79002115534e-05 0.0 0.0
1556 -9.79002115534e-05 0.0 0.0
1557 -9.79002115534e-05 0.0 0.0
1558 -9.79002115534e-05 0.0 0.0
1559 -9.79002115534e-05 0.0 0.0
1560 -9.79002115534e-05 0.0 0.0
1561 -9.79002115534e-05 0.0 0.0
1562 -9.79002115534e-05 0.0 0.0
1563 -9.79002115534e-05 0.0 0.0
1564 -9.79002115534e-05 0.0 0.0
1565 -9.79002115534e-05 0.0 0.0
1566 -9.79002115534e-05 0.0 0.0
1567 -9.79002115534e-05 0.0 0.0
1568 -9.79002115534e-05 0.0 0.0
1569 -9.79002115534e-05 0.0 0.0
1570 -9.79002115534e-05 0.0 0.0
1571 -9.79002115534e-05 0.0 0.0
1572 -9.79002115534e-05 0.0 0.0
1573 -9.79002115534e-05 0.0 0.0
1574 -9.79002115534e-05 0.0 0.0
1575 -9.79002115534e-05 0.0 0.0
1576 -9.79002115534e-05 0.0 0.0
1577 -9.79002115534e-05 0.0 0.0
1578 -9.79002115534e-05 0.0 0.0
1579 -9.79002115534e-05 0.0 0.0
1580 -9.79002115534e-05 0.0 0.0
1581 -9.79002115534e-05 0.0 0.0
1582 -9.79002115534e-05 0.0 0.0
1583 -9.79002115534e-05 0.0 0.0
1584 -9.79002115534e-05 0.0 0.0
1585 -9.79002115534e-05 0.0 0.0
1586 -9.79002115534e-05 0.0 0.0
1587 -9.79002115534e-05 0.0 0.0
1588 -9.79002115534e-05 0.0 0.0
1589 -9.79002115534e-05 0.0 0.0
1590 -9.79002115534e-05 0.0 0.0
1591 -9.79002115534e-05 0.0 0.0
1592 -9.79002115534e-05 0.0 0.0
1593 -9.79002115534e-05 0.0 0.0
1594 -9.79002115534e-05 0.0 0.0
1595 -9.79002115534e-05 0.0 0.0
1596 -9.79002115534e-05 0.0 0.0
1597 -9.79002115534e-05 0.0 0.0
1598 -9.79002115534e-05 0.0 0.0
1599 -9.79002115534e-05 0.0 0.0
1600 -9.79002115534e-05 0.0 0.0
1601 -9.79002115534e-05 0.0 0.0
1602 -9.79002115534e-05 0.0 0.0
1603 -9.79002115534e-05 0.0 0.0
1604 -9.79002115534e-05 0.0 0.0
1605 -9.79002115534e-05 0.0 0.0
1606 -9.79002115534e-05 0.0 0.0
1607 -9.79002115534e-05 0.0 0.0
1608 -9.79002115534e-05 0.0 0.0
1609 -9.79002115534e-05 0.0 0.0
1610 -9.79002115534e-05 0.0 0.0
1611 -9.79002115534e-05 0.0 0.0
1612 -9.79002115534e-05 0.0 0.0
1613 -9.79002115534e-05 0.0 0.0
1614 -9.79002115534e-05 0.0 0.0
1615 -9.79002115534e-05 0.0 0.0
1616 -9.79002115534e-05 0.0 0.0
1617 -9.79002115534e-05 0.0 0.0
1618 -9.79002115534e-05 0.0 0.0
1619 -9.79002115534e-05 0.0 0.0
1620 -9.79002115534e-05 0.0 0.0
1621 -9.79002115534e-05 0.0 0.0
1622 -9.79002115534e-05 0.0 0.0
1623 -9.79002115534e-05 0.0 0.0
1624 -9.79002115534e-05 0.0 0.0
1625 -9.79002115534e-05 0.0 0.0
1626 -9.79002115534e-05 0.0 0.0
1627 -9.79002115534e-05 0.0 0.0
1628 -9.79002115534e-05 0.0 0.0
1629 -9.79002115534e-05 0.0 0.0
1630 -9.79002115534e-05 0.0 0.0
1631 -9.79002115534e-05 0.0 0.0
1632 -9.79002115534e-05 0.0 0.0
1633 -9.79002115534e-05 0.0 0.0
1634 -9.79002115534e-05 0.0 0.0
1635 -9.79002115534e-05 0.0 0.0
1636 -9.79002115534e-05 0.0 0.0
1637 -9.79002115534e-05 0.0 0.0
1638 -9.79002115534e-05 0.0 0.0
1639 -9.79002115534e-05 0.0 0.0
1640 -9.79002115534e-05 0.0 0.0
1641 -9.79002115534e-05 0.0 0.0
1642 -9.79002115534e-05 0.0 0.0
1643 -9.79002115534e-05 0.0 0.0
1644 -9.79002115534e-05 0.0 0.0
1645 -9.79002115534e-05 0.0 0.0
1646 -9.79002115534e-05 0.0 0.0
1647 -9.79002115534e-05 0.0 0.0
1648 -9.79002115534e-05 0.0 0.0
1649 -9.79002115534e-05 0.0 0.0
1650 -9.79002115534e-05 0.0 0.0
1651 -9.79002115534e-05 0.0 0.0
1652 -9.79002115534e-05 0.0 0.0
1653 -9.79002115534e-05 0.0 0.0
1654 -9.79002115534e-05 0.0 0.0
1655 -9.79002115534e-05 0.0 0.0
1656 -9.79002115534e-05 0.0 0.0
1657 -9.79002115534e-05 0.0 0.0
1658 -9.79002115534e-05 0.0 0.0
1659 -9.79002115534e-05 0.0 0.0
1660 -9.79002115534e-05 0.0 0.0
1661 -9.79002115534e-05 0.0 0.0
1662 -9.79002115534e-05 0.0 0.0
1663 -9.79002115534e-05 0.0 0.0
1664 -9.79002115534e-05 0.0 0.0
1665 -9.79002115534e-05 0.0 0.0
1666 -9.79002115534e-05 0.0 0.0
1667 -9.79002115534e-05 0.0 0.0
1668 -9.79002115534e-05 0.0 0.0
1669 -9.79002115534e-05 0.0 0.0
1670 -9.79002115534e-05 0.0 0.0
1671 -9.79002115534e-05 0.0 0.0
1672 -9.79002115534e-05 0.0 0.0
1673 -9.79002115534e-05 0.0 0.0
1674 -9.79002115534e-05 0.0 0.0
1675 -9.79002115534e-05 0.0 0.0
1676 -9.79002115534e-05 0.0 0.0
1677 -9.79002115534e-05 0.0 0.0
1678 -9.79002115534e-05 0.0 0.0
1679 -9.79002115534e-05 0.0 0.0
1680 -9.79002115534e-05 0.0 0.0
1681 -9.79002115534e-05 0.0 0.0
1682 -9.79002115534e-05 0.0 0.0
1683 -9.79002115534e-05 0.0 0.0
1684 -9.79002115534e-05 0.0 0.0
1685 -9.79002115534e-05 0.0 0.0
1686 -9.79002115534e-05 0.0 0.0
1687 -9.79002115534e-05 0.0 0.0
1688 -9.79002115534e-05 0.0 0.0
1689 -9.79002115534e-05 0.0 0.0
1690 -9.79002115534e-05 0.0 0.0
1691 -9.79002115534e-05 0.0 0.0
1692 -9.79002115534e-05 0.0 0.0
1693 -9.79002115534e-05 0.0 0.0
1694 -9.79002115534e-05 0.0 0.0
1695 -9.79002115534e-05 0.0 0.0
1696 -9.79002115534e-05 0.0 0.0
1697 -9.79002115534e-05 0.0 0.0
1698 -9.79002115534e-05 0.0 0.0
1699 -9.79002115534e-05 0.0 0.0
1700 -9.79002115534e-05 0.0 0.0
1701 -9.79002115534e-05 0.0 0.0
1702 -9.79002115534e-05 0.0 0.0
1703 -9.79002115534e-05 0.0 0.0
1704 -9.79002115534e-05 0.0 0.0
1705 -9.79002115534e-05 0.0 0.0
1706 -9.79002115534e-05 0.0 0.0
1707 -9.79002115534e-05 0.0 0.0
1708 -9.79002115534e-05 0.0 0.0
1709 -9.79002115534e-05 0.0 0.0
1710 -9.79002115534e-05 0.0 0.0
1711 -9.79002115534e-05 0.0 0.0
1712 -9.79002115534e-05 0.0 0.0
1713 -9.79002115534e-05 0.0 0.0
1714 -9.79002115534e-05 0.0 0.0
1715 -9.79002115534e-05 0.0 0.0
1716 -9.79002115534e-05 0.0 0.0
1717 -9.79002115534e-05 0.0 0.0
1718 -9.79002115534e-05 0.0 0.0
1719 -9.79002115534e-05 0.0 0.0
1720 -9.79002115534e-05 0.0 0.0
1721 -9.79002115534e-05 0.0 0.0
1722 -9.79002115534e-05 0.0 0.0
1723 -9.79002115534e-05 0.0 0.0
1724 -9.79002115534e-05 0.0 0.0
1725 -9.79002115534e-05 0.0 0.0
1726 -9.79002115534e-05 0.0 0.0
1727 -9.79002115534e-05 0.0 0.0
1728 -9.79002115534e-05 0.0 0.0
1729 -9.79002115534e-05 0.0 0.0
1730 -9.79002115534e-05 0.0 0.0
1731 -9.79002115534e-05 0.0 0.0
1732 -9.79002115534e-05 0.0 0.0
1733 -9.79002115534e-05 0.0 0.0
1734 -9.79002115534e-05 0.0 0.0
1735 -9.79002115534e-05 0.0 0.0
1736 -9.79002115534e-05 0.0 0.0
1737 -9.79002115534e-05 0.0 0.0
1738 -9.79002115534e-05 0.0 0.0
1739 -9.79002115534e-05 0.0 0.0
1740 -9.79002115534e-05 0.0 0.0
1741 -9.79002115534e-05 0.0 0.0
1742 -9.79002115534e-05 0.0 0.0
1743 -9.79002115534e-05 0.0 0.0
1744 -9.79002115534e-05 0.0 0.0
1745 -9.79002115534e-05 0.0 0.0
1746 -9.79002115534e-05 0.0 0.0
1747 -9.79002115534e-05 0.0 0.0
1748 -9.79002115534e-05 0.0 0.0
1749 -9.79002115534e-05 0.0 0.0
1750 -9.79002115534e-05 0.0 0.0
