1 -0.7722749060241105 2.1551833042413135
2 0.5003491896748056 1.644740236361203
3 0.4058133156293297 1.6928703273496402e-16
4 -0.50034918967481 1.6447402363612036
5 -0.7722749060241083 -2.1551833042413127
6 -2.1282179273237847 -6.475683398125154
7 3.1608561121587475 -1.6915403048913507
8 -4.242069878251869 9.286904580694094
9 -0.4575993645844068 5.286984621062057e-17
10 4.242069878251867 9.28690458069409
11 3.1608561121587475 1.6915403048913507
12 2.128217927323785 -6.475683398125157
13 -3.0404922653479427 -0.29859259946089983
14 12.367134243594139 -5.236443346907082
15 -1.4476615417173566 -4.5620928774620975
16 3.5639771872593338 -1.0230333427052438
17 -6.382708169484279 -3.040680573585152e-16
18 -3.563977187259332 -1.023033342705242
19 -1.447661541717356 4.5620928774620975
20 -12.36713424359414 -5.236443346907086
21 -3.0404922653479423 0.2985925994608993
22 1.7560691184691941 0.6793499656273573
23 -0.2193144063564832 4.762398440928939
24 -1.0906662773449665 -2.1615221436064376
25 3.2529560478799735 1.4324118253077083
26 -3.2639171678665924 0.35410328512374956
27 1.4316227945542932 -1.0011888408006718e-16
28 3.2639171678665915 0.35410328512374944
29 3.2529560478799726 -1.4324118253077083
30 1.0906662773449676 -2.1615221436064362
31 -0.2193144063564832 -4.762398440928939
32 -1.7560691184691932 0.6793499656273573
33 1.904037756568711 0.9709327685722319
34 -0.9644516668567996 2.257072243176248
35 3.3909486700325826 1.1424722916477967
36 0.451403600785277 1.5432082412194934
37 -0.3800930774470624 0.4075405741917101
38 -3.4206506900865623 3.1640348096019446
39 -1.4727920979133342 -2.2487479711959605e-16
40 3.4206506900865605 3.1640348096019446
41 -0.3800930774470622 -0.40754057419171036
42 -0.4514036007852749 1.5432082412194938
43 3.390948670032584 -1.142472291647797
44 0.9644516668567996 2.257072243176248
45 1.9040377565687077 -0.9709327685722293
46 -4.660683462318046 -3.3064354056657788
47 2.1264613140996547 -3.1451302371856955
48 -2.597910299709681 0.4266531186964083
49 -0.7193710970763405 1.029395366334935
50 -0.44643720334700815 0.8746972947718579
51 0.7851052729240197 1.0752368963462149
52 -5.686552063919467 1.7926586152416237
53 -2.3790333307335283 3.1878845395298555e-17
54 5.686552063919467 1.7926586152416237
55 0.7851052729240201 -1.0752368963462138
56 0.44643720334700765 0.8746972947718574
57 -0.7193710970763405 -1.0293953663349347
58 2.5979102997096817 0.4266531186964084
59 2.1264613140996556 3.145130237185697
60 4.660683462318046 -3.3064354056657788
61 -3.4903847504284897 -2.466426735130363
62 -0.2817858993666017 -1.7423914605178212
63 1.6244781644724438 0.25450574167501083
64 1.7280728856151866 1.4032806797702415
65 -0.36326456302749854 0.8936632964863797
66 0.1008192649332271 0.945315890597787
67 1.257961501088008 -0.19162779302812288
68 -0.17199309451468922 -1.3846108250710107
69 -4.306020807110074 -1.0995398927130864e-17
70 0.17199309451468983 -1.3846108250710107
71 1.2579615010880094 0.19162779302812244
72 -0.10081926493322585 0.9453158905977871
73 -0.3632645630274987 -0.8936632964863798
74 -1.7280728856151866 1.4032806797702417
75 1.624478164472444 -0.25450574167501205
76 0.28178589936660314 -1.74239146051782
77 -3.490384750428488 2.4664267351303653
78 -0.311265228793313 -0.5096097907885055
79 1.7489681050292882 -0.4599487506153185
80 0.16941781802716727 -1.8527653588332116
81 -0.5069308983922648 1.2275424582054657
82 -0.8516892270744615 5.130306753244281
83 1.776090401419238 1.7067140071235745
84 -2.029283261188991 -1.655795597615314
85 -0.8726136881948149 0.19884384601870994
86 2.4833453256825266 0.929517985028029
87 -0.9183509598751529 1.6278250311822349e-16
88 -2.483345325682528 0.9295179850280373
89 -0.8726136881948164 -0.1988438460187079
90 2.029283261188985 -1.6557955976153136
91 1.7760904014192362 -1.7067140071235694
92 0.8516892270744625 5.13030675324428
93 -0.5069308983922652 -1.2275424582054657
94 -0.16941781802716604 -1.8527653588332116
95 1.7489681050292873 0.45994875061531687
96 0.3112652287933115 -0.5096097907885044
97 0.6764636714218785 1.3314215939633804
98 0.9580836408528391 -1.2728104238056914
99 1.4029913220949222 -1.4343576896622678
100 -0.08386774595343499 2.0980050417134426
101 1.8205775483505475 1.4033157201872601
102 -1.0550095042898362 -1.672529527846084
103 1.251743496201787 0.08002003423320025
104 -0.6064376496282665 -0.8377502745999656
105 -1.5805882857761395 0.5016784185022138
106 0.8745310853979601 -2.8163541461953576
107 -1.0186856484692755 1.0742602890558429e-16
108 -0.8745310853979608 -2.816354146195358
109 -1.580588285776138 -0.5016784185022135
110 0.606437649628266 -0.8377502745999671
111 1.2517434962017855 -0.08002003423320017
112 1.055009504289835 -1.672529527846084
113 1.820577548350548 -1.4033157201872593
114 0.08386774595343474 2.098005041713441
115 1.4029913220949215 1.4343576896622667
116 -0.9580836408528395 -1.2728104238056914
117 0.6764636714218816 -1.3314215939633811
