1 0.017323201363412467 -3.0570351059532754
2 0.7765605277541333 2.7164569263496365
3 -9.700383196047175 -1.6553513649366402e-17
4 -0.7765605277541329 2.716456926349637
5 0.017323201363415627 3.0570351059532803
6 -4.5570312221113864 -1.3542633796489139
7 -6.745497860410917 0.500797860344278
8 0.35091583991313713 9.418719158524619
9 -3.792997388549023 3.7244060305800375e-17
10 -0.3509158399131397 9.418719158524615
11 -6.745497860410916 -0.5007978603442765
12 4.5570312221113864 -1.3542633796489139
13 -3.9349293065457016 -2.9649131541050093
14 7.673776952799183 0.11928891813145114
15 3.2291030624553416 2.8231396118846064
16 -1.1601492335429873 -1.8446595585680434
17 -3.6330468231401984 3.073995611217223e-17
18 1.1601492335429877 -1.8446595585680456
19 3.2291030624553403 -2.8231396118846055
20 -7.673776952799183 0.11928891813145105
21 -3.9349293065457007 2.9649131541050107
22 -3.3280776052604026 5.936956802210989
23 0.9357096860065408 5.730898993167404
24 0.5898583544375124 -3.823186604875597
25 -8.841791543810722 3.209221804751441
26 0.6833954762838901 -0.23845259148591622
27 -0.01817937691388153 2.026819181900493e-17
28 -0.6833954762838905 -0.23845259148591597
29 -8.841791543810722 -3.209221804751441
30 -0.5898583544375111 -3.823186604875596
31 0.9357096860065409 -5.730898993167404
32 3.3280776052604044 5.936956802210989
33 -2.250469783886295 -0.3129717253002825
34 2.3299356634265296 2.660676358279056
35 1.2682202407936811 1.8285652376702044
36 2.5152701714692696 -0.7054100554935646
37 -4.804112773712582 -5.568716994421921
38 -3.930944377425979 2.475056471400209
39 -3.6089683388033262 1.7012558085324652e-16
40 3.9309443774259796 2.4750564714002086
41 -4.804112773712582 5.568716994421924
42 -2.5152701714692696 -0.7054100554935664
43 1.2682202407936791 -1.8285652376702053
44 -2.32993566342653 2.660676358279056
45 -2.250469783886295 0.3129717253002799
46 -4.268091836667678 0.06686078264844367
47 -2.7905807300234224 0.6340109732501671
48 -1.6262638246364398 0.2956021875853806
49 0.0009533423918444654 2.6970505870482318
50 -3.2188279096446037 -1.3779172072687316
51 -0.9754511679968307 -1.493995022299712
52 -1.2357113440676888 -2.547124369274873
53 0.10483133213489639 -6.33696165519268e-17
54 1.2357113440676903 -2.5471243692748735
55 -0.9754511679968322 1.4939950222997112
56 3.2188279096446046 -1.3779172072687296
57 0.0009533423918449988 -2.697050587048232
58 1.6262638246364385 0.29560218758538004
59 -2.790580730023422 -0.6340109732501688
60 4.268091836667679 0.0668607826484427
61 1.6939426768519321 -0.02766368760217201
62 -2.8708329733535773 -3.547829461259165
63 -1.5346017368029303 1.468792054969084
64 -0.5605326304946325 -0.6737511336343273
65 3.455561222017359 0.01948157818572552
66 -3.2121150033685817 -0.17245895025524804
67 0.258912363657927 -1.9567487785702145
68 -0.34865935425890987 2.0736436736934403
69 4.298566364344922 -4.973281616876826e-17
70 0.34865935425890954 2.0736436736934416
71 0.2589123636579267 1.9567487785702133
72 3.21211500336858 -0.17245895025524902
73 3.4555612220173595 -0.019481578185725785
74 0.5605326304946331 -0.6737511336343271
75 -1.53460173680293 -1.468792054969084
76 2.8708329733535773 -3.547829461259165
77 1.6939426768519321 0.027663687602171794
78 -0.9014630132070717 -2.3880235188868544
79 0.3638639604955922 1.4155831782029404
80 1.3892519039255253 -1.4114644698145165
81 0.8846307812387596 -0.428301657391835
82 2.489654538662029 1.6258774748212095
83 -4.034803794589783 0.9274948853594469
84 -1.6595611723730919 -0.9618388485800803
85 -5.904237356636943 -0.9915335152114999
86 0.8371047929925313 -0.5568043242325765
87 -1.0944647086712762 -3.8671244778553567e-17
88 -0.8371047929925314 -0.5568043242325732
89 -5.904237356636943 0.9915335152114978
90 1.6595611723730903 -0.96183884858008
91 -4.0348037945897826 -0.9274948853594464
92 -2.4896545386620295 1.6258774748212088
93 0.8846307812387603 0.42830165739183557
94 -1.3892519039255253 -1.411464469814516
95 0.36386396049559316 -1.415583178202939
96 0.9014630132070722 -2.3880235188868553
97 -0.4994428697972996 1.7205545365612511
98 -0.18016523784448912 -0.9755403966158313
99 3.573272891049965 -2.037056731238999
100 0.6691826674278742 2.0242174563801467
101 0.5163432277249452 0.9633579646806233
102 0.04389596744481049 1.7368257799617466
103 2.204458719261552 1.1111025712774731
104 -2.2253062919787876 0.6764910606659039
105 0.3717568446645874 0.46740296155001
106 1.001068602643471 0.598742009489837
107 -1.0251369910671326 -9.493738906165984e-18
108 -1.0010686026434712 0.5987420094898361
109 0.3717568446645885 -0.46740296155000943
110 2.2253062919787876 0.6764910606659038
111 2.204458719261551 -1.1111025712774731
112 -0.04389596744481067 1.7368257799617464
113 0.5163432277249452 -0.963357964680623
114 -0.6691826674278749 2.0242174563801463
115 3.5732728910499665 2.0370567312389993
116 0.1801652378444885 -0.9755403966158315
117 -0.4994428697972987 -1.7205545365612507
