1 0.5229004167783025 -2.092332955670047
2 0.6003685809309735 3.8313688739891028
3 3.533842819362326 -1.82551707215188e-16
4 -0.6003685809309731 3.8313688739891028
5 0.5229004167782999 2.092332955670045
6 2.914373151390432 -9.97132217203225
7 -0.8779770454075649 -1.4558743444676459
8 -0.6145016789428548 10.786007494249374
9 -1.1103990073026924 -8.566729027937798e-17
10 0.614501678942857 10.786007494249374
11 -0.8779770454075664 1.4558743444676452
12 -2.914373151390432 -9.971322172032249
13 -3.9624291575277413 3.9623933624075973
14 10.201608258519313 -0.4762397222800614
15 1.798137256766837 -0.24953822089080774
16 3.1216860725480697 1.1387284067465342
17 -9.366904745068105 1.3259407488232346e-16
18 -3.1216860725480706 1.1387284067465342
19 1.7981372567668366 0.24953822089080765
20 -10.201608258519313 -0.4762397222800603
21 -3.9624291575277413 -3.9623933624075973
22 2.6817919501077405 4.55314209081
23 -3.7187835696857463 7.190562862079126
24 -1.248585570680825 -1.3983931104558835
25 0.42713713534046144 7.530514314041456
26 -4.533279048949288 -2.7779788855781717
27 -10.514000101042875 -9.237876250280066e-18
28 4.533279048949288 -2.7779788855781713
29 0.42713713534046127 -7.530514314041454
30 1.2485855706808255 -1.3983931104558844
31 -3.7187835696857445 -7.190562862079126
32 -2.6817919501077405 4.553142090809999
33 -0.9104038129616969 -1.3357002244956298
34 4.145451751754262 -0.654839028794193
35 -0.5101827781184191 -0.09323032443502136
36 2.3514103990837123 1.9708256825596477
37 -0.9070693624829893 -1.8506791466215464
38 4.112671015648653 1.0281357777441462
39 -5.83601426554847 1.094741436832305e-17
40 -4.112671015648651 1.0281357777441458
41 -0.9070693624829899 1.8506791466215464
42 -2.351410399083713 1.970825682559647
43 -0.5101827781184195 0.09323032443502187
44 -4.145451751754262 -0.6548390287941932
45 -0.9104038129616955 1.3357002244956295
46 -1.0034839804011504 -2.1167176607375606
47 -1.9004559463251827 1.1712299452345676
48 1.1937546312839933 0.2455548761498412
49 -2.2310690886994036 2.305539724148269
50 2.4763690180302853 -1.919420784554171
51 -2.681037656013907 -0.516861325639535
52 0.2914376101536317 -1.5827543314855081
53 -6.836410089716755 -2.150511592029677e-17
54 -0.29143761015363256 -1.5827543314855075
55 -2.6810376560139066 0.5168613256395354
56 -2.4763690180302858 -1.9194207845541722
57 -2.2310690886994045 -2.305539724148269
58 -1.1937546312839922 0.2455548761498412
59 -1.900455946325182 -1.171229945234567
60 1.0034839804011504 -2.1167176607375597
61 -1.0815338542639392 -5.242623189189527
62 1.880544440805331 1.684715417749623
63 -0.915025861374073 0.5766042508805272
64 1.5450586182416945 -1.8321548156947598
65 -1.015115480580873 -1.668620522170177
66 -1.4664681175596848 0.4132244688209778
67 2.9151335311755826 2.6765258064833453
68 1.4466412785164144 0.2590512235608599
69 -5.781792964571035 1.0898226096064878e-17
70 -1.4466412785164147 0.25905122356085936
71 2.915133531175583 -2.676525806483345
72 1.4664681175596856 0.4132244688209783
73 -1.0151154805808726 1.6686205221701782
74 -1.545058618241696 -1.8321548156947602
75 -0.9150258613740745 -0.5766042508805275
76 -1.880544440805333 1.6847154177496224
77 -1.0815338542639392 5.242623189189527
78 -1.3142745964753333 0.47086883194647805
79 1.6061554202766577 0.09071503217940573
80 -1.747133273540911 2.8317361672129495
81 -1.8103214054561323 -0.5279238739995972
82 -1.7493165314355323 -1.1287287027911248
83 1.4537992332397238 1.525071606448348
84 -1.7366604875241716 -0.21575616067287967
85 -1.9695346691014899 1.3142869098730998
86 1.1192992327581461 0.3712081373378889
87 1.4121064099259086 3.847761865527567e-17
88 -1.1192992327581461 0.3712081373378862
89 -1.9695346691014881 -1.3142869098731
90 1.7366604875241738 -0.21575616067288067
91 1.4537992332397247 -1.5250716064483525
92 1.7493165314355317 -1.1287287027911246
93 -1.8103214054561323 0.5279238739995973
94 1.7471332735409102 2.8317361672129495
95 1.6061554202766577 -0.09071503217940499
96 1.3142745964753333 0.4708688319464782
97 0.8274057077454109 -1.9073084237186904
98 -0.9864202307303267 1.0911707960316677
99 -1.9341292135957646 -0.0657180429642566
100 1.6505178494300372 0.9079173379139978
101 -0.8022351200332359 -1.4532920101417441
102 -1.5311736693573605 -0.6078322207358385
103 -3.2293861126140655 1.0704822222295505
104 2.255989246602677 -1.4594657746341049
105 -1.6704635218098707 -0.9036092981240961
106 1.1166625551340617 0.7388433428751705
107 -0.03213234972732313 -5.4210177716602965e-17
108 -1.116662555134062 0.7388433428751707
109 -1.6704635218098707 0.9036092981240963
110 -2.255989246602677 -1.4594657746341049
111 -3.2293861126140646 -1.07048222222955
112 1.5311736693573608 -0.6078322207358385
113 -0.8022351200332358 1.4532920101417446
114 -1.6505178494300372 0.9079173379139978
115 -1.9341292135957646 0.06571804296425725
116 0.9864202307303261 1.0911707960316672
117 0.8274057077454102 1.907308423718691
