1 1.2394930931573114 7.554466091906474
2 -5.801904865162667 -8.32177079272789
3 3.1382702985705753 6.852706909954395e-16
4 5.801904865162665 -8.32177079272789
5 1.2394930931573156 -7.554466091906471
6 -2.2543110990762494 -6.050367841426911
7 -5.208738597278682 4.475081890215124
8 7.88361632702492 -0.9766108674350161
9 -11.72973620672941 -5.4808148197277246e-18
10 -7.8836163270249235 -0.9766108674350154
11 -5.20873859727868 -4.475081890215123
12 2.2543110990762494 -6.0503678414269135
13 2.5183061205627513 3.23268466114391
14 -1.3031053112774753 -3.7468710433261125
15 6.27756076330588 -3.0850110150832983
16 2.1057038022670875 -11.85842595211302
17 0.7504372476225905 2.9629784497166465e-16
18 -2.1057038022670884 -11.858425952113016
19 6.277560763305877 3.0850110150832997
20 1.3031053112774733 -3.746871043326111
21 2.51830612056275 -3.2326846611439106
22 -2.1674698002250783 3.338984298785322
23 -1.5845681140042323 0.373927233892819
24 2.025997565568722 -1.922414861883878
25 2.148987835302513 -3.2534230216361752
26 5.160456156267047 -5.413130069640832
27 -1.1451519373312367 6.04847298516284e-16
28 -5.160456156267044 -5.413130069640834
29 2.1489878353025147 3.2534230216361735
30 -2.025997565568718 -1.9224148618838823
31 -1.5845681140042334 -0.3739272338928192
32 2.1674698002250796 3.3389842987853213
33 -1.7617591306412574 -2.741734514738975
34 0.43706241702765986 -0.4473208687366109
35 3.5037566547126273 -3.58732640471255
36 1.7112447429293378 2.733578420997846
37 0.7577650177103137 0.3557501361406151
38 -2.409332190448999 -4.733273234672085
39 2.2422947188102436 -2.5173725972067345e-16
40 2.4093321904489935 -4.733273234672083
41 0.7577650177103157 -0.35575013614061585
42 -1.7112447429293376 2.733578420997843
43 3.5037566547126313 3.5873264047125475
44 -0.4370624170276597 -0.4473208687366109
45 -1.761759130641255 2.7417345147389796
46 -1.9088636991755725 -1.144799338497845
47 -2.633897649123918 -1.7207988172525241
48 -1.404694694244029 0.7914902688227727
49 1.5843985127499909 3.034457524274346
50 -0.07924498361297475 -1.6957189429963382
51 4.639170208288205 -1.4541382628284891
52 -0.05447153940995668 0.21892359233037204
53 2.063350663621256 -1.5279642520173334e-16
54 0.05447153940995491 0.21892359233037273
55 4.639170208288207 1.4541382628284907
56 0.07924498361297388 -1.6957189429963428
57 1.5843985127499907 -3.0344575242743446
58 1.4046946942440317 0.7914902688227733
59 -2.6338976491239157 1.7207988172525266
60 1.908863699175572 -1.1447993384978448
61 -1.5250127053434368 0.9523180600623979
62 -0.8978778771560777 1.9085717569123446
63 2.4791158630807666 -1.1354705968767858
64 0.15717102097058577 1.150153016887175
65 -2.9495131254227034 1.435938744553166
66 3.6522982568214752 2.9124265251416976
67 1.1627560388783706 -0.24976080769254919
68 0.6052618248215356 2.6453756147947005
69 0.839845778433698 1.8596939655133328e-18
70 -0.6052618248215365 2.645375614794701
71 1.1627560388783702 0.24976080769254907
72 -3.652298256821475 2.912426525141695
73 -2.949513125422703 -1.435938744553166
74 -0.15717102097058624 1.150153016887174
75 2.4791158630807653 1.1354705968767873
76 0.8978778771560769 1.9085717569123446
77 -1.5250127053434377 -0.9523180600623985
78 1.7535921492282054 0.4718961142306222
79 -0.560716291870629 0.9751338883743618
80 1.9520097707346802 1.2284957927972107
81 1.8563775979743125 0.22057133274409826
82 0.13152910608614063 -0.5454232136666225
83 0.5998594023067723 1.056249895488171
84 -0.9884891350286714 0.9122874316328791
85 -0.9596932514610955 -0.4838683690204637
86 -1.347378948041981 3.270920167919145
87 0.3832393685004499 -5.943059593956136e-17
88 1.3473789480419809 3.270920167919145
89 -0.9596932514610947 0.48386836902046215
90 0.988489135028671 0.9122874316328782
91 0.5998594023067734 -1.0562498954881727
92 -0.13152910608614102 -0.5454232136666218
93 1.856377597974312 -0.22057133274409813
94 -1.9520097707346802 1.2284957927972107
95 -0.5607162918706287 -0.9751338883743602
96 -1.7535921492282043 0.4718961142306212
97 0.49699074268605353 -0.7835995552705854
98 -0.47291952483858507 0.6472202676814246
99 -1.7922253479715538 -1.0241619758495857
100 1.2539588752952813 -1.7912122158451906
101 -0.5852123321324544 -0.9375438281976347
102 0.284855028424493 -1.4636815598977315
103 0.8252531129345975 0.9137189742355843
104 -0.3673711792133261 -0.8125611872628432
105 -0.6588890605084909 0.37769155263439924
106 0.4817880019082233 -0.6807403684385397
107 -0.7586273069106436 3.5152686646741906e-17
108 -0.4817880019082235 -0.6807403684385392
109 -0.6588890605084915 -0.3776915526343995
110 0.36737117921332607 -0.8125611872628425
111 0.8252531129345979 -0.9137189742355846
112 -0.28485502842449284 -1.4636815598977315
113 -0.5852123321324542 0.9375438281976344
114 -1.2539588752952813 -1.7912122158451897
115 -1.7922253479715533 1.0241619758495852
116 0.47291952483858557 0.6472202676814253
117 0.496990742686053 0.7835995552705849
