1 -11.2060913683958 13.957876506357042
2 -11.124694328916792 -6.555321504603087
3 -11.954643541916514 5.050283999179309e-16
4 11.124694328916792 -6.555321504603086
5 -11.206091368395791 -13.957876506357035
6 3.561801064735527 -5.43391050570203
7 -7.399065625796603 0.735148819456307
8 3.063662975821687 6.862639993020494
9 14.024433213553825 9.938033873281197e-17
10 -3.063662975821701 6.862639993020487
11 -7.399065625796599 -0.7351488194563031
12 -3.5618010647355245 -5.433910505702037
13 6.678950243547623 -4.195680002139868
14 2.22929599048485 0.13065105456341344
15 0.6266794056145875 4.765580072073832
16 -6.949353988170082 -1.4480198864894334
17 7.562148725775727 -6.668042394417822e-16
18 6.949353988170085 -1.4480198864894251
19 0.6266794056145865 -4.765580072073832
20 -2.229295990484862 0.1306510545634053
21 6.678950243547621 4.195680002139862
22 -2.4308997036758524 0.005429621921872662
23 3.1205804540082003 -1.825976213208464
24 4.1940390685628435 -1.5131879672159239
25 1.8107391329232463 -3.569297374168797
26 2.2523330774470023 -0.8466918722552474
27 4.122096943787925 5.697778180058023e-16
28 -2.252333077447 -0.8466918722552507
29 1.8107391329232496 3.569297374168794
30 -4.194039068562837 -1.5131879672159283
31 3.1205804540082003 1.8259762132084651
32 2.4308997036758555 0.0054296219218710725
33 2.816049627020937 -1.4282732247519876
34 0.6901464899144338 -3.6435793891736687
35 4.149832595447872 0.8731885672596232
36 1.783623896157561 -1.201280994958418
37 4.9940653812665525 3.152607803136626
38 -0.45047049677537837 2.1899545480044544
39 -0.9200224892833258 -9.027349844686859e-16
40 0.4504704967753688 2.1899545480044584
41 4.994065381266554 -3.152607803136628
42 -1.7836238961575566 -1.201280994958415
43 4.14983259544788 -0.8731885672596227
44 -0.6901464899144331 -3.6435793891736665
45 2.8160496270209383 1.4282732247519996
46 -1.0132088922520006 2.6679629059176326
47 1.5001626298102684 -1.93818286056756
48 -0.596567419373221 -2.3035127374953435
49 -0.373730896984818 -0.2977374797344028
50 1.6833463385340353 0.28523972661430813
51 2.0807302825366003 -1.3357785384783996
52 6.41067682231514 -1.9644655171474215
53 1.9581864572079823 5.696923395920607e-17
54 -6.410676822315152 -1.9644655171474146
55 2.0807302825366096 1.335778538478405
56 -1.6833463385340313 0.28523972661429164
57 -0.3737308969848198 0.29773747973440673
58 0.5965674193732302 -2.303512737495342
59 1.500162629810273 1.9381828605675655
60 1.0132088922520015 2.667962905917641
61 0.484061833683114 -1.2222564027977705
62 -0.7532584013548824 -4.132435589170054
63 1.7420361665555075 -2.0263975407867507
64 -0.14536054879409746 1.7470906879585908
65 0.8768756805728213 -0.5585868406886633
66 -0.11028147671653823 -1.601620522551783
67 1.243314586532262 -0.4807454339668632
68 -1.80077577789962 1.2232208941210048
69 0.5973644898669126 -1.8738081072702415e-16
70 1.8007757778996143 1.223220894121009
71 1.2433145865322555 0.480745433966857
72 0.11028147671652744 -1.6016205225517952
73 0.8768756805728207 0.5585868406886648
74 0.14536054879409635 1.74709068795859
75 1.7420361665555086 2.0263975407867667
76 0.7532584013548733 -4.132435589170059
77 0.4840618336831082 1.2222564027977658
78 0.07048863661004874 -0.2484559198844037
79 -0.677791995017973 -2.312397669610673
80 -0.7114726928231072 -1.2463174697512402
81 -0.7775256162776273 1.1261680199706985
82 2.273266705393207 0.7467893134114654
83 0.27230469813419145 -0.2447667547528003
84 1.0097508321493127 0.18689345556767684
85 -2.4011190618383482 0.9786721135321688
86 1.0928202303142713 -0.3671560528539123
87 -0.38362407498598633 -5.042840089284904e-16
88 -1.0928202303142707 -0.3671560528539101
89 -2.401119061838348 -0.9786721135321803
90 -1.0097508321493132 0.18689345556767778
91 0.27230469813419633 0.2447667547527996
92 -2.2732667053932114 0.7467893134114659
93 -0.7775256162776262 -1.1261680199706963
94 0.7114726928231058 -1.2463174697512396
95 -0.6777919950179698 2.3123976696106805
96 -0.07048863661004465 -0.2484559198844101
97 1.3234346864578026 1.8474357243095003
98 1.3613124634450153 -1.051099793879093
99 0.8278440519780995 -0.9120011351210076
100 -0.603364046844308 -0.15719024587813135
101 -0.5831560565468866 0.9294324708949692
102 -1.1714064494714873 0.3839320946047607
103 1.0879050700698938 -0.8109881997466708
104 -0.16035725208142318 -0.5496040174071012
105 -0.37439194607366993 0.7107460209876073
106 1.417198443830535 0.7714054761809506
107 0.2109915833897233 2.2926587388906087e-16
108 -1.4171984438305356 0.7714054761809527
109 -0.374391946073674 -0.7107460209876104
110 0.16035725208142415 -0.5496040174071009
111 1.0879050700698938 0.8109881997466695
112 1.1714064494714846 0.3839320946047614
113 -0.5831560565468861 -0.9294324708949709
114 0.603364046844308 -0.15719024587812808
115 0.827844051978098 0.9120011351210032
116 -1.361312463445012 -1.051099793879091
117 1.3234346864578013 -1.847435724309506
