1 0.09686033850886745 3.3269403175936025
2 -2.6688541993390373 14.89747473406825
3 -2.643046213891304 -3.35792223573795e-17
4 2.6688541993390387 14.897474734068245
5 0.09686033850887144 -3.326940317593598
6 3.162058487713195 -4.83618666031035
7 -0.4706420506847833 -7.398856032890634
8 4.76785485403915 -6.0936285189799655
9 3.2745877429225456 6.683777980339621e-18
10 -4.767854854039152 -6.093628518979963
11 -0.4706420506847826 7.398856032890634
12 -3.1620584877131956 -4.836186660310351
13 0.8977510522879989 3.260856814190954
14 -2.7203821095228515 6.548064906968272
15 7.290056229732326 -0.32737049013427444
16 0.7774409872915368 -3.4368802888062713
17 -6.31969864439169 -1.9031014504840098e-16
18 -0.7774409872915357 -3.43688028880627
19 7.290056229732329 0.32737049013427405
20 2.7203821095228524 6.548064906968272
21 0.8977510522879998 -3.260856814190954
22 -0.7099747033402788 4.455799210362331
23 -2.737238014794242 -0.7279327037509825
24 -0.9661244152259062 0.049893698064086354
25 1.1780921434670326 12.452136822521467
26 -1.1007136981986632 -3.4061864585167876
27 -4.50710335143489 -1.114785414474959e-16
28 1.1007136981986618 -3.4061864585167876
29 1.1780921434670322 -12.452136822521462
30 0.9661244152259065 0.04989369806408692
31 -2.737238014794242 0.7279327037509845
32 0.7099747033402787 4.455799210362331
33 2.280630861291412 -1.2785725929184235
34 2.437628248686164 3.967889873329355
35 1.3968608342975029 1.290824335828544
36 0.45232775991109386 -2.548853165852703
37 2.0272386363730392 -0.26771471954401954
38 4.032996463735765 -0.7511962595807266
39 -2.951071935942654 1.2059724908440115e-16
40 -4.032996463735764 -0.7511962595807261
41 2.0272386363730384 0.26771471954402043
42 -0.452327759911095 -2.548853165852705
43 1.3968608342975015 -1.2908243358285454
44 -2.437628248686164 3.967889873329355
45 2.280630861291413 1.278572592918422
46 3.9300058633763824 6.085284351593792
47 0.2126114026339719 0.1958820014330989
48 2.858106064682955 -3.1023673736658015
49 0.5007241810125593 0.6686336745180087
50 -1.0095487475774125 0.8313236940618437
51 2.0315997183744825 2.232164203785183
52 0.8946925766000392 -1.1705091398638052
53 -3.6825079032753614 -2.0740038685891715e-16
54 -0.8946925766000371 -1.1705091398638068
55 2.0315997183744803 -2.2321642037851834
56 1.009548747577411 0.8313236940618446
57 0.5007241810125599 -0.6686336745180094
58 -2.858106064682955 -3.1023673736658015
59 0.21261140263397277 -0.19588200143309778
60 -3.9300058633763824 6.08528435159379
61 0.7051078616142068 -1.8347461001014835
62 -0.49563697992536276 -3.4538131385445956
63 -0.942050702279293 -0.37272038520875583
64 -2.4406696111278294 0.6090424688173681
65 -1.6268424691435954 1.2608485387521828
66 2.409475063795077 -0.5765953041116947
67 2.062751637643983 0.3106811637448173
68 0.9903249263197623 3.3133077700546227
69 0.8262052457446746 3.510538147430855e-17
70 -0.9903249263197621 3.3133077700546227
71 2.062751637643983 -0.3106811637448164
72 -2.409475063795074 -0.5765953041116936
73 -1.6268424691435956 -1.260848538752181
74 2.4406696111278285 0.609042468817367
75 -0.9420507022792952 0.3727203852087534
76 0.49563697992536315 -3.4538131385445943
77 0.7051078616142087 1.834746100101484
78 -0.670066625114253 -1.3308225982340196
79 2.0880097157850046 0.3205778212818987
80 0.27296863375930036 -1.7055494813771321
81 -1.19507906553775 1.3237662166139201
82 1.1169756662714616 -0.48088339342081243
83 0.7542112316496642 -0.06891737531755321
84 -0.3358380039742628 -0.08131099677186199
85 -3.038905310862169 -0.48794688183236046
86 2.0055179374661836 0.3255387741995129
87 -0.6454138510057804 5.458790426917099e-17
88 -2.0055179374661836 0.3255387741995131
89 -3.0389053108621678 0.4879468818323579
90 0.3358380039742625 -0.08131099677186278
91 0.7542112316496651 0.06891737531755007
92 -1.1169756662714627 -0.48088339342081227
93 -1.1950790655377495 -1.3237662166139195
94 -0.27296863375930097 -1.7055494813771324
95 2.0880097157850046 -0.32057782128189644
96 0.6700666251142541 -1.330822598234021
97 3.2773981968995813 -0.48081924564054174
98 0.9697808677824877 0.6651087541059195
99 -0.6196478540696287 1.3018637619359381
100 3.035604013248911 -0.928930111117326
101 0.772757889334446 0.2493858507240382
102 0.24236225876340384 -1.743575886101457
103 -0.038954420623550035 -1.1879847313715417
104 0.03135668586938171 2.5482355471439253
105 0.37180134849616636 -0.1440073905369757
106 1.4479362821127462 0.7113286884172175
107 0.6582116797784576 1.4911107974244603e-16
108 -1.4479362821127455 0.7113286884172192
109 0.3718013484961635 0.14400739053697387
110 -0.03135668586938144 2.5482355471439266
111 -0.038954420623549334 1.1879847313715408
112 -0.24236225876340506 -1.7435758861014559
113 0.7727578893344462 -0.24938585072403943
114 -3.0356040132489115 -0.9289301111173236
115 -0.6196478540696284 -1.301863761935941
116 -0.969780867782485 0.665108754105922
117 3.277398196899581 0.48081924564053785
