1 -2.476913306372026 -0.6938977473543845
2 8.593770985618203 -2.7215964489175297
3 11.389345135980957 6.50767432498678e-17
4 -8.593770985618212 -2.721596448917531
5 -2.476913306372031 0.693897747354379
6 1.5327134562031786 -2.150927206408217
7 4.829939789019789 -0.7054356992886708
8 -2.452924319369651 -2.583365916737578
9 10.458926404720614 -9.84136489626647e-18
10 2.452924319369651 -2.5833659167375798
11 4.829939789019789 0.7054356992886716
12 -1.5327134562031768 -2.1509272064082157
13 1.8411784805497722 3.369574682925485
14 2.6605749853363077 1.718066583502981
15 -4.685474107355617 -5.496265419643811
16 -5.5982300467971475 10.481712400917539
17 -6.221876978437443 -4.906865257923671e-16
18 5.598230046797149 10.48171240091754
19 -4.685474107355618 5.496265419643811
20 -2.660574985336315 1.7180665835029756
21 1.8411784805497715 -3.3695746829254882
22 0.4088961089457917 2.0862291457117497
23 -0.3237334955424666 1.6607305611242285
24 -1.1703337984381497 5.099227337775838
25 -1.6980243306009983 1.236794811418671
26 -0.10692407144559282 -0.8224637468169815
27 -3.187143503747073 1.7998439409991145e-16
28 0.10692407144559174 -0.8224637468169844
29 -1.6980243306009977 -1.2367948114186664
30 1.1703337984381583 5.099227337775833
31 -0.32373349554246533 -1.6607305611242222
32 -0.40889610894578676 2.0862291457117466
33 -2.0300226442570777 2.2558223632002714
34 5.9564175503306895 -4.070991412017142
35 -0.5188562641283904 0.8455892680332604
36 1.3863724382630338 -0.9985658376001444
37 -0.5026835441703692 -2.5089945951753614
38 -2.3443744088225476 0.7852952125987605
39 -3.2365698390022057 4.506661930525514e-16
40 2.3443744088225507 0.7852952125987596
41 -0.5026835441703692 2.508994595175363
42 -1.3863724382630362 -0.9985658376001502
43 -0.5188562641283941 -0.8455892680332633
44 -5.95641755033069 -4.070991412017142
45 -2.0300226442570763 -2.2558223632002785
46 0.8613629638204573 0.5195595934805729
47 1.301233841379137 0.8621632832337778
48 3.488805937862346 0.4623213701932955
49 -1.0850506685055354 -0.8238580021622204
50 -0.5773756678491703 0.03456063176142753
51 0.15947786823943502 0.04950114536566692
52 -0.9235439794548919 0.008305028972853457
53 1.5782002707589227 -1.0348447654192322e-16
54 0.9235439794548951 0.008305028972851512
55 0.1594778682394325 -0.04950114536566859
56 0.5773756678491689 0.034560631761430795
57 -1.0850506685055346 0.8238580021622189
58 -3.4888059378623484 0.4623213701932953
59 1.3012338413791364 -0.8621632832337772
60 -0.8613629638204573 0.5195595934805709
61 -0.7306215895747057 0.1126945731337511
62 -0.24156306197453564 -0.8676259594824226
63 0.19730934898632313 1.2510455570640036
64 -0.12888751438778842 0.17887637349703095
65 -0.6114680473727576 0.3392164257723308
66 -0.026867082642492022 -0.4933094478849202
67 -0.8353835108520915 0.48923550451709513
68 -0.5677673149773406 0.6809614566055477
69 0.3717483897789612 -5.743781320364244e-20
70 0.5677673149773415 0.6809614566055473
71 -0.8353835108520907 -0.4892355045170941
72 0.02686708264249369 -0.49330944788491865
73 -0.6114680473727575 -0.3392164257723307
74 0.12888751438778853 0.1788763734970309
75 0.19730934898632324 -1.2510455570640056
76 0.24156306197453703 -0.8676259594824215
77 -0.7306215895747049 -0.11269457313375035
78 0.31317999374579164 0.7703671935940646
79 -0.14800516564256969 -0.1907310410739366
80 0.2962555469398921 -0.4103033298241198
81 0.7050900619637288 0.15435643539192545
82 -0.2284355732055142 0.435225215744484
83 0.28277981272709674 -0.15797973666347384
84 -0.09415735826335934 0.06425397931066845
85 -0.17852855854249183 -0.4939754588484881
86 0.11801815205007274 0.4185383952408302
87 -0.12520966402293418 5.829377810822007e-17
88 -0.1180181520500726 0.4185383952408299
89 -0.17852855854249183 0.4939754588484891
90 0.09415735826335944 0.0642539793106683
91 0.28277981272709635 0.1579797366634737
92 0.22843557320551447 0.43522521574448386
93 0.7050900619637287 -0.15435643539192545
94 -0.29625554693989187 -0.41030332982412
95 -0.14800516564256996 0.19073104107393585
96 -0.3131799937457919 0.7703671935940652
97 0.0354616850009144 0.14962720857198122
98 -0.18952227536555813 -0.01747935944477265
99 0.10232894959720831 -0.016937898899454497
100 0.17363603470234365 -0.17641382254650306
101 -0.0008476561297060696 -0.2449280562433367
102 0.17146680605893494 -0.07228195851569488
103 0.053121374333877786 -0.03296953759392055
104 -0.05452632364833164 -0.12604389729983573
105 0.05222538650833304 -0.08666499623132143
106 -0.26518514147827216 0.08823224484686401
107 -0.3224123347003637 -1.0423258520145612e-17
108 0.265185141478272 0.08823224484686405
109 0.052225386508333305 0.08666499623132154
110 0.0545263236483317 -0.12604389729983573
111 0.05312137433387774 0.032969537593920566
112 -0.1714668060589348 -0.072281958515695
113 -0.0008476561297060033 0.24492805624333683
114 -0.1736360347023437 -0.1764138225465031
115 0.10232894959720841 0.01693789889945472
116 0.189522275365558 -0.01747935944477277
117 0.03546168500091451 -0.14962720857198086
