0 0.0 0.0 0.0
1 0.0 0.0 0.0
2 -0.000823447497357 0.0 0.0
3 -0.000823447497357 0.0 0.0
4 7.74185713847e-05 0.0 0.0
5 7.74185713847e-05 0.0 0.0
6 0.000107428404433 0.0 0.0
7 0.000107428404433 0.0 0.0
8 0.000107428404433 0.0 0.0
9 0.000107428404433 0.0 0.0
10 0.000107428404433 0.0 0.0
11 0.000107428404433 0.0 0.0
12 -2.32656516949e-05 0.0 0.0
13 -2.32656516949e-05 0.0 0.0
14 -2.32656516949e-05 0.0 0.0
15 -2.32656516949e-05 0.0 0.0
16 -2.32656516949e-05 0.0 0.0
17 -2.32656516949e-05 0.0 0.0
18 -2.32656516949e-05 0.0 0.0
19 -2.32656516949e-05 0.0 0.0
20 -2.32656516949e-05 0.0 0.0
21 -2.32656516949e-05 0.0 0.0
22 -2.32656516949e-05 0.0 0.0
23 -2.32656516949e-05 0.0 0.0
24 -2.32656516949e-05 0.0 0.0
25 -2.32656516949e-05 0.0 0.0
26 -2.32656516949e-05 0.0 0.0
27 -2.32656516949e-05 0.0 0.0
28 -2.32656516949e-05 0.0 0.0
29 -2.32656516949e-05 0.0 0.0
30 -4.81076949173e-05 0.0 0.0
31 -4.81076949173e-05 0.0 0.0
32 -4.81076949173e-05 0.0 0.0
33 -4.81076949173e-05 0.0 0.0
34 -4.81076949173e-05 0.0 0.0
35 -4.81076949173e-05 0.0 0.0
36 -4.81076949173e-05 0.0 0.0
37 -4.81076949173e-05 0.0 0.0
38 -4.81076949173e-05 0.0 0.0
39 -4.81076949173e-05 0.0 0.0
40 -4.81076949173e-05 0.0 0.0
41 -4.81076949173e-05 0.0 0.0
42 -4.81076949173e-05 0.0 0.0
43 -4.81076949173e-05 0.0 0.0
44 -4.81076949173e-05 0.0 0.0
45 -4.81076949173e-05 0.0 0.0
46 -3.6572689317e-05 0.0 0.0
47 -3.6572689317e-05 0.0 0.0
48 -3.6572689317e-05 0.0 0.0
49 -3.6572689317e-05 0.0 0.0
50 -3.6572689317e-05 0.0 0.0
51 -3.6572689317e-05 0.0 0.0
52 -3.6572689317e-05 0.0 0.0
53 -3.6572689317e-05 0.0 0.0
54 -3.6572689317e-05 0.0 0.0
55 -3.6572689317e-05 0.0 0.0
56 -3.6572689317e-05 0.0 0.0
57 -3.6572689317e-05 0.0 0.0
58 -3.6572689317e-05 0.0 0.0
59 -3.6572689317e-05 0.0 0.0
60 -3.6572689317e-05 0.0 0.0
61 -3.6572689317e-05 0.0 0.0
62 -3.6572689317e-05 0.0 0.0
63 -3.6572689317e-05 0.0 0.0
64 -3.6572689317e-05 0.0 0.0
65 -3.6572689317e-05 0.0 0.0
66 -3.6572689317e-05 0.0 0.0
67 -3.6572689317e-05 0.0 0.0
68 -3.6572689317e-05 0.0 0.0
69 -3.6572689317e-05 0.0 0.0
70 -3.6572689317e-05 0.0 0.0
71 -3.6572689317e-05 0.0 0.0
72 -3.6572689317e-05 0.0 0.0
73 -3.6572689317e-05 0.0 0.0
74 -3.6572689317e-05 0.0 0.0
75 -3.6572689317e-05 0.0 0.0
76 2.204750967e-05 0.0 0.0
77 2.204750967e-05 0.0 0.0
78 2.204750967e-05 0.0 0.0
79 2.204750967e-05 0.0 0.0
80 2.204750967e-05 0.0 0.0
81 2.204750967e-05 0.0 0.0
82 2.204750967e-05 0.0 0.0
83 2.204750967e-05 0.0 0.0
84 2.204750967e-05 0.0 0.0
85 2.204750967e-05 0.0 0.0
86 2.204750967e-05 0.0 0.0
87 2.204750967e-05 0.0 0.0
88 2.204750967e-05 0.0 0.0
89 2.204750967e-05 0.0 0.0
90 2.204750967e-05 0.0 0.0
91 -9.02583790242e-06 0.0 0.0
92 -9.02583790242e-06 0.0 0.0
93 -9.02583790242e-06 0.0 0.0
94 -9.02583790242e-06 0.0 0.0
95 -9.02583790242e-06 0.0 0.0
96 -9.02583790242e-06 0.0 0.0
97 -9.02583790242e-06 0.0 0.0
98 -9.02583790242e-06 0.0 0.0
99 -9.02583790242e-06 0.0 0.0
100 -9.02583790242e-06 0.0 0.0
101 -9.02583790242e-06 0.0 0.0
102 -9.02583790242e-06 0.0 0.0
103 -9.02583790242e-06 0.0 0.0
104 -9.02583790242e-06 0.0 0.0
105 -9.02583790242e-06 0.0 0.0
106 -9.02583790242e-06 0.0 0.0
107 -9.02583790242e-06 0.0 0.0
108 -9.02583790242e-06 0.0 0.0
109 -9.02583790242e-06 0.0 0.0
110 -9.02583790242e-06 0.0 0.0
111 -9.02583790242e-06 0.0 0.0
112 -9.02583790242e-06 0.0 0.0
113 -9.02583790242e-06 0.0 0.0
114 -9.02583790242e-06 0.0 0.0
115 -9.02583790242e-06 0.0 0.0
116 -9.02583790242e-06 0.0 0.0
117 -9.02583790242e-06 0.0 0.0
118 -9.02583790242e-06 0.0 0.0
119 -9.02583790242e-06 0.0 0.0
120 -9.02583790242e-06 0.0 0.0
121 -1.3703950888e-05 0.0 0.0
122 -1.3703950888e-05 0.0 0.0
123 -1.3703950888e-05 0.0 0.0
124 -1.3703950888e-05 0.0 0.0
125 -1.3703950888e-05 0.0 0.0
126 -1.3703950888e-05 0.0 0.0
127 -1.3703950888e-05 0.0 0.0
128 -1.3703950888e-05 0.0 0.0
129 -1.3703950888e-05 0.0 0.0
130 -1.3703950888e-05 0.0 0.0
131 -1.3703950888e-05 0.0 0.0
132 -1.3703950888e-05 0.0 0.0
133 -1.3703950888e-05 0.0 0.0
134 -1.3703950888e-05 0.0 0.0
135 -1.3703950888e-05 0.0 0.0
136 -6.58989820579e-06 0.0 0.0
137 -6.58989820579e-06 0.0 0.0
138 -6.58989820579e-06 0.0 0.0
139 -6.58989820579e-06 0.0 0.0
140 -6.58989820579e-06 0.0 0.0
141 -6.58989820579e-06 0.0 0.0
142 -6.58989820579e-06 0.0 0.0
143 -6.58989820579e-06 0.0 0.0
144 -6.58989820579e-06 0.0 0.0
145 -6.58989820579e-06 0.0 0.0
146 -6.58989820579e-06 0.0 0.0
147 -6.58989820579e-06 0.0 0.0
148 -6.58989820579e-06 0.0 0.0
149 -6.58989820579e-06 0.0 0.0
150 -6.58989820579e-06 0.0 0.0
151 -6.58989820579e-06 0.0 0.0
152 -6.58989820579e-06 0.0 0.0
153 -6.58989820579e-06 0.0 0.0
154 -6.58989820579e-06 0.0 0.0
155 -6.58989820579e-06 0.0 0.0
156 -6.58989820579e-06 0.0 0.0
157 -6.58989820579e-06 0.0 0.0
158 -6.58989820579e-06 0.0 0.0
159 -6.58989820579e-06 0.0 0.0
160 -6.58989820579e-06 0.0 0.0
161 6.52586505178e-06 0.0 0.0
162 6.52586505178e-06 0.0 0.0
163 6.52586505178e-06 0.0 0.0
164 6.52586505178e-06 0.0 0.0
165 6.52586505178e-06 0.0 0.0
166 6.52586505178e-06 0.0 0.0
167 6.52586505178e-06 0.0 0.0
168 6.52586505178e-06 0.0 0.0
169 6.52586505178e-06 0.0 0.0
170 6.52586505178e-06 0.0 0.0
171 6.52586505178e-06 0.0 0.0
172 6.52586505178e-06 0.0 0.0
173 6.52586505178e-06 0.0 0.0
174 6.52586505178e-06 0.0 0.0
175 6.52586505178e-06 0.0 0.0
176 6.52586505178e-06 0.0 0.0
177 6.52586505178e-06 0.0 0.0
178 6.52586505178e-06 0.0 0.0
179 6.52586505178e-06 0.0 0.0
180 6.52586505178e-06 0.0 0.0
181 6.52586505178e-06 0.0 0.0
182 6.52586505178e-06 0.0 0.0
183 6.52586505178e-06 0.0 0.0
184 6.52586505178e-06 0.0 0.0
185 6.52586505178e-06 0.0 0.0
186 6.52586505178e-06 0.0 0.0
187 6.52586505178e-06 0.0 0.0
188 6.52586505178e-06 0.0 0.0
189 6.52586505178e-06 0.0 0.0
190 6.52586505178e-06 0.0 0.0
191 6.52586505178e-06 0.0 0.0
192 6.52586505178e-06 0.0 0.0
193 6.52586505178e-06 0.0 0.0
194 6.52586505178e-06 0.0 0.0
195 6.52586505178e-06 0.0 0.0
196 6.52586505178e-06 0.0 0.0
197 6.52586505178e-06 0.0 0.0
198 6.52586505178e-06 0.0 0.0
199 6.52586505178e-06 0.0 0.0
200 6.52586505178e-06 0.0 0.0
201 8.5313878696e-06 0.0 0.0
202 8.5313878696e-06 0.0 0.0
203 8.5313878696e-06 0.0 0.0
204 8.5313878696e-06 0.0 0.0
205 8.5313878696e-06 0.0 0.0
206 8.5313878696e-06 0.0 0.0
207 8.5313878696e-06 0.0 0.0
208 8.5313878696e-06 0.0 0.0
209 8.5313878696e-06 0.0 0.0
210 8.5313878696e-06 0.0 0.0
211 8.5313878696e-06 0.0 0.0
212 8.5313878696e-06 0.0 0.0
213 8.5313878696e-06 0.0 0.0
214 8.5313878696e-06 0.0 0.0
215 8.5313878696e-06 0.0 0.0
216 8.5313878696e-06 0.0 0.0
217 8.5313878696e-06 0.0 0.0
218 8.5313878696e-06 0.0 0.0
219 8.5313878696e-06 0.0 0.0
220 8.5313878696e-06 0.0 0.0
221 8.5313878696e-06 0.0 0.0
222 8.5313878696e-06 0.0 0.0
223 8.5313878696e-06 0.0 0.0
224 8.5313878696e-06 0.0 0.0
225 8.5313878696e-06 0.0 0.0
226 8.5313878696e-06 0.0 0.0
227 8.5313878696e-06 0.0 0.0
228 8.5313878696e-06 0.0 0.0
229 8.5313878696e-06 0.0 0.0
230 8.5313878696e-06 0.0 0.0
231 8.5313878696e-06 0.0 0.0
232 8.5313878696e-06 0.0 0.0
233 8.5313878696e-06 0.0 0.0
234 8.5313878696e-06 0.0 0.0
235 8.5313878696e-06 0.0 0.0
236 8.5313878696e-06 0.0 0.0
237 8.5313878696e-06 0.0 0.0
238 8.5313878696e-06 0.0 0.0
239 8.5313878696e-06 0.0 0.0
240 8.5313878696e-06 0.0 0.0
241 8.5313878696e-06 0.0 0.0
242 8.5313878696e-06 0.0 0.0
243 8.5313878696e-06 0.0 0.0
244 8.5313878696e-06 0.0 0.0
245 8.5313878696e-06 0.0 0.0
246 8.5313878696e-06 0.0 0.0
247 8.5313878696e-06 0.0 0.0
248 8.5313878696e-06 0.0 0.0
249 8.5313878696e-06 0.0 0.0
250 8.5313878696e-06 0.0 0.0
251 8.5313878696e-06 0.0 0.0
252 8.5313878696e-06 0.0 0.0
253 8.5313878696e-06 0.0 0.0
254 8.5313878696e-06 0.0 0.0
255 8.5313878696e-06 0.0 0.0
256 8.5313878696e-06 0.0 0.0
257 8.5313878696e-06 0.0 0.0
258 8.5313878696e-06 0.0 0.0
259 8.5313878696e-06 0.0 0.0
260 8.5313878696e-06 0.0 0.0
261 8.5313878696e-06 0.0 0.0
262 8.5313878696e-06 0.0 0.0
263 8.5313878696e-06 0.0 0.0
264 8.5313878696e-06 0.0 0.0
265 8.5313878696e-06 0.0 0.0
266 8.5313878696e-06 0.0 0.0
267 8.5313878696e-06 0.0 0.0
268 8.5313878696e-06 0.0 0.0
269 8.5313878696e-06 0.0 0.0
270 8.5313878696e-06 0.0 0.0
271 1.25855952245e-05 0.0 0.0
272 1.25855952245e-05 0.0 0.0
273 1.25855952245e-05 0.0 0.0
274 1.25855952245e-05 0.0 0.0
275 1.25855952245e-05 0.0 0.0
276 1.25855952245e-05 0.0 0.0
277 1.25855952245e-05 0.0 0.0
278 1.25855952245e-05 0.0 0.0
279 1.25855952245e-05 0.0 0.0
280 1.25855952245e-05 0.0 0.0
281 1.25855952245e-05 0.0 0.0
282 1.25855952245e-05 0.0 0.0
283 1.25855952245e-05 0.0 0.0
284 1.25855952245e-05 0.0 0.0
285 1.25855952245e-05 0.0 0.0
286 1.25855952245e-05 0.0 0.0
287 1.25855952245e-05 0.0 0.0
288 1.25855952245e-05 0.0 0.0
289 1.25855952245e-05 0.0 0.0
290 1.25855952245e-05 0.0 0.0
291 1.25855952245e-05 0.0 0.0
292 1.25855952245e-05 0.0 0.0
293 1.25855952245e-05 0.0 0.0
294 1.25855952245e-05 0.0 0.0
295 1.25855952245e-05 0.0 0.0
296 1.25855952245e-05 0.0 0.0
297 1.25855952245e-05 0.0 0.0
298 1.25855952245e-05 0.0 0.0
299 1.25855952245e-05 0.0 0.0
300 1.25855952245e-05 0.0 0.0
301 1.25855952245e-05 0.0 0.0
302 1.25855952245e-05 0.0 0.0
303 1.25855952245e-05 0.0 0.0
304 1.25855952245e-05 0.0 0.0
305 1.25855952245e-05 0.0 0.0
306 1.25855952245e-05 0.0 0.0
307 1.25855952245e-05 0.0 0.0
308 1.25855952245e-05 0.0 0.0
309 1.25855952245e-05 0.0 0.0
310 1.25855952245e-05 0.0 0.0
311 1.25855952245e-05 0.0 0.0
312 1.25855952245e-05 0.0 0.0
313 1.25855952245e-05 0.0 0.0
314 1.25855952245e-05 0.0 0.0
315 1.25855952245e-05 0.0 0.0
316 1.25855952245e-05 0.0 0.0
317 1.25855952245e-05 0.0 0.0
318 1.25855952245e-05 0.0 0.0
319 1.25855952245e-05 0.0 0.0
320 1.25855952245e-05 0.0 0.0
321 1.25855952245e-05 0.0 0.0
322 1.25855952245e-05 0.0 0.0
323 1.25855952245e-05 0.0 0.0
324 1.25855952245e-05 0.0 0.0
325 1.25855952245e-05 0.0 0.0
326 -4.68702308242e-05 0.0 0.0
327 -4.68702308242e-05 0.0 0.0
328 -4.68702308242e-05 0.0 0.0
329 -4.68702308242e-05 0.0 0.0
330 -4.68702308242e-05 0.0 0.0
331 -4.68702308242e-05 0.0 0.0
332 -4.68702308242e-05 0.0 0.0
333 -4.68702308242e-05 0.0 0.0
334 -4.68702308242e-05 0.0 0.0
335 -4.68702308242e-05 0.0 0.0
336 -4.68702308242e-05 0.0 0.0
337 -4.68702308242e-05 0.0 0.0
338 -4.68702308242e-05 0.0 0.0
339 -4.68702308242e-05 0.0 0.0
340 -4.68702308242e-05 0.0 0.0
341 -4.68702308242e-05 0.0 0.0
342 -4.68702308242e-05 0.0 0.0
343 -4.68702308242e-05 0.0 0.0
344 -4.68702308242e-05 0.0 0.0
345 -4.68702308242e-05 0.0 0.0
346 -4.68702308242e-05 0.0 0.0
347 -4.68702308242e-05 0.0 0.0
348 -4.68702308242e-05 0.0 0.0
349 -4.68702308242e-05 0.0 0.0
350 -4.68702308242e-05 0.0 0.0
351 -4.68702308242e-05 0.0 0.0
352 -4.68702308242e-05 0.0 0.0
353 -4.68702308242e-05 0.0 0.0
354 -4.68702308242e-05 0.0 0.0
355 -4.68702308242e-05 0.0 0.0
356 -4.68702308242e-05 0.0 0.0
357 -4.68702308242e-05 0.0 0.0
358 -4.68702308242e-05 0.0 0.0
359 -4.68702308242e-05 0.0 0.0
360 -4.68702308242e-05 0.0 0.0
361 -4.68702308242e-05 0.0 0.0
362 -4.68702308242e-05 0.0 0.0
363 -4.68702308242e-05 0.0 0.0
364 -4.68702308242e-05 0.0 0.0
365 -4.68702308242e-05 0.0 0.0
366 -4.68702308242e-05 0.0 0.0
367 -4.68702308242e-05 0.0 0.0
368 -4.68702308242e-05 0.0 0.0
369 -4.68702308242e-05 0.0 0.0
370 -4.68702308242e-05 0.0 0.0
371 -4.68702308242e-05 0.0 0.0
372 -4.68702308242e-05 0.0 0.0
373 -4.68702308242e-05 0.0 0.0
374 -4.68702308242e-05 0.0 0.0
375 -4.68702308242e-05 0.0 0.0
376 2.1241394652e-05 0.0 0.0
377 2.1241394652e-05 0.0 0.0
378 2.1241394652e-05 0.0 0.0
379 2.1241394652e-05 0.0 0.0
380 2.1241394652e-05 0.0 0.0
381 2.1241394652e-05 0.0 0.0
382 2.1241394652e-05 0.0 0.0
383 2.1241394652e-05 0.0 0.0
384 2.1241394652e-05 0.0 0.0
385 2.1241394652e-05 0.0 0.0
386 2.1241394652e-05 0.0 0.0
387 2.1241394652e-05 0.0 0.0
388 2.1241394652e-05 0.0 0.0
389 2.1241394652e-05 0.0 0.0
390 2.1241394652e-05 0.0 0.0
391 2.1241394652e-05 0.0 0.0
392 2.1241394652e-05 0.0 0.0
393 2.1241394652e-05 0.0 0.0
394 2.1241394652e-05 0.0 0.0
395 2.1241394652e-05 0.0 0.0
396 2.1241394652e-05 0.0 0.0
397 2.1241394652e-05 0.0 0.0
398 2.1241394652e-05 0.0 0.0
399 2.1241394652e-05 0.0 0.0
400 2.1241394652e-05 0.0 0.0
401 2.1241394652e-05 0.0 0.0
402 2.1241394652e-05 0.0 0.0
403 2.1241394652e-05 0.0 0.0
404 2.1241394652e-05 0.0 0.0
405 2.1241394652e-05 0.0 0.0
406 2.1241394652e-05 0.0 0.0
407 2.1241394652e-05 0.0 0.0
408 2.1241394652e-05 0.0 0.0
409 2.1241394652e-05 0.0 0.0
410 2.1241394652e-05 0.0 0.0
411 2.1241394652e-05 0.0 0.0
412 2.1241394652e-05 0.0 0.0
413 2.1241394652e-05 0.0 0.0
414 2.1241394652e-05 0.0 0.0
415 2.1241394652e-05 0.0 0.0
416 2.1241394652e-05 0.0 0.0
417 2.1241394652e-05 0.0 0.0
418 2.1241394652e-05 0.0 0.0
419 2.1241394652e-05 0.0 0.0
420 2.1241394652e-05 0.0 0.0
421 2.1241394652e-05 0.0 0.0
422 2.1241394652e-05 0.0 0.0
423 2.1241394652e-05 0.0 0.0
424 2.1241394652e-05 0.0 0.0
425 2.1241394652e-05 0.0 0.0
426 6.53174403012e-05 0.0 0.0
427 6.53174403012e-05 0.0 0.0
428 6.53174403012e-05 0.0 0.0
429 6.53174403012e-05 0.0 0.0
430 6.53174403012e-05 0.0 0.0
431 6.53174403012e-05 0.0 0.0
432 6.53174403012e-05 0.0 0.0
433 6.53174403012e-05 0.0 0.0
434 6.53174403012e-05 0.0 0.0
435 6.53174403012e-05 0.0 0.0
436 6.53174403012e-05 0.0 0.0
437 6.53174403012e-05 0.0 0.0
438 6.53174403012e-05 0.0 0.0
439 6.53174403012e-05 0.0 0.0
440 6.53174403012e-05 0.0 0.0
441 6.53174403012e-05 0.0 0.0
442 6.53174403012e-05 0.0 0.0
443 6.53174403012e-05 0.0 0.0
444 6.53174403012e-05 0.0 0.0
445 6.53174403012e-05 0.0 0.0
446 6.53174403012e-05 0.0 0.0
447 6.53174403012e-05 0.0 0.0
448 6.53174403012e-05 0.0 0.0
449 6.53174403012e-05 0.0 0.0
450 6.53174403012e-05 0.0 0.0
451 6.53174403012e-05 0.0 0.0
452 6.53174403012e-05 0.0 0.0
453 6.53174403012e-05 0.0 0.0
454 6.53174403012e-05 0.0 0.0
455 6.53174403012e-05 0.0 0.0
456 6.53174403012e-05 0.0 0.0
457 6.53174403012e-05 0.0 0.0
458 6.53174403012e-05 0.0 0.0
459 6.53174403012e-05 0.0 0.0
460 6.53174403012e-05 0.0 0.0
461 6.53174403012e-05 0.0 0.0
462 6.53174403012e-05 0.0 0.0
463 6.53174403012e-05 0.0 0.0
464 6.53174403012e-05 0.0 0.0
465 6.53174403012e-05 0.0 0.0
466 6.53174403012e-05 0.0 0.0
467 6.53174403012e-05 0.0 0.0
468 6.53174403012e-05 0.0 0.0
469 6.53174403012e-05 0.0 0.0
470 6.53174403012e-05 0.0 0.0
471 6.53174403012e-05 0.0 0.0
472 6.53174403012e-05 0.0 0.0
473 6.53174403012e-05 0.0 0.0
474 6.53174403012e-05 0.0 0.0
475 6.53174403012e-05 0.0 0.0
476 4.83014493034e-05 0.0 0.0
477 4.83014493034e-05 0.0 0.0
478 4.83014493034e-05 0.0 0.0
479 4.83014493034e-05 0.0 0.0
480 4.83014493034e-05 0.0 0.0
481 4.83014493034e-05 0.0 0.0
482 4.83014493034e-05 0.0 0.0
483 4.83014493034e-05 0.0 0.0
484 4.83014493034e-05 0.0 0.0
485 4.83014493034e-05 0.0 0.0
486 4.83014493034e-05 0.0 0.0
487 4.83014493034e-05 0.0 0.0
488 4.83014493034e-05 0.0 0.0
489 4.83014493034e-05 0.0 0.0
490 4.83014493034e-05 0.0 0.0
491 4.83014493034e-05 0.0 0.0
492 4.83014493034e-05 0.0 0.0
493 4.83014493034e-05 0.0 0.0
494 4.83014493034e-05 0.0 0.0
495 4.83014493034e-05 0.0 0.0
496 4.83014493034e-05 0.0 0.0
497 4.83014493034e-05 0.0 0.0
498 4.83014493034e-05 0.0 0.0
499 4.83014493034e-05 0.0 0.0
500 4.83014493034e-05 0.0 0.0
501 4.83014493034e-05 0.0 0.0
502 4.83014493034e-05 0.0 0.0
503 4.83014493034e-05 0.0 0.0
504 4.83014493034e-05 0.0 0.0
505 4.83014493034e-05 0.0 0.0
506 4.83014493034e-05 0.0 0.0
507 4.83014493034e-05 0.0 0.0
508 4.83014493034e-05 0.0 0.0
509 4.83014493034e-05 0.0 0.0
510 4.83014493034e-05 0.0 0.0
511 4.83014493034e-05 0.0 0.0
512 4.83014493034e-05 0.0 0.0
513 4.83014493034e-05 0.0 0.0
514 4.83014493034e-05 0.0 0.0
515 4.83014493034e-05 0.0 0.0
516 4.83014493034e-05 0.0 0.0
517 4.83014493034e-05 0.0 0.0
518 4.83014493034e-05 0.0 0.0
519 4.83014493034e-05 0.0 0.0
520 4.83014493034e-05 0.0 0.0
521 4.83014493034e-05 0.0 0.0
522 4.83014493034e-05 0.0 0.0
523 4.83014493034e-05 0.0 0.0
524 4.83014493034e-05 0.0 0.0
525 4.83014493034e-05 0.0 0.0
526 8.30862286524e-05 0.0 0.0
527 8.30862286524e-05 0.0 0.0
528 8.30862286524e-05 0.0 0.0
529 8.30862286524e-05 0.0 0.0
530 8.30862286524e-05 0.0 0.0
531 8.30862286524e-05 0.0 0.0
532 8.30862286524e-05 0.0 0.0
533 8.30862286524e-05 0.0 0.0
534 8.30862286524e-05 0.0 0.0
535 8.30862286524e-05 0.0 0.0
536 8.30862286524e-05 0.0 0.0
537 8.30862286524e-05 0.0 0.0
538 8.30862286524e-05 0.0 0.0
539 8.30862286524e-05 0.0 0.0
540 8.30862286524e-05 0.0 0.0
541 8.30862286524e-05 0.0 0.0
542 8.30862286524e-05 0.0 0.0
543 8.30862286524e-05 0.0 0.0
544 8.30862286524e-05 0.0 0.0
545 8.30862286524e-05 0.0 0.0
546 8.30862286524e-05 0.0 0.0
547 8.30862286524e-05 0.0 0.0
548 8.30862286524e-05 0.0 0.0
549 8.30862286524e-05 0.0 0.0
550 8.30862286524e-05 0.0 0.0
551 8.30862286524e-05 0.0 0.0
552 8.30862286524e-05 0.0 0.0
553 8.30862286524e-05 0.0 0.0
554 8.30862286524e-05 0.0 0.0
555 8.30862286524e-05 0.0 0.0
556 8.30862286524e-05 0.0 0.0
557 8.30862286524e-05 0.0 0.0
558 8.30862286524e-05 0.0 0.0
559 8.30862286524e-05 0.0 0.0
560 8.30862286524e-05 0.0 0.0
561 8.30862286524e-05 0.0 0.0
562 8.30862286524e-05 0.0 0.0
563 8.30862286524e-05 0.0 0.0
564 8.30862286524e-05 0.0 0.0
565 8.30862286524e-05 0.0 0.0
566 8.30862286524e-05 0.0 0.0
567 8.30862286524e-05 0.0 0.0
568 8.30862286524e-05 0.0 0.0
569 8.30862286524e-05 0.0 0.0
570 8.30862286524e-05 0.0 0.0
571 8.30862286524e-05 0.0 0.0
572 8.30862286524e-05 0.0 0.0
573 8.30862286524e-05 0.0 0.0
574 8.30862286524e-05 0.0 0.0
575 8.30862286524e-05 0.0 0.0
576 -3.17913931445e-05 0.0 0.0
577 -3.17913931445e-05 0.0 0.0
578 -3.17913931445e-05 0.0 0.0
579 -3.17913931445e-05 0.0 0.0
580 -3.17913931445e-05 0.0 0.0
581 -3.17913931445e-05 0.0 0.0
582 -3.17913931445e-05 0.0 0.0
583 -3.17913931445e-05 0.0 0.0
584 -3.17913931445e-05 0.0 0.0
585 -3.17913931445e-05 0.0 0.0
586 -3.17913931445e-05 0.0 0.0
587 -3.17913931445e-05 0.0 0.0
588 -3.17913931445e-05 0.0 0.0
589 -3.17913931445e-05 0.0 0.0
590 -3.17913931445e-05 0.0 0.0
591 -3.17913931445e-05 0.0 0.0
592 -3.17913931445e-05 0.0 0.0
593 -3.17913931445e-05 0.0 0.0
594 -3.17913931445e-05 0.0 0.0
595 -3.17913931445e-05 0.0 0.0
596 -3.17913931445e-05 0.0 0.0
597 -3.17913931445e-05 0.0 0.0
598 -3.17913931445e-05 0.0 0.0
599 -3.17913931445e-05 0.0 0.0
600 -3.17913931445e-05 0.0 0.0
601 -3.17913931445e-05 0.0 0.0
602 -3.17913931445e-05 0.0 0.0
603 -3.17913931445e-05 0.0 0.0
604 -3.17913931445e-05 0.0 0.0
605 -3.17913931445e-05 0.0 0.0
606 -3.17913931445e-05 0.0 0.0
607 -3.17913931445e-05 0.0 0.0
608 -3.17913931445e-05 0.0 0.0
609 -3.17913931445e-05 0.0 0.0
610 -3.17913931445e-05 0.0 0.0
611 -3.17913931445e-05 0.0 0.0
612 -3.17913931445e-05 0.0 0.0
613 -3.17913931445e-05 0.0 0.0
614 -3.17913931445e-05 0.0 0.0
615 -3.17913931445e-05 0.0 0.0
616 -3.17913931445e-05 0.0 0.0
617 -3.17913931445e-05 0.0 0.0
618 -3.17913931445e-05 0.0 0.0
619 -3.17913931445e-05 0.0 0.0
620 -3.17913931445e-05 0.0 0.0
621 -3.17913931445e-05 0.0 0.0
622 -3.17913931445e-05 0.0 0.0
623 -3.17913931445e-05 0.0 0.0
624 -3.17913931445e-05 0.0 0.0
625 -3.17913931445e-05 0.0 0.0
626 8.39863846763e-05 0.0 0.0
627 8.39863846763e-05 0.0 0.0
628 8.39863846763e-05 0.0 0.0
629 8.39863846763e-05 0.0 0.0
630 8.39863846763e-05 0.0 0.0
631 8.39863846763e-05 0.0 0.0
632 8.39863846763e-05 0.0 0.0
633 8.39863846763e-05 0.0 0.0
634 8.39863846763e-05 0.0 0.0
635 8.39863846763e-05 0.0 0.0
636 8.39863846763e-05 0.0 0.0
637 8.39863846763e-05 0.0 0.0
638 8.39863846763e-05 0.0 0.0
639 8.39863846763e-05 0.0 0.0
640 8.39863846763e-05 0.0 0.0
641 8.39863846763e-05 0.0 0.0
642 8.39863846763e-05 0.0 0.0
643 8.39863846763e-05 0.0 0.0
644 8.39863846763e-05 0.0 0.0
645 8.39863846763e-05 0.0 0.0
646 8.39863846763e-05 0.0 0.0
647 8.39863846763e-05 0.0 0.0
648 8.39863846763e-05 0.0 0.0
649 8.39863846763e-05 0.0 0.0
650 8.39863846763e-05 0.0 0.0
651 8.39863846763e-05 0.0 0.0
652 8.39863846763e-05 0.0 0.0
653 8.39863846763e-05 0.0 0.0
654 8.39863846763e-05 0.0 0.0
655 8.39863846763e-05 0.0 0.0
656 8.39863846763e-05 0.0 0.0
657 8.39863846763e-05 0.0 0.0
658 8.39863846763e-05 0.0 0.0
659 8.39863846763e-05 0.0 0.0
660 8.39863846763e-05 0.0 0.0
661 8.39863846763e-05 0.0 0.0
662 8.39863846763e-05 0.0 0.0
663 8.39863846763e-05 0.0 0.0
664 8.39863846763e-05 0.0 0.0
665 8.39863846763e-05 0.0 0.0
666 8.39863846763e-05 0.0 0.0
667 8.39863846763e-05 0.0 0.0
668 8.39863846763e-05 0.0 0.0
669 8.39863846763e-05 0.0 0.0
670 8.39863846763e-05 0.0 0.0
671 8.39863846763e-05 0.0 0.0
672 8.39863846763e-05 0.0 0.0
673 8.39863846763e-05 0.0 0.0
674 8.39863846763e-05 0.0 0.0
675 8.39863846763e-05 0.0 0.0
676 0.000191057601173 0.0 0.0
677 0.000191057601173 0.0 0.0
678 0.000191057601173 0.0 0.0
679 0.000191057601173 0.0 0.0
680 0.000191057601173 0.0 0.0
681 0.000191057601173 0.0 0.0
682 0.000191057601173 0.0 0.0
683 0.000191057601173 0.0 0.0
684 0.000191057601173 0.0 0.0
685 0.000191057601173 0.0 0.0
686 0.000191057601173 0.0 0.0
687 0.000191057601173 0.0 0.0
688 0.000191057601173 0.0 0.0
689 0.000191057601173 0.0 0.0
690 0.000191057601173 0.0 0.0
691 0.000191057601173 0.0 0.0
692 0.000191057601173 0.0 0.0
693 0.000191057601173 0.0 0.0
694 0.000191057601173 0.0 0.0
695 0.000191057601173 0.0 0.0
696 0.000191057601173 0.0 0.0
697 0.000191057601173 0.0 0.0
698 0.000191057601173 0.0 0.0
699 0.000191057601173 0.0 0.0
700 0.000191057601173 0.0 0.0
701 0.000191057601173 0.0 0.0
702 0.000191057601173 0.0 0.0
703 0.000191057601173 0.0 0.0
704 0.000191057601173 0.0 0.0
705 0.000191057601173 0.0 0.0
706 0.000191057601173 0.0 0.0
707 0.000191057601173 0.0 0.0
708 0.000191057601173 0.0 0.0
709 0.000191057601173 0.0 0.0
710 0.000191057601173 0.0 0.0
711 0.000191057601173 0.0 0.0
712 0.000191057601173 0.0 0.0
713 0.000191057601173 0.0 0.0
714 0.000191057601173 0.0 0.0
715 0.000191057601173 0.0 0.0
716 0.000191057601173 0.0 0.0
717 0.000191057601173 0.0 0.0
718 0.000191057601173 0.0 0.0
719 0.000191057601173 0.0 0.0
720 0.000191057601173 0.0 0.0
721 0.000191057601173 0.0 0.0
722 0.000191057601173 0.0 0.0
723 0.000191057601173 0.0 0.0
724 0.000191057601173 0.0 0.0
725 0.000191057601173 0.0 0.0
726 -0.000122079238838 0.0 0.0
727 -0.000122079238838 0.0 0.0
728 -0.000122079238838 0.0 0.0
729 -0.000122079238838 0.0 0.0
730 -0.000122079238838 0.0 0.0
731 -0.000122079238838 0.0 0.0
732 -0.000122079238838 0.0 0.0
733 -0.000122079238838 0.0 0.0
734 -0.000122079238838 0.0 0.0
735 -0.000122079238838 0.0 0.0
736 -0.000122079238838 0.0 0.0
737 -0.000122079238838 0.0 0.0
738 -0.000122079238838 0.0 0.0
739 -0.000122079238838 0.0 0.0
740 -0.000122079238838 0.0 0.0
741 -0.000122079238838 0.0 0.0
742 -0.000122079238838 0.0 0.0
743 -0.000122079238838 0.0 0.0
744 -0.000122079238838 0.0 0.0
745 -0.000122079238838 0.0 0.0
746 -0.000122079238838 0.0 0.0
747 -0.000122079238838 0.0 0.0
748 -0.000122079238838 0.0 0.0
749 -0.000122079238838 0.0 0.0
750 -0.000122079238838 0.0 0.0
751 -0.000122079238838 0.0 0.0
752 -0.000122079238838 0.0 0.0
753 -0.000122079238838 0.0 0.0
754 -0.000122079238838 0.0 0.0
755 -0.000122079238838 0.0 0.0
756 -0.000122079238838 0.0 0.0
757 -0.000122079238838 0.0 0.0
758 -0.000122079238838 0.0 0.0
759 -0.000122079238838 0.0 0.0
760 -0.000122079238838 0.0 0.0
761 -0.000122079238838 0.0 0.0
762 -0.000122079238838 0.0 0.0
763 -0.000122079238838 0.0 0.0
764 -0.000122079238838 0.0 0.0
765 -0.000122079238838 0.0 0.0
766 -0.000122079238838 0.0 0.0
767 -0.000122079238838 0.0 0.0
768 -0.000122079238838 0.0 0.0
769 -0.000122079238838 0.0 0.0
770 -0.000122079238838 0.0 0.0
771 -0.000122079238838 0.0 0.0
772 -0.000122079238838 0.0 0.0
773 -0.000122079238838 0.0 0.0
774 -0.000122079238838 0.0 0.0
775 -0.000122079238838 0.0 0.0
776 -6.40393132477e-05 0.0 0.0
777 -6.40393132477e-05 0.0 0.0
778 -6.40393132477e-05 0.0 0.0
779 -6.40393132477e-05 0.0 0.0
780 -6.40393132477e-05 0.0 0.0
781 -6.40393132477e-05 0.0 0.0
782 -6.40393132477e-05 0.0 0.0
783 -6.40393132477e-05 0.0 0.0
784 -6.40393132477e-05 0.0 0.0
785 -6.40393132477e-05 0.0 0.0
786 -6.40393132477e-05 0.0 0.0
787 -6.40393132477e-05 0.0 0.0
788 -6.40393132477e-05 0.0 0.0
789 -6.40393132477e-05 0.0 0.0
790 -6.40393132477e-05 0.0 0.0
791 -6.40393132477e-05 0.0 0.0
792 -6.40393132477e-05 0.0 0.0
793 -6.40393132477e-05 0.0 0.0
794 -6.40393132477e-05 0.0 0.0
795 -6.40393132477e-05 0.0 0.0
796 -6.40393132477e-05 0.0 0.0
797 -6.40393132477e-05 0.0 0.0
798 -6.40393132477e-05 0.0 0.0
799 -6.40393132477e-05 0.0 0.0
800 -6.40393132477e-05 0.0 0.0
801 -6.40393132477e-05 0.0 0.0
802 -6.40393132477e-05 0.0 0.0
803 -6.40393132477e-05 0.0 0.0
804 -6.40393132477e-05 0.0 0.0
805 -6.40393132477e-05 0.0 0.0
806 -6.40393132477e-05 0.0 0.0
807 -6.40393132477e-05 0.0 0.0
808 -6.40393132477e-05 0.0 0.0
809 -6.40393132477e-05 0.0 0.0
810 -6.40393132477e-05 0.0 0.0
811 -6.40393132477e-05 0.0 0.0
812 -6.40393132477e-05 0.0 0.0
813 -6.40393132477e-05 0.0 0.0
814 -6.40393132477e-05 0.0 0.0
815 -6.40393132477e-05 0.0 0.0
816 -6.40393132477e-05 0.0 0.0
817 -6.40393132477e-05 0.0 0.0
818 -6.40393132477e-05 0.0 0.0
819 -6.40393132477e-05 0.0 0.0
820 -6.40393132477e-05 0.0 0.0
821 -6.40393132477e-05 0.0 0.0
822 -6.40393132477e-05 0.0 0.0
823 -6.40393132477e-05 0.0 0.0
824 -6.40393132477e-05 0.0 0.0
825 -6.40393132477e-05 0.0 0.0
826 -0.000283138883002 0.0 0.0
827 -0.000283138883002 0.0 0.0
828 -0.000283138883002 0.0 0.0
829 -0.000283138883002 0.0 0.0
830 -0.000283138883002 0.0 0.0
831 -0.000283138883002 0.0 0.0
832 -0.000283138883002 0.0 0.0
833 -0.000283138883002 0.0 0.0
834 -0.000283138883002 0.0 0.0
835 -0.000283138883002 0.0 0.0
836 -0.000283138883002 0.0 0.0
837 -0.000283138883002 0.0 0.0
838 -0.000283138883002 0.0 0.0
839 -0.000283138883002 0.0 0.0
840 -0.000283138883002 0.0 0.0
841 -0.000283138883002 0.0 0.0
842 -0.000283138883002 0.0 0.0
843 -0.000283138883002 0.0 0.0
844 -0.000283138883002 0.0 0.0
845 -0.000283138883002 0.0 0.0
846 -0.000283138883002 0.0 0.0
847 -0.000283138883002 0.0 0.0
848 -0.000283138883002 0.0 0.0
849 -0.000283138883002 0.0 0.0
850 -0.000283138883002 0.0 0.0
851 -0.000283138883002 0.0 0.0
852 -0.000283138883002 0.0 0.0
853 -0.000283138883002 0.0 0.0
854 -0.000283138883002 0.0 0.0
855 -0.000283138883002 0.0 0.0
856 -0.000283138883002 0.0 0.0
857 -0.000283138883002 0.0 0.0
858 -0.000283138883002 0.0 0.0
859 -0.000283138883002 0.0 0.0
860 -0.000283138883002 0.0 0.0
861 -0.000283138883002 0.0 0.0
862 -0.000283138883002 0.0 0.0
863 -0.000283138883002 0.0 0.0
864 -0.000283138883002 0.0 0.0
865 -0.000283138883002 0.0 0.0
866 -0.000283138883002 0.0 0.0
867 -0.000283138883002 0.0 0.0
868 -0.000283138883002 0.0 0.0
869 -0.000283138883002 0.0 0.0
870 -0.000283138883002 0.0 0.0
871 -0.000283138883002 0.0 0.0
872 -0.000283138883002 0.0 0.0
873 -0.000283138883002 0.0 0.0
874 -0.000283138883002 0.0 0.0
875 -0.000283138883002 0.0 0.0
876 -0.000283138883002 0.0 0.0
877 -0.000283138883002 0.0 0.0
878 -0.000283138883002 0.0 0.0
879 -0.000283138883002 0.0 0.0
880 -0.000283138883002 0.0 0.0
881 -0.000283138883002 0.0 0.0
882 -0.000283138883002 0.0 0.0
883 -0.000283138883002 0.0 0.0
884 -0.000283138883002 0.0 0.0
885 -0.000283138883002 0.0 0.0
886 -0.000283138883002 0.0 0.0
887 -0.000283138883002 0.0 0.0
888 -0.000283138883002 0.0 0.0
889 -0.000283138883002 0.0 0.0
890 -0.000283138883002 0.0 0.0
891 -0.000283138883002 0.0 0.0
892 -0.000283138883002 0.0 0.0
893 -0.000283138883002 0.0 0.0
894 -0.000283138883002 0.0 0.0
895 -0.000283138883002 0.0 0.0
896 -0.000283138883002 0.0 0.0
897 -0.000283138883002 0.0 0.0
898 -0.000283138883002 0.0 0.0
899 -0.000283138883002 0.0 0.0
900 -0.000283138883002 0.0 0.0
901 -0.000283138883002 0.0 0.0
902 -0.000283138883002 0.0 0.0
903 -0.000283138883002 0.0 0.0
904 -0.000283138883002 0.0 0.0
905 -0.000283138883002 0.0 0.0
906 -0.000283138883002 0.0 0.0
907 -0.000283138883002 0.0 0.0
908 -0.000283138883002 0.0 0.0
909 -0.000283138883002 0.0 0.0
910 -0.000283138883002 0.0 0.0
911 -0.000283138883002 0.0 0.0
912 -0.000283138883002 0.0 0.0
913 -0.000283138883002 0.0 0.0
914 -0.000283138883002 0.0 0.0
915 -0.000283138883002 0.0 0.0
916 -0.000283138883002 0.0 0.0
917 -0.000283138883002 0.0 0.0
918 -0.000283138883002 0.0 0.0
919 -0.000283138883002 0.0 0.0
920 -0.000283138883002 0.0 0.0
921 -0.000283138883002 0.0 0.0
922 -0.000283138883002 0.0 0.0
923 -0.000283138883002 0.0 0.0
924 -0.000283138883002 0.0 0.0
925 -0.000283138883002 0.0 0.0
926 -0.000283138883002 0.0 0.0
927 -0.000283138883002 0.0 0.0
928 -0.000283138883002 0.0 0.0
929 -0.000283138883002 0.0 0.0
930 -0.000283138883002 0.0 0.0
931 -0.000283138883002 0.0 0.0
932 -0.000283138883002 0.0 0.0
933 -0.000283138883002 0.0 0.0
934 -0.000283138883002 0.0 0.0
935 -0.000283138883002 0.0 0.0
936 -0.000283138883002 0.0 0.0
937 -0.000283138883002 0.0 0.0
938 -0.000283138883002 0.0 0.0
939 -0.000283138883002 0.0 0.0
940 -0.000283138883002 0.0 0.0
941 -0.000283138883002 0.0 0.0
942 -0.000283138883002 0.0 0.0
943 -0.000283138883002 0.0 0.0
944 -0.000283138883002 0.0 0.0
945 -0.000283138883002 0.0 0.0
946 -0.000283138883002 0.0 0.0
947 -0.000283138883002 0.0 0.0
948 -0.000283138883002 0.0 0.0
949 -0.000283138883002 0.0 0.0
950 -0.000283138883002 0.0 0.0
951 -0.000283138883002 0.0 0.0
952 -0.000283138883002 0.0 0.0
953 -0.000283138883002 0.0 0.0
954 -0.000283138883002 0.0 0.0
955 -0.000283138883002 0.0 0.0
956 -0.000283138883002 0.0 0.0
957 -0.000283138883002 0.0 0.0
958 -0.000283138883002 0.0 0.0
959 -0.000283138883002 0.0 0.0
960 -0.000283138883002 0.0 0.0
961 -0.000283138883002 0.0 0.0
962 -0.000283138883002 0.0 0.0
963 -0.000283138883002 0.0 0.0
964 -0.000283138883002 0.0 0.0
965 -0.000283138883002 0.0 0.0
966 -0.000283138883002 0.0 0.0
967 -0.000283138883002 0.0 0.0
968 -0.000283138883002 0.0 0.0
969 -0.000283138883002 0.0 0.0
970 -0.000283138883002 0.0 0.0
971 -0.000283138883002 0.0 0.0
972 -0.000283138883002 0.0 0.0
973 -0.000283138883002 0.0 0.0
974 -0.000283138883002 0.0 0.0
975 -0.000283138883002 0.0 0.0
976 -0.000283138883002 0.0 0.0
977 -0.000283138883002 0.0 0.0
978 -0.000283138883002 0.0 0.0
979 -0.000283138883002 0.0 0.0
980 -0.000283138883002 0.0 0.0
981 -0.000283138883002 0.0 0.0
982 -0.000283138883002 0.0 0.0
983 -0.000283138883002 0.0 0.0
984 -0.000283138883002 0.0 0.0
985 -0.000283138883002 0.0 0.0
986 -0.000283138883002 0.0 0.0
987 -0.000283138883002 0.0 0.0
988 -0.000283138883002 0.0 0.0
989 -0.000283138883002 0.0 0.0
990 -0.000283138883002 0.0 0.0
991 -0.000283138883002 0.0 0.0
992 -0.000283138883002 0.0 0.0
993 -0.000283138883002 0.0 0.0
994 -0.000283138883002 0.0 0.0
995 -0.000283138883002 0.0 0.0
996 -0.000283138883002 0.0 0.0
997 -0.000283138883002 0.0 0.0
998 -0.000283138883002 0.0 0.0
999 -0.000283138883002 0.0 0.0
1000 -0.000283138883002 0.0 0.0
1001 -0.000283138883002 0.0 0.0
1002 -0.000283138883002 0.0 0.0
1003 -0.000283138883002 0.0 0.0
1004 -0.000283138883002 0.0 0.0
1005 -0.000283138883002 0.0 0.0
1006 -0.000283138883002 0.0 0.0
1007 -0.000283138883002 0.0 0.0
1008 -0.000283138883002 0.0 0.0
1009 -0.000283138883002 0.0 0.0
1010 -0.000283138883002 0.0 0.0
1011 -0.000283138883002 0.0 0.0
1012 -0.000283138883002 0.0 0.0
1013 -0.000283138883002 0.0 0.0
1014 -0.000283138883002 0.0 0.0
1015 -0.000283138883002 0.0 0.0
1016 -0.000283138883002 0.0 0.0
1017 -0.000283138883002 0.0 0.0
1018 -0.000283138883002 0.0 0.0
1019 -0.000283138883002 0.0 0.0
1020 -0.000283138883002 0.0 0.0
1021 -0.000283138883002 0.0 0.0
1022 -0.000283138883002 0.0 0.0
1023 -0.000283138883002 0.0 0.0
1024 -0.000283138883002 0.0 0.0
1025 -0.000283138883002 0.0 0.0
1026 -0.000283138883002 0.0 0.0
1027 -0.000283138883002 0.0 0.0
1028 -0.000283138883002 0.0 0.0
1029 -0.000283138883002 0.0 0.0
1030 -0.000283138883002 0.0 0.0
1031 -0.000283138883002 0.0 0.0
1032 -0.000283138883002 0.0 0.0
1033 -0.000283138883002 0.0 0.0
1034 -0.000283138883002 0.0 0.0
1035 -0.000283138883002 0.0 0.0
1036 -0.000283138883002 0.0 0.0
1037 -0.000283138883002 0.0 0.0
1038 -0.000283138883002 0.0 0.0
1039 -0.000283138883002 0.0 0.0
1040 -0.000283138883002 0.0 0.0
1041 -0.000283138883002 0.0 0.0
1042 -0.000283138883002 0.0 0.0
1043 -0.000283138883002 0.0 0.0
1044 -0.000283138883002 0.0 0.0
1045 -0.000283138883002 0.0 0.0
1046 -0.000283138883002 0.0 0.0
1047 -0.000283138883002 0.0 0.0
1048 -0.000283138883002 0.0 0.0
1049 -0.000283138883002 0.0 0.0
1050 -0.000283138883002 0.0 0.0
1051 -0.000615902415708 0.0 0.0
1052 -0.000615902415708 0.0 0.0
1053 -0.000615902415708 0.0 0.0
1054 -0.000615902415708 0.0 0.0
1055 -0.000615902415708 0.0 0.0
1056 -0.000615902415708 0.0 0.0
1057 -0.000615902415708 0.0 0.0
1058 -0.000615902415708 0.0 0.0
1059 -0.000615902415708 0.0 0.0
1060 -0.000615902415708 0.0 0.0
1061 -0.000615902415708 0.0 0.0
1062 -0.000615902415708 0.0 0.0
1063 -0.000615902415708 0.0 0.0
1064 -0.000615902415708 0.0 0.0
1065 -0.000615902415708 0.0 0.0
1066 -0.000615902415708 0.0 0.0
1067 -0.000615902415708 0.0 0.0
1068 -0.000615902415708 0.0 0.0
1069 -0.000615902415708 0.0 0.0
1070 -0.000615902415708 0.0 0.0
1071 -0.000615902415708 0.0 0.0
1072 -0.000615902415708 0.0 0.0
1073 -0.000615902415708 0.0 0.0
1074 -0.000615902415708 0.0 0.0
1075 -0.000615902415708 0.0 0.0
1076 -0.000615902415708 0.0 0.0
1077 -0.000615902415708 0.0 0.0
1078 -0.000615902415708 0.0 0.0
1079 -0.000615902415708 0.0 0.0
1080 -0.000615902415708 0.0 0.0
1081 -0.000615902415708 0.0 0.0
1082 -0.000615902415708 0.0 0.0
1083 -0.000615902415708 0.0 0.0
1084 -0.000615902415708 0.0 0.0
1085 -0.000615902415708 0.0 0.0
1086 -0.000615902415708 0.0 0.0
1087 -0.000615902415708 0.0 0.0
1088 -0.000615902415708 0.0 0.0
1089 -0.000615902415708 0.0 0.0
1090 -0.000615902415708 0.0 0.0
1091 -0.000615902415708 0.0 0.0
1092 -0.000615902415708 0.0 0.0
1093 -0.000615902415708 0.0 0.0
1094 -0.000615902415708 0.0 0.0
1095 -0.000615902415708 0.0 0.0
1096 -0.000615902415708 0.0 0.0
1097 -0.000615902415708 0.0 0.0
1098 -0.000615902415708 0.0 0.0
1099 -0.000615902415708 0.0 0.0
1100 -0.000615902415708 0.0 0.0
1101 -0.000615902415708 0.0 0.0
1102 -0.000615902415708 0.0 0.0
1103 -0.000615902415708 0.0 0.0
1104 -0.000615902415708 0.0 0.0
1105 -0.000615902415708 0.0 0.0
1106 -0.000615902415708 0.0 0.0
1107 -0.000615902415708 0.0 0.0
1108 -0.000615902415708 0.0 0.0
1109 -0.000615902415708 0.0 0.0
1110 -0.000615902415708 0.0 0.0
1111 -0.000615902415708 0.0 0.0
1112 -0.000615902415708 0.0 0.0
1113 -0.000615902415708 0.0 0.0
1114 -0.000615902415708 0.0 0.0
1115 -0.000615902415708 0.0 0.0
1116 -0.000615902415708 0.0 0.0
1117 -0.000615902415708 0.0 0.0
1118 -0.000615902415708 0.0 0.0
1119 -0.000615902415708 0.0 0.0
1120 -0.000615902415708 0.0 0.0
1121 -0.000615902415708 0.0 0.0
1122 -0.000615902415708 0.0 0.0
1123 -0.000615902415708 0.0 0.0
1124 -0.000615902415708 0.0 0.0
1125 -0.000615902415708 0.0 0.0
1126 -0.000615902415708 0.0 0.0
1127 -0.000615902415708 0.0 0.0
1128 -0.000615902415708 0.0 0.0
1129 -0.000615902415708 0.0 0.0
1130 -0.000615902415708 0.0 0.0
1131 -0.000615902415708 0.0 0.0
1132 -0.000615902415708 0.0 0.0
1133 -0.000615902415708 0.0 0.0
1134 -0.000615902415708 0.0 0.0
1135 -0.000615902415708 0.0 0.0
1136 -0.000615902415708 0.0 0.0
1137 -0.000615902415708 0.0 0.0
1138 -0.000615902415708 0.0 0.0
1139 -0.000615902415708 0.0 0.0
1140 -0.000615902415708 0.0 0.0
1141 -0.000615902415708 0.0 0.0
1142 -0.000615902415708 0.0 0.0
1143 -0.000615902415708 0.0 0.0
1144 -0.000615902415708 0.0 0.0
1145 -0.000615902415708 0.0 0.0
1146 -0.000615902415708 0.0 0.0
1147 -0.000615902415708 0.0 0.0
1148 -0.000615902415708 0.0 0.0
1149 -0.000615902415708 0.0 0.0
1150 -0.000615902415708 0.0 0.0
1151 -0.00125781688061 0.0 0.0
1152 -0.00125781688061 0.0 0.0
1153 -0.00125781688061 0.0 0.0
1154 -0.00125781688061 0.0 0.0
1155 -0.00125781688061 0.0 0.0
1156 -0.00125781688061 0.0 0.0
1157 -0.00125781688061 0.0 0.0
1158 -0.00125781688061 0.0 0.0
1159 -0.00125781688061 0.0 0.0
1160 -0.00125781688061 0.0 0.0
1161 -0.00125781688061 0.0 0.0
1162 -0.00125781688061 0.0 0.0
1163 -0.00125781688061 0.0 0.0
1164 -0.00125781688061 0.0 0.0
1165 -0.00125781688061 0.0 0.0
1166 -0.00125781688061 0.0 0.0
1167 -0.00125781688061 0.0 0.0
1168 -0.00125781688061 0.0 0.0
1169 -0.00125781688061 0.0 0.0
1170 -0.00125781688061 0.0 0.0
1171 -0.00125781688061 0.0 0.0
1172 -0.00125781688061 0.0 0.0
1173 -0.00125781688061 0.0 0.0
1174 -0.00125781688061 0.0 0.0
1175 -0.00125781688061 0.0 0.0
1176 -0.00125781688061 0.0 0.0
1177 -0.00125781688061 0.0 0.0
1178 -0.00125781688061 0.0 0.0
1179 -0.00125781688061 0.0 0.0
1180 -0.00125781688061 0.0 0.0
1181 -0.00125781688061 0.0 0.0
1182 -0.00125781688061 0.0 0.0
1183 -0.00125781688061 0.0 0.0
1184 -0.00125781688061 0.0 0.0
1185 -0.00125781688061 0.0 0.0
1186 -0.00125781688061 0.0 0.0
1187 -0.00125781688061 0.0 0.0
1188 -0.00125781688061 0.0 0.0
1189 -0.00125781688061 0.0 0.0
1190 -0.00125781688061 0.0 0.0
1191 -0.00125781688061 0.0 0.0
1192 -0.00125781688061 0.0 0.0
1193 -0.00125781688061 0.0 0.0
1194 -0.00125781688061 0.0 0.0
1195 -0.00125781688061 0.0 0.0
1196 -0.00125781688061 0.0 0.0
1197 -0.00125781688061 0.0 0.0
1198 -0.00125781688061 0.0 0.0
1199 -0.00125781688061 0.0 0.0
1200 -0.00125781688061 0.0 0.0
1201 -0.00125781688061 0.0 0.0
1202 -0.00125781688061 0.0 0.0
1203 -0.00125781688061 0.0 0.0
1204 -0.00125781688061 0.0 0.0
1205 -0.00125781688061 0.0 0.0
1206 -0.00125781688061 0.0 0.0
1207 -0.00125781688061 0.0 0.0
1208 -0.00125781688061 0.0 0.0
1209 -0.00125781688061 0.0 0.0
1210 -0.00125781688061 0.0 0.0
1211 -0.00125781688061 0.0 0.0
1212 -0.00125781688061 0.0 0.0
1213 -0.00125781688061 0.0 0.0
1214 -0.00125781688061 0.0 0.0
1215 -0.00125781688061 0.0 0.0
1216 -0.00125781688061 0.0 0.0
1217 -0.00125781688061 0.0 0.0
1218 -0.00125781688061 0.0 0.0
1219 -0.00125781688061 0.0 0.0
1220 -0.00125781688061 0.0 0.0
1221 -0.00125781688061 0.0 0.0
1222 -0.00125781688061 0.0 0.0
1223 -0.00125781688061 0.0 0.0
1224 -0.00125781688061 0.0 0.0
1225 -0.00125781688061 0.0 0.0
1226 -0.00125781688061 0.0 0.0
1227 -0.00125781688061 0.0 0.0
1228 -0.00125781688061 0.0 0.0
1229 -0.00125781688061 0.0 0.0
1230 -0.00125781688061 0.0 0.0
1231 -0.00125781688061 0.0 0.0
1232 -0.00125781688061 0.0 0.0
1233 -0.00125781688061 0.0 0.0
1234 -0.00125781688061 0.0 0.0
1235 -0.00125781688061 0.0 0.0
1236 -0.00125781688061 0.0 0.0
1237 -0.00125781688061 0.0 0.0
1238 -0.00125781688061 0.0 0.0
1239 -0.00125781688061 0.0 0.0
1240 -0.00125781688061 0.0 0.0
1241 -0.00125781688061 0.0 0.0
1242 -0.00125781688061 0.0 0.0
1243 -0.00125781688061 0.0 0.0
1244 -0.00125781688061 0.0 0.0
1245 -0.00125781688061 0.0 0.0
1246 -0.00125781688061 0.0 0.0
1247 -0.00125781688061 0.0 0.0
1248 -0.00125781688061 0.0 0.0
1249 -0.00125781688061 0.0 0.0
1250 -0.00125781688061 0.0 0.0
1251 -0.00125781688061 0.0 0.0
1252 -0.00125781688061 0.0 0.0
1253 -0.00125781688061 0.0 0.0
1254 -0.00125781688061 0.0 0.0
1255 -0.00125781688061 0.0 0.0
1256 -0.00125781688061 0.0 0.0
1257 -0.00125781688061 0.0 0.0
1258 -0.00125781688061 0.0 0.0
1259 -0.00125781688061 0.0 0.0
1260 -0.00125781688061 0.0 0.0
1261 -0.00125781688061 0.0 0.0
1262 -0.00125781688061 0.0 0.0
1263 -0.00125781688061 0.0 0.0
1264 -0.00125781688061 0.0 0.0
1265 -0.00125781688061 0.0 0.0
1266 -0.00125781688061 0.0 0.0
1267 -0.00125781688061 0.0 0.0
1268 -0.00125781688061 0.0 0.0
1269 -0.00125781688061 0.0 0.0
1270 -0.00125781688061 0.0 0.0
1271 -0.00125781688061 0.0 0.0
1272 -0.00125781688061 0.0 0.0
1273 -0.00125781688061 0.0 0.0
1274 -0.00125781688061 0.0 0.0
1275 -0.00125781688061 0.0 0.0
1276 -0.00125781688061 0.0 0.0
1277 -0.00125781688061 0.0 0.0
1278 -0.00125781688061 0.0 0.0
1279 -0.00125781688061 0.0 0.0
1280 -0.00125781688061 0.0 0.0
1281 -0.00125781688061 0.0 0.0
1282 -0.00125781688061 0.0 0.0
1283 -0.00125781688061 0.0 0.0
1284 -0.00125781688061 0.0 0.0
1285 -0.00125781688061 0.0 0.0
1286 -0.00125781688061 0.0 0.0
1287 -0.00125781688061 0.0 0.0
1288 -0.00125781688061 0.0 0.0
1289 -0.00125781688061 0.0 0.0
1290 -0.00125781688061 0.0 0.0
1291 -0.00125781688061 0.0 0.0
1292 -0.00125781688061 0.0 0.0
1293 -0.00125781688061 0.0 0.0
1294 -0.00125781688061 0.0 0.0
1295 -0.00125781688061 0.0 0.0
1296 -0.00125781688061 0.0 0.0
1297 -0.00125781688061 0.0 0.0
1298 -0.00125781688061 0.0 0.0
1299 -0.00125781688061 0.0 0.0
1300 -0.00125781688061 0.0 0.0
1301 -0.00125781688061 0.0 0.0
1302 -0.00125781688061 0.0 0.0
1303 -0.00125781688061 0.0 0.0
1304 -0.00125781688061 0.0 0.0
1305 -0.00125781688061 0.0 0.0
1306 -0.00125781688061 0.0 0.0
1307 -0.00125781688061 0.0 0.0
1308 -0.00125781688061 0.0 0.0
1309 -0.00125781688061 0.0 0.0
1310 -0.00125781688061 0.0 0.0
1311 -0.00125781688061 0.0 0.0
1312 -0.00125781688061 0.0 0.0
1313 -0.00125781688061 0.0 0.0
1314 -0.00125781688061 0.0 0.0
1315 -0.00125781688061 0.0 0.0
1316 -0.00125781688061 0.0 0.0
1317 -0.00125781688061 0.0 0.0
1318 -0.00125781688061 0.0 0.0
1319 -0.00125781688061 0.0 0.0
1320 -0.00125781688061 0.0 0.0
1321 -0.00125781688061 0.0 0.0
1322 -0.00125781688061 0.0 0.0
1323 -0.00125781688061 0.0 0.0
1324 -0.00125781688061 0.0 0.0
1325 -0.00125781688061 0.0 0.0
1326 -0.00125781688061 0.0 0.0
1327 -0.00125781688061 0.0 0.0
1328 -0.00125781688061 0.0 0.0
1329 -0.00125781688061 0.0 0.0
1330 -0.00125781688061 0.0 0.0
1331 -0.00125781688061 0.0 0.0
1332 -0.00125781688061 0.0 0.0
1333 -0.00125781688061 0.0 0.0
1334 -0.00125781688061 0.0 0.0
1335 -0.00125781688061 0.0 0.0
1336 -0.00125781688061 0.0 0.0
1337 -0.00125781688061 0.0 0.0
1338 -0.00125781688061 0.0 0.0
1339 -0.00125781688061 0.0 0.0
1340 -0.00125781688061 0.0 0.0
1341 -0.00125781688061 0.0 0.0
1342 -0.00125781688061 0.0 0.0
1343 -0.00125781688061 0.0 0.0
1344 -0.00125781688061 0.0 0.0
1345 -0.00125781688061 0.0 0.0
1346 -0.00125781688061 0.0 0.0
1347 -0.00125781688061 0.0 0.0
1348 -0.00125781688061 0.0 0.0
1349 -0.00125781688061 0.0 0.0
1350 -0.00125781688061 0.0 0.0
1351 -0.00125781688061 0.0 0.0
1352 -0.00125781688061 0.0 0.0
1353 -0.00125781688061 0.0 0.0
1354 -0.00125781688061 0.0 0.0
1355 -0.00125781688061 0.0 0.0
1356 -0.00125781688061 0.0 0.0
1357 -0.00125781688061 0.0 0.0
1358 -0.00125781688061 0.0 0.0
1359 -0.00125781688061 0.0 0.0
1360 -0.00125781688061 0.0 0.0
1361 -0.00125781688061 0.0 0.0
1362 -0.00125781688061 0.0 0.0
1363 -0.00125781688061 0.0 0.0
1364 -0.00125781688061 0.0 0.0
1365 -0.00125781688061 0.0 0.0
1366 -0.00125781688061 0.0 0.0
1367 -0.00125781688061 0.0 0.0
1368 -0.00125781688061 0.0 0.0
1369 -0.00125781688061 0.0 0.0
1370 -0.00125781688061 0.0 0.0
1371 -0.00125781688061 0.0 0.0
1372 -0.00125781688061 0.0 0.0
1373 -0.00125781688061 0.0 0.0
1374 -0.00125781688061 0.0 0.0
1375 -0.00125781688061 0.0 0.0
1376 -0.00125781688061 0.0 0.0
1377 -0.00125781688061 0.0 0.0
1378 -0.00125781688061 0.0 0.0
1379 -0.00125781688061 0.0 0.0
1380 -0.00125781688061 0.0 0.0
1381 -0.00125781688061 0.0 0.0
1382 -0.00125781688061 0.0 0.0
1383 -0.00125781688061 0.0 0.0
1384 -0.00125781688061 0.0 0.0
1385 -0.00125781688061 0.0 0.0
1386 -0.00125781688061 0.0 0.0
1387 -0.00125781688061 0.0 0.0
1388 -0.00125781688061 0.0 0.0
1389 -0.00125781688061 0.0 0.0
1390 -0.00125781688061 0.0 0.0
1391 -0.00125781688061 0.0 0.0
1392 -0.00125781688061 0.0 0.0
1393 -0.00125781688061 0.0 0.0
1394 -0.00125781688061 0.0 0.0
1395 -0.00125781688061 0.0 0.0
1396 -0.00125781688061 0.0 0.0
1397 -0.00125781688061 0.0 0.0
1398 -0.00125781688061 0.0 0.0
1399 -0.00125781688061 0.0 0.0
1400 -0.00125781688061 0.0 0.0
1401 -0.00125781688061 0.0 0.0
1402 -0.00125781688061 0.0 0.0
1403 -0.00125781688061 0.0 0.0
1404 -0.00125781688061 0.0 0.0
1405 -0.00125781688061 0.0 0.0
1406 -0.00125781688061 0.0 0.0
1407 -0.00125781688061 0.0 0.0
1408 -0.00125781688061 0.0 0.0
1409 -0.00125781688061 0.0 0.0
1410 -0.00125781688061 0.0 0.0
1411 -0.00125781688061 0.0 0.0
1412 -0.00125781688061 0.0 0.0
1413 -0.00125781688061 0.0 0.0
1414 -0.00125781688061 0.0 0.0
1415 -0.00125781688061 0.0 0.0
1416 -0.00125781688061 0.0 0.0
1417 -0.00125781688061 0.0 0.0
1418 -0.00125781688061 0.0 0.0
1419 -0.00125781688061 0.0 0.0
1420 -0.00125781688061 0.0 0.0
1421 -0.00125781688061 0.0 0.0
1422 -0.00125781688061 0.0 0.0
1423 -0.00125781688061 0.0 0.0
1424 -0.00125781688061 0.0 0.0
1425 -0.00125781688061 0.0 0.0
1426 -0.00125781688061 0.0 0.0
1427 -0.00125781688061 0.0 0.0
1428 -0.00125781688061 0.0 0.0
1429 -0.00125781688061 0.0 0.0
1430 -0.00125781688061 0.0 0.0
1431 -0.00125781688061 0.0 0.0
1432 -0.00125781688061 0.0 0.0
1433 -0.00125781688061 0.0 0.0
1434 -0.00125781688061 0.0 0.0
1435 -0.00125781688061 0.0 0.0
1436 -0.00125781688061 0.0 0.0
1437 -0.00125781688061 0.0 0.0
1438 -0.00125781688061 0.0 0.0
1439 -0.00125781688061 0.0 0.0
1440 -0.00125781688061 0.0 0.0
1441 -0.00125781688061 0.0 0.0
1442 -0.00125781688061 0.0 0.0
1443 -0.00125781688061 0.0 0.0
1444 -0.00125781688061 0.0 0.0
1445 -0.00125781688061 0.0 0.0
1446 -0.00125781688061 0.0 0.0
1447 -0.00125781688061 0.0 0.0
1448 -0.00125781688061 0.0 0.0
1449 -0.00125781688061 0.0 0.0
1450 -0.00125781688061 0.0 0.0
1451 -0.000340222692258 0.0 0.0
1452 -0.000340222692258 0.0 0.0
1453 -0.000340222692258 0.0 0.0
1454 -0.000340222692258 0.0 0.0
1455 -0.000340222692258 0.0 0.0
1456 -0.000340222692258 0.0 0.0
1457 -0.000340222692258 0.0 0.0
1458 -0.000340222692258 0.0 0.0
1459 -0.000340222692258 0.0 0.0
1460 -0.000340222692258 0.0 0.0
1461 -0.000340222692258 0.0 0.0
1462 -0.000340222692258 0.0 0.0
1463 -0.000340222692258 0.0 0.0
1464 -0.000340222692258 0.0 0.0
1465 -0.000340222692258 0.0 0.0
1466 -0.000340222692258 0.0 0.0
1467 -0.000340222692258 0.0 0.0
1468 -0.000340222692258 0.0 0.0
1469 -0.000340222692258 0.0 0.0
1470 -0.000340222692258 0.0 0.0
1471 -0.000340222692258 0.0 0.0
1472 -0.000340222692258 0.0 0.0
1473 -0.000340222692258 0.0 0.0
1474 -0.000340222692258 0.0 0.0
1475 -0.000340222692258 0.0 0.0
1476 -0.000340222692258 0.0 0.0
1477 -0.000340222692258 0.0 0.0
1478 -0.000340222692258 0.0 0.0
1479 -0.000340222692258 0.0 0.0
1480 -0.000340222692258 0.0 0.0
1481 -0.000340222692258 0.0 0.0
1482 -0.000340222692258 0.0 0.0
1483 -0.000340222692258 0.0 0.0
1484 -0.000340222692258 0.0 0.0
1485 -0.000340222692258 0.0 0.0
1486 -0.000340222692258 0.0 0.0
1487 -0.000340222692258 0.0 0.0
1488 -0.000340222692258 0.0 0.0
1489 -0.000340222692258 0.0 0.0
1490 -0.000340222692258 0.0 0.0
1491 -0.000340222692258 0.0 0.0
1492 -0.000340222692258 0.0 0.0
1493 -0.000340222692258 0.0 0.0
1494 -0.000340222692258 0.0 0.0
1495 -0.000340222692258 0.0 0.0
1496 -0.000340222692258 0.0 0.0
1497 -0.000340222692258 0.0 0.0
1498 -0.000340222692258 0.0 0.0
1499 -0.000340222692258 0.0 0.0
1500 -0.000340222692258 0.0 0.0
1501 -0.000340222692258 0.0 0.0
1502 -0.000340222692258 0.0 0.0
1503 -0.000340222692258 0.0 0.0
1504 -0.000340222692258 0.0 0.0
1505 -0.000340222692258 0.0 0.0
1506 -0.000340222692258 0.0 0.0
1507 -0.000340222692258 0.0 0.0
1508 -0.000340222692258 0.0 0.0
1509 -0.000340222692258 0.0 0.0
1510 -0.000340222692258 0.0 0.0
1511 -0.000340222692258 0.0 0.0
1512 -0.000340222692258 0.0 0.0
1513 -0.000340222692258 0.0 0.0
1514 -0.000340222692258 0.0 0.0
1515 -0.000340222692258 0.0 0.0
1516 -0.000340222692258 0.0 0.0
1517 -0.000340222692258 0.0 0.0
1518 -0.000340222692258 0.0 0.0
1519 -0.000340222692258 0.0 0.0
1520 -0.000340222692258 0.0 0.0
1521 -0.000340222692258 0.0 0.0
1522 -0.000340222692258 0.0 0.0
1523 -0.000340222692258 0.0 0.0
1524 -0.000340222692258 0.0 0.0
1525 -0.000340222692258 0.0 0.0
1526 -0.000340222692258 0.0 0.0
1527 -0.000340222692258 0.0 0.0
1528 -0.000340222692258 0.0 0.0
1529 -0.000340222692258 0.0 0.0
1530 -0.000340222692258 0.0 0.0
1531 -0.000340222692258 0.0 0.0
1532 -0.000340222692258 0.0 0.0
1533 -0.000340222692258 0.0 0.0
1534 -0.000340222692258 0.0 0.0
1535 -0.000340222692258 0.0 0.0
1536 -0.000340222692258 0.0 0.0
1537 -0.000340222692258 0.0 0.0
1538 -0.000340222692258 0.0 0.0
1539 -0.000340222692258 0.0 0.0
1540 -0.000340222692258 0.0 0.0
1541 -0.000340222692258 0.0 0.0
1542 -0.000340222692258 0.0 0.0
1543 -0.000340222692258 0.0 0.0
1544 -0.000340222692258 0.0 0.0
1545 -0.000340222692258 0.0 0.0
1546 -0.000340222692258 0.0 0.0
1547 -0.000340222692258 0.0 0.0
1548 -0.000340222692258 0.0 0.0
1549 -0.000340222692258 0.0 0.0
1550 -0.000340222692258 0.0 0.0
1551 0.00502512562814 0.0 0.0
1552 0.00502512562814 0.0 0.0
1553 0.00502512562814 0.0 0.0
1554 0.00502512562814 0.0 0.0
1555 0.00502512562814 0.0 0.0
1556 0.00502512562814 0.0 0.0
1557 0.00502512562814 0.0 0.0
1558 0.00502512562814 0.0 0.0
1559 0.00502512562814 0.0 0.0
1560 0.00502512562814 0.0 0.0
1561 0.00502512562814 0.0 0.0
1562 0.00502512562814 0.0 0.0
1563 0.00502512562814 0.0 0.0
1564 0.00502512562814 0.0 0.0
1565 0.00502512562814 0.0 0.0
1566 0.00502512562814 0.0 0.0
1567 0.00502512562814 0.0 0.0
1568 0.00502512562814 0.0 0.0
1569 0.00502512562814 0.0 0.0
1570 0.00502512562814 0.0 0.0
1571 0.00502512562814 0.0 0.0
1572 0.00502512562814 0.0 0.0
1573 0.00502512562814 0.0 0.0
1574 0.00502512562814 0.0 0.0
1575 0.00502512562814 0.0 0.0
1576 0.00502512562814 0.0 0.0
1577 0.00502512562814 0.0 0.0
1578 0.00502512562814 0.0 0.0
1579 0.00502512562814 0.0 0.0
1580 0.00502512562814 0.0 0.0
1581 0.00502512562814 0.0 0.0
1582 0.00502512562814 0.0 0.0
1583 0.00502512562814 0.0 0.0
1584 0.00502512562814 0.0 0.0
1585 0.00502512562814 0.0 0.0
1586 0.00502512562814 0.0 0.0
1587 0.00502512562814 0.0 0.0
1588 0.00502512562814 0.0 0.0
1589 0.00502512562814 0.0 0.0
1590 0.00502512562814 0.0 0.0
1591 0.00502512562814 0.0 0.0
1592 0.00502512562814 0.0 0.0
1593 0.00502512562814 0.0 0.0
1594 0.00502512562814 0.0 0.0
1595 0.00502512562814 0.0 0.0
1596 0.00502512562814 0.0 0.0
1597 0.00502512562814 0.0 0.0
1598 0.00502512562814 0.0 0.0
1599 0.00502512562814 0.0 0.0
1600 0.00502512562814 0.0 0.0
1601 0.00502512562814 0.0 0.0
1602 0.00502512562814 0.0 0.0
1603 0.00502512562814 0.0 0.0
1604 0.00502512562814 0.0 0.0
1605 0.00502512562814 0.0 0.0
1606 0.00502512562814 0.0 0.0
1607 0.00502512562814 0.0 0.0
1608 0.00502512562814 0.0 0.0
1609 0.00502512562814 0.0 0.0
1610 0.00502512562814 0.0 0.0
1611 0.00502512562814 0.0 0.0
1612 0.00502512562814 0.0 0.0
1613 0.00502512562814 0.0 0.0
1614 0.00502512562814 0.0 0.0
1615 0.00502512562814 0.0 0.0
1616 0.00502512562814 0.0 0.0
1617 0.00502512562814 0.0 0.0
1618 0.00502512562814 0.0 0.0
1619 0.00502512562814 0.0 0.0
1620 0.00502512562814 0.0 0.0
1621 0.00502512562814 0.0 0.0
1622 0.00502512562814 0.0 0.0
1623 0.00502512562814 0.0 0.0
1624 0.00502512562814 0.0 0.0
1625 0.00502512562814 0.0 0.0
1626 0.00502512562814 0.0 0.0
1627 0.00502512562814 0.0 0.0
1628 0.00502512562814 0.0 0.0
1629 0.00502512562814 0.0 0.0
1630 0.00502512562814 0.0 0.0
1631 0.00502512562814 0.0 0.0
1632 0.00502512562814 0.0 0.0
1633 0.00502512562814 0.0 0.0
1634 0.00502512562814 0.0 0.0
1635 0.00502512562814 0.0 0.0
1636 0.00502512562814 0.0 0.0
1637 0.00502512562814 0.0 0.0
1638 0.00502512562814 0.0 0.0
1639 0.00502512562814 0.0 0.0
1640 0.00502512562814 0.0 0.0
1641 0.00502512562814 0.0 0.0
1642 0.00502512562814 0.0 0.0
1643 0.00502512562814 0.0 0.0
1644 0.00502512562814 0.0 0.0
1645 0.00502512562814 0.0 0.0
1646 0.00502512562814 0.0 0.0
1647 0.00502512562814 0.0 0.0
1648 0.00502512562814 0.0 0.0
1649 0.00502512562814 0.0 0.0
1650 0.00502512562814 0.0 0.0
1651 0.00502512562814 0.0 0.0
1652 0.00502512562814 0.0 0.0
1653 0.00502512562814 0.0 0.0
1654 0.00502512562814 0.0 0.0
1655 0.00502512562814 0.0 0.0
1656 0.00502512562814 0.0 0.0
1657 0.00502512562814 0.0 0.0
1658 0.00502512562814 0.0 0.0
1659 0.00502512562814 0.0 0.0
1660 0.00502512562814 0.0 0.0
1661 0.00502512562814 0.0 0.0
1662 0.00502512562814 0.0 0.0
1663 0.00502512562814 0.0 0.0
1664 0.00502512562814 0.0 0.0
1665 0.00502512562814 0.0 0.0
1666 0.00502512562814 0.0 0.0
1667 0.00502512562814 0.0 0.0
1668 0.00502512562814 0.0 0.0
1669 0.00502512562814 0.0 0.0
1670 0.00502512562814 0.0 0.0
1671 0.00502512562814 0.0 0.0
1672 0.00502512562814 0.0 0.0
1673 0.00502512562814 0.0 0.0
1674 0.00502512562814 0.0 0.0
1675 0.00502512562814 0.0 0.0
1676 0.00502512562814 0.0 0.0
1677 0.00502512562814 0.0 0.0
1678 0.00502512562814 0.0 0.0
1679 0.00502512562814 0.0 0.0
1680 0.00502512562814 0.0 0.0
1681 0.00502512562814 0.0 0.0
1682 0.00502512562814 0.0 0.0
1683 0.00502512562814 0.0 0.0
1684 0.00502512562814 0.0 0.0
1685 0.00502512562814 0.0 0.0
1686 0.00502512562814 0.0 0.0
1687 0.00502512562814 0.0 0.0
1688 0.00502512562814 0.0 0.0
1689 0.00502512562814 0.0 0.0
1690 0.00502512562814 0.0 0.0
1691 0.00502512562814 0.0 0.0
1692 0.00502512562814 0.0 0.0
1693 0.00502512562814 0.0 0.0
1694 0.00502512562814 0.0 0.0
1695 0.00502512562814 0.0 0.0
1696 0.00502512562814 0.0 0.0
1697 0.00502512562814 0.0 0.0
1698 0.00502512562814 0.0 0.0
1699 0.00502512562814 0.0 0.0
1700 0.00502512562814 0.0 0.0
1701 0.00502512562814 0.0 0.0
1702 0.00502512562814 0.0 0.0
1703 0.00502512562814 0.0 0.0
1704 0.00502512562814 0.0 0.0
1705 0.00502512562814 0.0 0.0
1706 0.00502512562814 0.0 0.0
1707 0.00502512562814 0.0 0.0
1708 0.00502512562814 0.0 0.0
1709 0.00502512562814 0.0 0.0
1710 0.00502512562814 0.0 0.0
1711 0.00502512562814 0.0 0.0
1712 0.00502512562814 0.0 0.0
1713 0.00502512562814 0.0 0.0
1714 0.00502512562814 0.0 0.0
1715 0.00502512562814 0.0 0.0
1716 0.00502512562814 0.0 0.0
1717 0.00502512562814 0.0 0.0
1718 0.00502512562814 0.0 0.0
1719 0.00502512562814 0.0 0.0
1720 0.00502512562814 0.0 0.0
1721 0.00502512562814 0.0 0.0
1722 0.00502512562814 0.0 0.0
1723 0.00502512562814 0.0 0.0
1724 0.00502512562814 0.0 0.0
1725 0.00502512562814 0.0 0.0
1726 0.00502512562814 0.0 0.0
1727 0.00502512562814 0.0 0.0
1728 0.00502512562814 0.0 0.0
1729 0.00502512562814 0.0 0.0
1730 0.00502512562814 0.0 0.0
1731 0.00502512562814 0.0 0.0
1732 0.00502512562814 0.0 0.0
1733 0.00502512562814 0.0 0.0
1734 0.00502512562814 0.0 0.0
1735 0.00502512562814 0.0 0.0
1736 0.00502512562814 0.0 0.0
1737 0.00502512562814 0.0 0.0
1738 0.00502512562814 0.0 0.0
1739 0.00502512562814 0.0 0.0
1740 0.00502512562814 0.0 0.0
1741 0.00502512562814 0.0 0.0
1742 0.00502512562814 0.0 0.0
1743 0.00502512562814 0.0 0.0
1744 0.00502512562814 0.0 0.0
1745 0.00502512562814 0.0 0.0
1746 0.00502512562814 0.0 0.0
1747 0.00502512562814 0.0 0.0
1748 0.00502512562814 0.0 0.0
1749 0.00502512562814 0.0 0.0
1750 0.00502512562814 0.0 0.0
